4
1
0
1
4
5
1
54
0
54
1
55
54
4
0
4
54
59
6
2
1
5
6
1
56
55
1
2
56
1
6
3
2
3
6
7
3
56
2
56
3
57
60
57
3
7
60
3
9
5
4
5
9
10
59
9
4
9
59
62
11
6
5
10
11
5
11
7
6
7
11
12
13
8
7
12
13
7
61
60
7
8
61
7
13
61
8
61
13
63
15
10
9
14
15
9
64
14
9
62
64
9
15
11
10
11
15
16
17
12
11
16
17
11
17
13
12
13
17
18
65
63
13
18
65
13
19
15
14
15
19
20
64
19
14
19
64
66
21
16
15
20
21
15
21
17
16
17
21
22
23
18
17
22
23
17
23
65
18
65
23
70
67
20
19
66
67
19
67
21
20
21
67
68
69
22
21
68
69
21
69
23
22
23
69
70
28
25
24
25
28
29
25
78
24
78
25
79
78
28
24
28
78
83
30
26
25
29
30
25
80
79
25
26
80
25
30
27
26
27
30
31
27
80
26
80
27
81
85
81
27
31
85
27
33
29
28
29
33
34
83
33
28
33
83
87
35
30
29
34
35
29
35
31
30
31
35
36
37
32
31
36
37
31
86
85
31
32
86
31
37
86
32
86
37
89
39
34
33
38
39
33
90
38
33
87
90
33
39
35
34
35
39
40
41
36
35
40
41
35
41
37
36
37
41
42
92
89
37
42
92
37
44
39
38
39
44
45
90
44
38
44
90
94
46
40
39
45
46
39
46
41
40
41
46
47
48
42
41
47
48
41
48
43
42
43
48
49
43
92
42
92
43
93
98
93
43
49
98
43
94
45
44
45
94
95
96
46
45
95
96
45
96
47
46
47
96
97
54
48
47
53
54
47
102
53
47
97
102
47
54
49
48
49
54
55
56
50
49
55
56
49
99
98
49
50
99
49
56
51
50
51
56
57
51
99
50
99
51
100
58
52
51
57
58
51
101
100
51
52
101
51
58
101
52
101
58
104
103
54
53
102
103
53
103
59
54
59
103
107
61
58
57
60
61
57
61
104
58
104
61
108
111
62
59
107
111
59
112
108
61
63
112
61
111
64
62
64
111
115
116
112
63
65
116
63
115
66
64
66
115
118
120
116
65
70
120
65
118
67
66
67
118
119
72
68
67
71
72
67
123
71
67
119
123
67
72
69
68
69
72
73
74
70
69
73
74
69
74
120
70
120
74
125
124
72
71
123
124
71
75
73
72
73
75
76
124
75
72
75
124
129
77
74
73
76
77
73
77
125
74
125
77
131
130
76
75
129
130
75
130
77
76
77
130
131
79
133
78
133
79
134
133
83
78
83
133
138
135
134
79
80
135
79
81
135
80
135
81
136
86
82
81
85
86
81
137
136
81
82
137
81
86
137
82
137
86
140
88
87
83
84
88
83
139
84
83
138
139
83
139
88
84
88
139
141
89
140
86
140
89
142
91
90
87
88
91
87
141
91
88
91
141
143
144
142
89
92
144
89
91
94
90
94
91
95
146
95
91
143
146
91
93
144
92
144
93
145
150
145
93
98
150
93
147
96
95
146
147
95
147
97
96
97
147
148
156
102
97
148
156
97
99
150
98
150
99
151
152
151
99
100
152
99
101
152
100
152
101
153
157
153
101
104
157
101
106
103
102
103
106
107
156
106
102
106
156
160
108
105
104
105
108
109
105
157
104
157
105
158
162
158
105
109
162
105
110
107
106
107
110
111
160
110
106
110
160
163
112
109
108
109
112
113
166
162
109
113
166
109
114
111
110
111
114
115
163
114
110
114
163
167
116
113
112
113
116
117
170
166
113
117
170
113
167
115
114
115
167
168
171
118
115
168
171
115
120
117
116
117
120
121
173
170
117
121
173
117
122
119
118
119
122
123
171
122
118
122
171
174
125
121
120
121
125
126
176
173
121
126
176
121
127
123
122
123
127
128
174
127
122
127
174
177
129
124
123
128
129
123
132
126
125
131
132
125
132
176
126
176
132
182
178
128
127
177
178
127
178
129
128
129
178
179
180
130
129
179
180
129
180
131
130
131
180
181
182
132
131
181
182
131
139
138
133
134
139
133
135
183
134
183
135
184
183
139
134
139
183
187
185
184
135
136
185
135
137
185
136
185
137
186
188
186
137
140
188
137
189
141
139
187
189
139
142
188
140
188
142
190
191
143
141
189
191
141
144
190
142
190
144
192
193
146
143
191
193
143
145
149
144
149
145
150
149
192
144
192
149
194
154
147
146
147
154
155
193
154
146
154
193
200
156
148
147
155
156
147
195
194
149
150
195
149
151
195
150
195
151
196
197
196
151
152
197
151
153
197
152
197
153
198
202
198
153
157
202
153
200
155
154
155
200
201
160
156
155
159
160
155
205
159
155
201
205
155
162
161
157
158
162
157
207
202
157
161
207
157
206
160
159
205
206
159
206
163
160
163
206
211
166
165
161
162
166
161
213
207
161
165
213
161
168
167
163
164
168
163
212
164
163
211
212
163
212
168
164
168
212
214
170
169
165
166
170
165
215
213
165
169
215
165
214
171
168
171
214
216
173
172
169
170
173
169
217
215
169
172
217
169
218
174
171
216
218
171
173
175
172
175
173
176
175
217
172
217
175
219
218
177
174
177
218
220
182
181
175
176
182
175
224
219
175
181
224
175
221
178
177
220
221
177
221
179
178
179
221
222
223
180
179
222
223
179
223
181
180
181
223
224
226
225
183
184
226
183
229
187
183
225
229
183
185
226
184
226
185
227
228
227
185
186
228
185
188
228
186
228
188
230
231
189
187
229
231
187
190
230
188
230
190
232
233
191
189
231
233
189
192
232
190
232
192
234
239
193
191
233
239
191
194
234
192
234
194
240
246
200
193
239
246
193
195
240
194
240
195
241
242
241
195
196
242
195
197
242
196
242
197
243
244
243
197
198
244
197
202
199
198
199
202
203
199
244
198
244
199
245
247
245
199
203
247
199
204
201
200
201
204
205
246
204
200
204
246
248
207
203
202
203
207
208
251
247
203
208
251
203
209
205
204
205
209
210
248
209
204
209
248
252
211
206
205
210
211
205
251
208
207
250
251
207
256
250
207
213
256
207
253
210
209
252
253
209
253
211
210
211
253
254
255
212
211
254
255
211
255
214
212
214
255
259
260
256
213
215
260
213
259
216
214
216
259
262
263
260
215
217
263
215
262
218
216
218
262
265
266
263
217
219
266
217
265
220
218
220
265
268
272
266
219
224
272
219
268
221
220
221
268
269
270
222
221
269
270
221
270
223
222
223
270
271
272
224
223
271
272
223
275
274
225
226
275
225
278
229
225
274
278
225
227
275
226
275
227
276
277
276
227
228
277
227
230
277
228
277
230
279
280
231
229
278
280
229
232
279
230
279
232
281
282
233
231
280
282
231
234
281
232
281
234
283
288
239
233
282
288
233
240
235
234
235
240
241
235
283
234
283
235
284
242
236
235
241
242
235
285
284
235
236
285
235
242
237
236
237
242
243
237
285
236
285
237
286
244
238
237
243
244
237
287
286
237
238
287
237
244
287
238
287
244
289
291
246
239
288
291
239
245
289
244
289
245
290
292
290
245
247
292
245
291
248
246
248
291
293
295
292
247
251
295
247
249
252
248
252
249
253
293
249
248
249
293
294
296
253
249
294
296
249
256
251
250
251
256
257
299
295
251
257
299
251
297
254
253
296
297
253
258
255
254
255
258
259
297
258
254
258
297
300
260
257
256
257
260
261
302
299
257
261
302
257
300
259
258
259
300
301
303
262
259
301
303
259
263
261
260
261
263
264
304
302
261
264
304
261
303
265
262
265
303
305
267
264
263
266
267
263
267
304
264
304
267
306
307
268
265
305
307
265
272
267
266
267
272
273
312
306
267
273
312
267
307
269
268
269
307
308
309
270
269
308
309
269
309
271
270
271
309
310
311
272
271
310
311
271
311
273
272
273
311
312
275
317
274
317
275
318
317
278
274
278
317
321
319
318
275
276
319
275
277
319
276
319
277
320
322
320
277
279
322
277
321
280
278
280
321
323
324
322
279
281
324
279
323
282
280
282
323
325
326
324
281
283
326
281
325
288
282
288
325
331
327
326
283
284
327
283
285
327
284
327
285
328
329
328
285
286
329
285
287
329
286
329
287
330
332
330
287
289
332
287
331
291
288
291
331
334
333
332
289
290
333
289
292
333
290
333
292
336
338
293
291
334
338
291
295
336
292
336
295
340
339
294
293
338
339
293
339
296
294
296
339
342
345
340
295
299
345
295
342
297
296
297
342
343
301
300
297
298
301
297
344
298
297
343
344
297
344
301
298
301
344
347
348
345
299
302
348
299
350
303
301
347
350
301
304
348
302
348
304
351
353
305
303
350
353
303
306
351
304
351
306
354
356
307
305
353
356
305
312
354
306
354
312
361
357
308
307
356
357
307
357
309
308
309
357
358
314
310
309
313
314
309
363
313
309
358
363
309
314
311
310
311
314
315
316
312
311
315
316
311
316
361
312
361
316
366
364
314
313
363
364
313
364
315
314
315
364
365
366
316
315
365
366
315
370
369
317
318
370
317
374
321
317
369
374
317
319
370
318
370
319
371
372
371
319
320
372
319
322
372
320
372
322
375
377
323
321
374
377
321
324
375
322
375
324
378
380
325
323
377
380
323
326
378
324
378
326
381
386
331
325
380
386
325
327
381
326
381
327
382
383
382
327
328
383
327
329
383
328
383
329
384
385
384
329
330
385
329
332
385
330
385
332
387
388
334
331
386
388
331
333
335
332
335
333
336
335
387
332
387
335
389
388
338
334
338
388
392
390
389
335
336
390
335
340
337
336
337
340
341
337
390
336
390
337
391
394
391
337
341
394
337
392
339
338
339
392
393
395
342
339
393
395
339
345
341
340
341
345
346
398
394
341
346
398
341
395
343
342
343
395
396
397
344
343
396
397
343
397
347
344
347
397
400
349
346
345
348
349
345
349
398
346
398
349
401
402
350
347
400
402
347
351
349
348
349
351
352
404
401
349
352
404
349
402
353
350
353
402
405
355
352
351
354
355
351
355
404
352
404
355
411
412
356
353
405
412
353
361
355
354
355
361
362
418
411
355
362
418
355
412
357
356
357
412
413
414
358
357
413
414
357
359
363
358
363
359
364
414
359
358
359
414
415
365
364
359
360
365
359
416
360
359
415
416
359
361
365
360
365
361
366
416
361
360
361
416
417
418
362
361
417
418
361
370
368
367
369
370
367
420
419
367
368
420
367
421
369
367
419
421
367
370
420
368
420
370
422
426
374
369
421
426
369
371
422
370
422
371
423
424
423
371
372
424
371
375
373
372
373
375
376
373
424
372
424
373
425
427
425
373
376
427
373
426
377
374
377
426
428
379
376
375
378
379
375
379
427
376
427
379
429
430
380
377
428
430
377
381
379
378
379
381
382
432
429
379
382
432
379
430
386
380
386
430
436
383
432
382
432
383
433
434
433
383
384
434
383
385
434
384
434
385
435
438
435
385
387
438
385
436
388
386
388
436
440
442
438
387
389
442
387
440
392
388
392
440
445
443
442
389
390
443
389
391
443
390
443
391
444
447
444
391
394
447
391
445
393
392
393
445
446
448
395
393
446
448
393
398
447
394
447
398
451
449
396
395
448
449
395
399
397
396
397
399
400
449
399
396
399
449
452
401
451
398
451
401
454
453
400
399
452
453
399
453
402
400
402
453
455
461
454
401
404
461
401
455
405
402
405
455
462
411
410
403
404
411
403
461
404
403
460
461
403
467
460
403
410
467
403
413
412
405
406
413
405
463
406
405
462
463
405
407
413
406
413
407
414
463
407
406
407
463
464
415
414
407
408
415
407
465
408
407
464
465
407
409
415
408
415
409
416
465
409
408
409
465
466
417
416
409
410
417
409
467
410
409
466
467
409
411
417
410
417
411
418
469
468
419
420
469
419
470
421
419
468
470
419
422
469
420
469
422
471
476
426
421
470
476
421
423
471
422
471
423
472
473
472
423
424
473
423
425
473
424
473
425
474
477
474
425
427
477
425
476
428
426
428
476
479
481
477
427
429
481
427
479
430
428
430
479
483
485
481
429
432
485
429
431
436
430
436
431
437
483
431
430
431
483
484
490
437
431
484
490
431
433
485
432
485
433
486
487
486
433
434
487
433
435
487
434
487
435
488
492
488
435
438
492
435
437
440
436
440
437
441
494
441
437
490
494
437
442
439
438
439
442
443
439
492
438
492
439
493
496
493
439
443
496
439
441
445
440
445
441
446
499
446
441
494
499
441
497
496
443
444
497
443
447
497
444
497
447
501
499
448
446
448
499
503
511
501
447
451
511
447
503
449
448
449
503
504
453
452
449
450
453
449
505
450
449
504
505
449
505
453
450
453
505
513
519
511
451
454
519
451
520
455
453
513
520
453
461
519
454
519
461
526
463
462
455
456
463
455
521
456
455
520
521
455
457
463
456
463
457
464
521
457
456
457
521
522
465
464
457
458
465
457
523
458
457
522
523
457
459
465
458
465
459
466
523
459
458
459
523
524
467
466
459
460
467
459
525
460
459
524
525
459
525
461
460
461
525
526
469
527
468
527
469
528
527
470
468
470
527
532
533
528
469
471
533
469
532
476
470
476
532
539
534
533
471
472
534
471
473
534
472
534
473
535
536
535
473
474
536
473
477
475
474
475
477
478
475
536
474
536
475
537
540
537
475
478
540
475
539
479
476
479
539
543
482
478
477
481
482
477
482
540
478
540
482
545
484
483
479
480
484
479
544
480
479
543
544
479
544
484
480
484
544
548
486
482
481
485
486
481
486
545
482
545
486
549
548
490
484
490
548
555
487
549
486
549
487
550
551
550
487
488
551
487
492
489
488
489
492
493
489
551
488
551
489
552
558
552
489
493
558
489
491
494
490
494
491
495
555
491
490
491
555
556
561
495
491
556
561
491
563
558
493
496
563
493
495
499
494
499
495
500
566
500
495
561
566
495
497
563
496
563
497
564
502
498
497
501
502
497
565
564
497
498
565
497
502
565
498
565
502
568
504
503
499
500
504
499
566
504
500
504
566
569
512
502
501
511
512
501
512
568
502
568
512
577
569
505
504
505
569
570
514
513
505
506
514
505
571
506
505
570
571
505
507
514
506
514
507
515
571
507
506
507
571
572
516
515
507
508
516
507
573
508
507
572
573
507
509
516
508
516
509
517
573
509
508
509
573
574
518
517
509
510
518
509
575
510
509
574
575
509
511
518
510
518
511
519
575
511
510
511
575
576
577
512
511
576
577
511
521
520
513
514
521
513
515
521
514
521
515
522
523
522
515
516
523
515
517
523
516
523
517
524
525
524
517
518
525
517
519
525
518
525
519
526
583
582
527
528
583
527
588
532
527
582
588
527
533
583
528
583
533
589
536
530
529
535
536
529
585
584
529
530
585
529
591
535
529
584
591
529
536
531
530
531
536
537
531
585
530
585
531
586
592
586
531
537
592
531
588
539
532
539
588
594
590
589
533
534
590
533
535
590
534
590
535
591
541
538
537
540
541
537
593
592
537
538
593
537
541
593
538
593
541
596
598
543
539
594
598
539
545
541
540
541
545
546
547
542
541
546
547
541
597
596
541
542
597
541
547
597
542
597
547
600
599
544
543
598
599
543
599
548
544
548
599
601
550
546
545
549
550
545
550
547
546
547
550
551
603
600
547
551
603
547
601
555
548
555
601
608
604
603
551
552
604
551
558
553
552
553
558
559
553
604
552
604
553
605
560
554
553
559
560
553
606
605
553
554
606
553
560
606
554
606
560
611
609
556
555
608
609
555
557
561
556
561
557
562
609
557
556
557
609
610
613
562
557
610
613
557
563
559
558
559
563
564
565
560
559
564
565
559
565
611
560
611
565
614
567
566
561
562
567
561
613
567
562
567
613
616
617
614
565
568
617
565
567
569
566
569
567
570
619
570
567
616
619
567
577
617
568
617
577
626
619
571
570
571
619
620
621
572
571
620
621
571
621
573
572
573
621
622
623
574
573
622
623
573
623
575
574
575
623
624
625
576
575
624
625
575
625
577
576
577
625
626
580
579
578
579
580
581
579
633
578
633
579
634
633
580
578
580
633
638
639
634
579
581
639
579
582
581
580
581
582
583
638
582
580
582
638
642
643
639
581
583
643
581
642
588
582
588
642
650
651
643
583
589
651
583
585
645
584
645
585
646
645
591
584
591
645
653
647
646
585
586
647
585
592
587
586
587
592
593
587
647
586
647
587
648
654
648
587
593
654
587
650
594
588
594
650
656
652
651
589
590
652
589
591
652
590
652
591
653
659
654
593
596
659
593
595
598
594
598
595
599
656
595
594
595
656
657
661
599
595
657
661
595
597
659
596
659
597
660
663
660
597
600
663
597
664
601
599
661
664
599
603
663
600
663
603
667
609
608
601
602
609
601
665
602
601
664
665
601
665
609
602
609
665
672
668
667
603
604
668
603
605
668
604
668
605
669
670
669
605
606
670
605
611
607
606
607
611
612
607
670
606
670
607
671
675
671
607
612
675
607
673
610
609
672
673
609
673
613
610
613
673
676
615
612
611
614
615
611
615
675
612
675
615
678
679
616
613
676
679
613
617
615
614
615
617
618
687
678
615
618
687
615
679
619
616
619
679
688
687
618
617
686
687
617
695
686
617
626
695
617
689
620
619
688
689
619
689
621
620
621
689
690
691
622
621
690
691
621
691
623
622
623
691
692
693
624
623
692
693
623
693
625
624
625
693
694
695
626
625
694
695
625
630
628
627
629
630
627
697
696
627
628
697
627
698
629
627
696
698
627
630
697
628
697
630
699
635
630
629
634
635
629
703
634
629
698
703
629
635
631
630
631
635
636
631
699
630
699
631
700
705
700
631
636
705
631
637
633
632
633
637
638
633
701
632
701
633
702
701
637
632
637
701
706
703
702
633
634
703
633
639
635
634
635
639
640
641
636
635
640
641
635
641
705
636
705
641
709
707
638
637
706
707
637
707
642
638
642
707
710
644
640
639
643
644
639
644
641
640
641
644
645
713
709
641
645
713
641
710
650
642
650
710
718
652
644
643
651
652
643
652
645
644
645
652
653
714
713
645
646
714
645
647
714
646
714
647
715
716
715
647
648
716
647
654
649
648
649
654
655
649
716
648
716
649
717
722
717
649
655
722
649
718
656
650
656
718
723
659
655
654
655
659
660
727
722
655
660
727
655
723
657
656
657
723
724
662
661
657
658
662
657
725
658
657
724
725
657
725
662
658
662
725
728
663
727
660
727
663
730
665
664
661
662
665
661
728
665
662
665
728
731
734
730
663
667
734
663
673
672
665
666
673
665
732
666
665
731
732
665
732
673
666
673
732
739
735
734
667
668
735
667
669
735
668
735
669
736
737
736
669
670
737
669
671
737
670
737
671
738
747
738
671
675
747
671
677
676
673
674
677
673
740
674
673
739
740
673
740
677
674
677
740
748
755
747
675
678
755
675
677
679
676
679
677
680
756
680
677
748
756
677
687
755
678
755
687
763
689
688
679
680
689
679
681
689
680
689
681
690
756
681
680
681
756
757
691
690
681
682
691
681
758
682
681
757
758
681
683
691
682
691
683
692
758
683
682
683
758
759
693
692
683
684
693
683
760
684
683
759
760
683
685
693
684
693
685
694
760
685
684
685
760
761
695
694
685
686
695
685
762
686
685
761
762
685
762
687
686
687
762
763
697
698
696
698
697
699
699
703
698
703
699
704
765
764
699
700
765
699
767
704
699
764
767
699
705
765
700
765
705
768
707
706
701
702
707
701
703
707
702
707
703
708
767
766
703
704
767
703
769
708
703
766
769
703
771
768
705
709
771
705
711
710
707
708
711
707
769
711
708
711
769
773
775
771
709
713
775
709
711
718
710
718
711
719
720
719
711
712
720
711
774
712
711
773
774
711
774
720
712
720
774
780
776
775
713
714
776
713
715
776
714
776
715
777
778
777
715
716
778
715
717
778
716
778
717
779
785
779
717
722
785
717
719
723
718
723
719
724
725
724
719
720
725
719
721
725
720
725
721
726
780
721
720
721
780
781
786
726
721
781
786
721
727
785
722
785
727
790
729
728
725
726
729
725
786
729
726
729
786
791
795
790
727
730
795
727
729
731
728
731
729
732
796
732
729
791
796
729
734
795
730
795
734
800
733
739
732
739
733
740
796
733
732
733
796
797
801
740
733
797
801
733
735
743
734
743
735
744
743
800
734
800
743
804
745
744
735
736
745
735
737
745
736
745
737
746
747
746
737
738
747
737
741
748
740
748
741
749
801
741
740
741
801
802
750
749
741
742
750
741
803
742
741
802
803
741
743
750
742
750
743
751
803
743
742
743
803
804
752
751
743
744
752
743
745
752
744
752
745
753
754
753
745
746
754
745
747
754
746
754
747
755
749
756
748
756
749
757
758
757
749
750
758
749
751
758
750
758
751
759
760
759
751
752
760
751
753
760
752
760
753
761
762
761
753
754
762
753
755
762
754
762
755
763
765
767
764
767
765
768
767
769
766
769
767
770
771
770
767
768
771
767
774
773
769
770
774
769
771
805
770
805
771
806
805
774
770
774
805
808
776
772
771
775
776
771
807
806
771
772
807
771
776
807
772
807
776
810
808
780
774
780
808
811
777
782
776
782
777
783
782
810
776
810
782
813
784
783
777
778
784
777
779
784
778
784
779
785
811
781
780
781
811
812
814
786
781
812
814
781
783
787
782
787
783
788
787
813
782
813
787
815
789
788
783
784
789
783
785
789
784
789
785
790
787
791
786
791
787
792
814
787
786
787
814
815
793
792
787
788
793
787
789
793
788
793
789
794
795
794
789
790
795
789
797
796
791
792
797
791
793
797
792
797
793
798
799
798
793
794
799
793
795
799
794
799
795
800
802
801
797
798
802
797
799
802
798
802
799
803
804
803
799
800
804
799
809
808
805
806
809
805
807
809
806
809
807
810
809
811
808
811
809
812
813
812
809
810
813
809
813
814
812
814
813
815
