7
1
0
1
7
8
1
17
0
17
1
18
17
7
0
7
17
24
9
2
1
8
9
1
19
18
1
2
19
1
9
3
2
3
9
10
3
19
2
19
3
20
27
20
3
10
27
3
11
5
4
5
11
12
5
21
4
21
5
22
21
11
4
11
21
28
13
6
5
12
13
5
23
22
5
6
23
5
13
23
6
23
13
30
25
8
7
24
25
7
25
9
8
9
25
26
27
10
9
26
27
9
29
12
11
28
29
11
29
13
12
13
29
30
19
15
14
15
19
20
15
40
14
40
15
41
40
19
14
19
40
47
21
16
15
20
21
15
42
41
15
16
42
15
21
42
16
42
21
49
46
45
17
18
46
17
54
24
17
45
54
17
19
46
18
46
19
47
27
21
20
21
27
28
50
49
21
22
50
21
23
50
22
50
23
51
57
51
23
30
57
23
54
25
24
25
54
55
56
26
25
55
56
25
32
27
26
27
32
33
56
32
26
32
56
63
34
28
27
33
34
27
34
29
28
29
34
35
36
30
29
35
36
29
36
31
30
31
36
37
31
57
30
57
31
58
68
58
31
37
68
31
63
33
32
33
63
64
65
34
33
64
65
33
65
35
34
35
65
66
67
36
35
66
67
35
67
37
36
37
67
68
43
39
38
39
43
44
39
81
38
81
39
82
81
43
38
43
81
90
91
82
39
44
91
39
41
85
40
85
41
86
85
47
40
47
85
94
49
48
41
42
49
41
95
86
41
48
95
41
53
44
43
52
53
43
104
52
43
90
104
43
53
45
44
45
53
54
45
91
44
91
45
92
93
92
45
46
93
45
47
93
46
93
47
94
49
95
48
95
49
96
97
96
49
50
97
49
51
97
50
97
51
98
105
98
51
57
105
51
59
53
52
53
59
60
104
59
52
59
104
112
61
54
53
60
61
53
61
55
54
55
61
62
63
56
55
62
63
55
106
105
57
58
106
57
68
106
58
106
68
114
70
60
59
69
70
59
120
69
59
112
120
59
70
61
60
61
70
71
72
62
61
71
72
61
72
63
62
63
72
73
74
64
63
73
74
63
74
65
64
65
74
75
76
66
65
75
76
65
76
67
66
67
76
77
78
68
67
77
78
67
78
114
68
114
78
129
121
70
69
120
121
69
121
71
70
71
121
122
123
72
71
122
123
71
123
73
72
73
123
124
125
74
73
124
125
73
125
75
74
75
125
126
127
76
75
126
127
75
127
77
76
77
127
128
129
78
77
128
129
77
89
80
79
88
89
79
174
173
79
80
174
79
182
88
79
173
182
79
89
81
80
81
89
90
81
174
80
174
81
175
176
175
81
82
176
81
91
83
82
83
91
92
83
176
82
176
83
177
93
84
83
92
93
83
178
177
83
84
178
83
93
85
84
85
93
94
85
178
84
178
85
179
180
179
85
86
180
85
95
180
86
180
95
184
102
88
87
101
102
87
182
181
87
88
182
87
191
101
87
181
191
87
102
89
88
89
102
103
104
90
89
103
104
89
185
184
95
96
185
95
97
185
96
185
97
186
187
186
97
98
187
97
105
187
98
187
105
195
108
100
99
107
108
99
190
189
99
100
190
99
197
107
99
189
197
99
108
101
100
101
108
109
101
190
100
190
101
191
110
102
101
109
110
101
110
103
102
103
110
111
112
104
103
111
112
103
114
113
105
106
114
105
198
195
105
113
198
105
116
108
107
115
116
107
201
115
107
197
201
107
116
109
108
109
116
117
118
110
109
117
118
109
118
111
110
111
118
119
120
112
111
119
120
111
199
198
113
114
199
113
129
199
114
199
129
204
202
116
115
201
202
115
130
117
116
117
130
131
202
130
116
130
202
206
132
118
117
131
132
117
132
119
118
119
132
133
134
120
119
133
134
119
134
121
120
121
134
135
136
122
121
135
136
121
136
123
122
123
136
137
138
124
123
137
138
123
138
125
124
125
138
139
140
126
125
139
140
125
140
127
126
127
140
141
142
128
127
141
142
127
142
129
128
129
142
143
211
204
129
143
211
129
144
131
130
131
144
145
206
144
130
144
206
213
146
132
131
145
146
131
146
133
132
133
146
147
148
134
133
147
148
133
148
135
134
135
148
149
150
136
135
149
150
135
150
137
136
137
150
151
152
138
137
151
152
137
152
139
138
139
152
153
208
140
139
207
208
139
217
207
139
153
217
139
208
141
140
141
208
209
210
142
141
209
210
141
210
143
142
143
210
211
154
145
144
145
154
155
213
154
144
154
213
223
156
146
145
155
156
145
156
147
146
147
156
157
158
148
147
157
158
147
214
149
148
149
214
215
158
214
148
214
158
226
216
150
149
215
216
149
159
151
150
151
159
160
216
159
150
159
216
228
161
152
151
160
161
151
161
153
152
153
161
162
229
217
153
162
229
153
223
155
154
155
223
224
225
156
155
224
225
155
163
157
156
157
163
164
225
163
156
163
225
234
165
158
157
164
165
157
165
226
158
226
165
235
167
160
159
166
167
159
237
166
159
228
237
159
167
161
160
161
167
168
169
162
161
168
169
161
169
229
162
229
169
240
171
164
163
170
171
163
243
170
163
234
243
163
171
165
164
165
171
172
245
235
165
172
245
165
237
167
166
167
237
238
239
168
167
238
239
167
239
169
168
169
239
240
243
171
170
171
243
244
245
172
171
244
245
171
253
252
173
174
253
173
260
182
173
252
260
173
175
253
174
253
175
254
255
254
175
176
255
175
177
255
176
255
177
256
257
256
177
178
257
177
179
257
178
257
179
258
184
183
179
180
184
179
261
258
179
183
261
179
260
259
181
182
260
181
266
191
181
259
266
181
262
261
183
184
262
183
185
192
184
192
185
193
192
262
184
262
192
267
194
193
185
186
194
185
187
194
186
194
187
195
196
189
188
189
196
197
189
263
188
263
189
264
263
196
188
196
263
271
265
264
189
190
265
189
191
265
190
265
191
266
193
267
192
267
193
268
269
268
193
194
269
193
195
269
194
269
195
270
274
270
195
198
274
195
200
197
196
197
200
201
271
200
196
200
271
276
199
203
198
203
199
204
203
274
198
274
203
278
276
201
200
201
276
277
206
202
201
205
206
201
283
205
201
277
283
201
279
278
203
204
279
203
211
279
204
279
211
285
213
206
205
212
213
205
290
212
205
283
290
205
218
208
207
217
218
207
218
209
208
209
218
219
220
210
209
219
220
209
220
211
210
211
220
221
292
285
211
221
292
211
222
213
212
213
222
223
290
222
212
222
290
297
226
215
214
215
226
227
228
216
215
227
228
215
230
218
217
229
230
217
230
219
218
219
230
231
232
220
219
231
232
219
291
221
220
221
291
292
232
291
220
291
232
301
297
223
222
223
297
298
299
224
223
298
299
223
233
225
224
225
233
234
299
233
224
233
299
311
235
227
226
227
235
236
237
228
227
236
237
227
241
230
229
240
241
229
241
231
230
231
241
242
301
232
231
300
301
231
314
300
231
242
314
231
312
234
233
311
312
233
312
243
234
243
312
319
246
236
235
245
246
235
246
237
236
237
246
247
248
238
237
247
248
237
248
239
238
239
248
249
250
240
239
249
250
239
250
241
240
241
250
251
314
242
241
313
314
241
327
313
241
251
327
241
320
244
243
319
320
243
320
245
244
245
320
321
322
246
245
321
322
245
322
247
246
247
322
323
324
248
247
323
324
247
324
249
248
249
324
325
326
250
249
325
326
249
326
251
250
251
326
327
253
369
252
369
253
370
369
260
252
260
369
377
371
370
253
254
371
253
255
371
254
371
255
372
373
372
255
256
373
255
257
373
256
373
257
374
375
374
257
258
375
257
261
375
258
375
261
380
377
376
259
260
377
259
385
266
259
376
385
259
381
380
261
262
381
261
267
381
262
381
267
386
383
382
263
264
383
263
388
271
263
382
388
263
265
383
264
383
265
384
385
384
265
266
385
265
387
386
267
268
387
267
269
272
268
272
269
273
272
387
268
387
272
389
274
273
269
270
274
269
393
276
271
388
393
271
273
389
272
389
273
390
391
390
273
274
391
273
278
391
274
391
278
394
282
276
275
281
282
275
393
392
275
276
393
275
396
281
275
392
396
275
282
277
276
277
282
283
279
284
278
284
279
285
284
394
278
394
284
397
287
281
280
281
287
288
281
395
280
395
281
396
395
287
280
287
395
400
289
282
281
288
289
281
289
283
282
283
289
290
285
397
284
397
285
398
402
398
285
292
402
285
293
287
286
287
293
294
287
399
286
399
287
400
399
293
286
293
399
403
295
288
287
294
295
287
295
289
288
289
295
296
297
290
289
296
297
289
302
292
291
301
302
291
302
402
292
402
302
405
306
294
293
305
306
293
408
305
293
403
408
293
306
295
294
295
306
307
308
296
295
307
308
295
308
297
296
297
308
309
310
298
297
309
310
297
310
299
298
299
310
311
314
301
300
301
314
315
316
302
301
315
316
301
316
303
302
303
316
317
303
405
302
405
303
406
318
304
303
317
318
303
407
406
303
304
407
303
318
407
304
407
318
416
409
306
305
408
409
305
409
307
306
307
409
410
411
308
307
410
411
307
411
309
308
309
411
412
413
310
309
412
413
309
413
311
310
311
413
414
415
312
311
414
415
311
415
319
312
319
415
419
328
314
313
327
328
313
328
315
314
315
328
329
330
316
315
329
330
315
330
317
316
317
330
331
332
318
317
331
332
317
332
416
318
416
332
423
335
320
319
334
335
319
425
334
319
419
425
319
335
321
320
321
335
336
337
322
321
336
337
321
337
323
322
323
337
338
339
324
323
338
339
323
339
325
324
325
339
340
341
326
325
340
341
325
341
327
326
327
341
342
343
328
327
342
343
327
343
329
328
329
343
344
421
330
329
420
421
329
429
420
329
344
429
329
421
331
330
331
421
422
346
332
331
345
346
331
431
345
331
422
431
331
346
333
332
333
346
347
333
423
332
423
333
424
433
424
333
347
433
333
425
335
334
335
425
426
427
336
335
426
427
335
427
337
336
337
427
428
349
338
337
348
349
337
435
348
337
428
435
337
349
339
338
339
349
350
351
340
339
350
351
339
351
341
340
341
351
352
353
342
341
352
353
341
353
343
342
343
353
354
355
344
343
354
355
343
355
429
344
429
355
437
432
346
345
431
432
345
432
347
346
347
432
433
435
349
348
349
435
436
357
350
349
356
357
349
443
356
349
436
443
349
357
351
350
351
357
358
359
352
351
358
359
351
359
353
352
353
359
360
361
354
353
360
361
353
361
355
354
355
361
362
445
437
355
362
445
355
363
357
356
357
363
364
443
363
356
363
443
450
365
358
357
364
365
357
365
359
358
359
365
366
367
360
359
366
367
359
367
361
360
361
367
368
445
362
361
444
445
361
455
444
361
368
455
361
451
364
363
450
451
363
451
365
364
365
451
452
453
366
365
452
453
365
453
367
366
367
453
454
455
368
367
454
455
367
471
470
369
370
471
369
480
377
369
470
480
369
371
471
370
471
371
472
379
378
371
372
379
371
481
472
371
378
481
371
373
473
372
473
373
474
473
379
372
379
473
482
475
474
373
374
475
373
375
475
374
475
375
476
485
476
375
380
485
375
377
479
376
479
377
480
479
385
376
385
479
490
379
481
378
481
379
482
381
485
380
485
381
486
495
486
381
386
495
381
383
487
382
487
383
488
487
388
382
388
487
497
489
488
383
384
489
383
385
489
384
489
385
490
387
495
386
495
387
496
498
496
387
389
498
387
497
393
388
393
497
502
499
498
389
390
499
389
391
499
390
499
391
500
503
500
391
394
503
391
393
501
392
501
393
502
501
396
392
396
501
505
397
503
394
503
397
507
505
504
395
396
505
395
508
400
395
504
508
395
402
401
397
398
402
397
509
507
397
401
509
397
404
403
399
400
404
399
508
404
400
404
508
512
510
509
401
402
510
401
405
510
402
510
405
513
512
511
403
404
512
403
516
408
403
511
516
403
514
513
405
406
514
405
407
514
406
514
407
515
522
515
407
416
522
407
516
409
408
409
516
517
518
410
409
517
518
409
518
411
410
411
518
519
520
412
411
519
520
411
520
413
412
413
520
521
418
414
413
417
418
413
527
417
413
521
527
413
418
415
414
415
418
419
423
522
416
522
423
530
528
418
417
527
528
417
528
419
418
419
528
529
535
425
419
529
535
419
429
421
420
421
429
430
431
422
421
430
431
421
531
530
423
424
531
423
433
531
424
531
433
539
536
426
425
535
536
425
536
427
426
427
536
537
435
428
427
434
435
427
541
434
427
537
541
427
438
430
429
437
438
429
438
431
430
431
438
439
440
432
431
439
440
431
440
433
432
433
440
441
543
539
433
441
543
433
541
435
434
435
541
542
443
436
435
442
443
435
545
442
435
542
545
435
446
438
437
445
446
437
446
439
438
439
446
447
448
440
439
447
448
439
448
441
440
441
448
449
550
543
441
449
550
441
545
443
442
443
545
546
553
450
443
546
553
443
455
445
444
445
455
456
457
446
445
456
457
445
547
447
446
447
547
548
457
547
446
547
457
554
549
448
447
548
549
447
549
449
448
449
549
550
458
451
450
451
458
459
553
458
450
458
553
560
460
452
451
459
460
451
460
453
452
453
460
461
462
454
453
461
462
453
462
455
454
455
462
463
464
456
455
463
464
455
464
457
456
457
464
465
565
554
457
465
565
457
560
459
458
459
560
561
562
460
459
561
562
459
562
461
460
461
562
563
467
462
461
466
467
461
574
466
461
563
574
461
467
463
462
463
467
468
469
464
463
468
469
463
564
465
464
465
564
565
469
564
464
564
469
577
574
467
466
467
574
575
576
468
467
575
576
467
576
469
468
469
576
577
471
604
470
604
471
605
604
480
470
480
604
610
606
605
471
472
606
471
481
606
472
606
481
612
483
482
473
474
483
473
475
483
474
483
475
484
485
484
475
476
485
475
489
478
477
488
489
477
608
607
477
478
608
477
615
488
477
607
615
477
489
479
478
479
489
490
479
608
478
608
479
609
610
609
479
480
610
479
613
612
481
482
613
481
483
491
482
491
483
492
491
613
482
613
491
619
493
492
483
484
493
483
485
493
484
493
485
494
495
494
485
486
495
485
615
614
487
488
615
487
625
497
487
614
625
487
620
619
491
492
620
491
493
620
492
620
493
621
622
621
493
494
622
493
495
622
494
622
495
623
624
623
495
496
624
495
498
624
496
624
498
628
631
502
497
625
631
497
499
628
498
628
499
629
630
629
499
500
630
499
503
630
500
630
503
636
506
505
501
502
506
501
631
506
502
506
631
639
643
636
503
507
643
503
505
637
504
637
505
638
637
508
504
508
637
644
639
638
505
506
639
505
646
643
507
509
646
507
644
512
508
512
644
648
647
646
509
510
647
509
513
647
510
647
513
650
517
516
511
512
517
511
648
517
512
517
648
654
651
650
513
514
651
513
515
651
514
651
515
652
655
652
515
522
655
515
524
518
517
523
524
517
657
523
517
654
657
517
524
519
518
519
524
525
526
520
519
525
526
519
526
521
520
521
526
527
530
655
522
655
530
661
658
524
523
657
658
523
658
525
524
525
658
659
660
526
525
659
660
525
532
527
526
527
532
533
660
532
526
532
660
666
534
528
527
533
534
527
534
529
528
529
534
535
531
538
530
538
531
539
538
661
530
661
538
671
666
533
532
533
666
667
668
534
533
667
668
533
668
535
534
535
668
669
670
536
535
669
670
535
540
537
536
537
540
541
670
540
536
540
670
680
539
671
538
671
539
672
682
672
539
543
682
539
680
541
540
541
680
681
545
542
541
544
545
541
691
544
541
681
691
541
692
682
543
550
692
543
551
545
544
545
551
552
691
551
544
551
691
698
553
546
545
552
553
545
555
548
547
554
555
547
555
549
548
549
555
556
557
550
549
556
557
549
557
692
550
692
557
700
699
552
551
698
699
551
559
553
552
553
559
560
699
559
552
559
699
708
565
555
554
555
565
566
567
556
555
566
567
555
567
557
556
557
567
568
569
558
557
568
569
557
701
700
557
558
701
557
569
701
558
701
569
710
571
560
559
570
571
559
716
570
559
708
716
559
571
561
560
561
571
572
573
562
561
572
573
561
573
563
562
563
573
574
577
565
564
565
577
578
579
566
565
578
579
565
579
567
566
567
579
580
581
568
567
580
581
567
581
569
568
569
581
582
722
710
569
582
722
569
716
571
570
571
716
717
718
572
571
717
718
571
583
573
572
573
583
584
718
583
572
583
718
730
585
574
573
584
585
573
585
575
574
575
585
586
587
576
575
586
587
575
587
577
576
577
587
588
589
578
577
588
589
577
589
579
578
579
589
590
720
580
579
719
720
579
732
719
579
590
732
579
720
581
580
581
720
721
722
582
581
721
722
581
731
584
583
730
731
583
591
585
584
585
591
592
731
591
584
591
731
741
593
586
585
592
593
585
593
587
586
587
593
594
595
588
587
594
595
587
595
589
588
589
595
596
597
590
589
596
597
589
597
732
590
732
597
744
742
592
591
741
742
591
598
593
592
593
598
599
742
598
592
598
742
752
600
594
593
599
600
593
600
595
594
595
600
601
602
596
595
601
602
595
602
597
596
597
602
603
757
744
597
603
757
597
752
599
598
599
752
753
754
600
599
753
754
599
754
601
600
601
754
755
756
602
601
755
756
601
756
603
602
603
756
757
605
610
604
610
605
611
612
611
605
606
612
605
764
763
607
608
764
607
767
615
607
763
767
607
609
764
608
764
609
765
766
765
609
610
766
609
611
616
610
616
611
617
616
766
610
766
616
770
618
617
611
612
618
611
613
618
612
618
613
619
615
625
614
625
615
626
778
626
615
767
778
615
617
770
616
770
617
771
772
771
617
618
772
617
619
772
618
772
619
773
774
773
619
620
774
619
621
774
620
774
621
775
776
775
621
622
776
621
623
776
622
776
623
777
628
627
623
624
628
623
781
777
623
627
781
623
632
631
625
626
632
625
778
632
626
632
778
783
634
633
627
628
634
627
786
781
627
633
786
627
629
634
628
634
629
635
636
635
629
630
636
629
783
782
631
632
783
631
788
639
631
782
788
631
641
640
633
634
641
633
791
786
633
640
791
633
635
641
634
641
635
642
643
642
635
636
643
635
645
644
637
638
645
637
639
787
638
787
639
788
787
645
638
645
787
795
641
791
640
791
641
792
793
792
641
642
793
641
643
793
642
793
643
794
797
794
643
646
797
643
645
648
644
648
645
649
800
649
645
795
800
645
647
797
646
797
647
798
802
798
647
650
802
647
649
799
648
799
649
800
799
654
648
654
799
806
651
802
650
802
651
803
804
803
651
652
804
651
655
653
652
653
655
656
653
804
652
804
653
805
808
805
653
656
808
653
806
657
654
657
806
809
662
656
655
661
662
655
662
808
656
808
662
810
664
658
657
663
664
657
811
663
657
809
811
657
664
659
658
659
664
665
666
660
659
665
666
659
672
662
661
671
672
661
672
810
662
810
672
812
674
664
663
673
674
663
813
673
663
811
813
663
674
665
664
665
674
675
676
666
665
675
676
665
676
667
666
667
676
677
678
668
667
677
678
667
678
669
668
669
678
679
680
670
669
679
680
669
682
812
672
812
682
814
684
674
673
683
684
673
815
683
673
813
815
673
684
675
674
675
684
685
686
676
675
685
686
675
686
677
676
677
686
687
688
678
677
687
688
677
688
679
678
679
688
689
690
680
679
689
690
679
690
681
680
681
690
691
692
814
682
814
692
819
816
684
683
815
816
683
816
685
684
685
816
817
818
686
685
817
818
685
693
687
686
687
693
694
818
693
686
693
818
820
695
688
687
694
695
687
695
689
688
689
695
696
697
690
689
696
697
689
697
691
690
691
697
698
700
819
692
819
700
821
703
694
693
702
703
693
822
702
693
820
822
693
703
695
694
695
703
704
705
696
695
704
705
695
705
697
696
697
705
706
707
698
697
706
707
697
707
699
698
699
707
708
701
709
700
709
701
710
709
821
700
821
709
826
822
703
702
703
822
823
712
704
703
711
712
703
827
711
703
823
827
703
712
705
704
705
712
713
714
706
705
713
714
705
714
707
706
707
714
715
716
708
707
715
716
707
722
721
709
710
722
709
830
826
709
721
830
709
724
712
711
723
724
711
831
723
711
827
831
711
724
713
712
713
724
725
726
714
713
725
726
713
726
715
714
715
726
727
728
716
715
727
728
715
728
717
716
717
728
729
730
718
717
729
730
717
733
720
719
732
733
719
829
721
720
721
829
830
733
829
720
829
733
835
832
724
723
831
832
723
734
725
724
725
734
735
832
734
724
734
832
836
736
726
725
735
736
725
736
727
726
727
736
737
738
728
727
737
738
727
738
729
728
729
738
739
740
730
729
739
740
729
740
731
730
731
740
741
744
733
732
733
744
745
841
835
733
745
841
733
836
735
734
735
836
837
838
736
735
837
838
735
746
737
736
737
746
747
838
746
736
746
838
842
748
738
737
747
748
737
748
739
738
739
748
749
750
740
739
749
750
739
750
741
740
741
750
751
752
742
741
751
752
741
757
756
743
744
757
743
840
744
743
839
840
743
849
839
743
756
849
743
840
745
744
745
840
841
842
747
746
747
842
843
759
748
747
758
759
747
850
758
747
843
850
747
759
749
748
749
759
760
761
750
749
760
761
749
761
751
750
751
761
762
845
752
751
844
845
751
854
844
751
762
854
751
845
753
752
753
845
846
847
754
753
846
847
753
847
755
754
755
847
848
849
756
755
848
849
755
850
759
758
759
850
851
852
760
759
851
852
759
852
761
760
761
852
853
854
762
761
853
854
761
768
767
763
764
768
763
765
768
764
768
765
769
770
769
765
766
770
765
779
778
767
768
779
767
769
855
768
855
769
856
855
779
768
779
855
864
857
856
769
770
857
769
771
857
770
857
771
858
859
858
771
772
859
771
773
859
772
859
773
860
861
860
773
774
861
773
775
861
774
861
775
862
863
862
775
776
863
775
777
780
776
780
777
781
780
863
776
863
780
870
779
783
778
783
779
784
872
784
779
864
872
779
781
785
780
785
781
786
785
870
780
870
785
875
783
788
782
788
783
789
872
871
783
784
872
783
877
789
783
871
877
783
791
790
785
786
791
785
878
875
785
790
878
785
796
795
787
788
796
787
789
876
788
876
789
877
876
796
788
796
876
883
791
878
790
878
791
879
880
879
791
792
880
791
793
880
792
880
793
881
882
881
793
794
882
793
797
882
794
882
797
884
801
800
795
796
801
795
883
801
796
801
883
887
885
884
797
798
885
797
802
885
798
885
802
888
807
806
799
800
807
799
801
886
800
886
801
887
886
807
800
807
886
893
803
888
802
888
803
889
890
889
803
804
890
803
805
890
804
890
805
891
895
891
805
808
895
805
807
892
806
892
807
893
892
809
806
809
892
896
810
895
808
895
810
897
898
811
809
896
898
809
812
897
810
897
812
899
900
813
811
898
900
811
814
899
812
899
814
901
902
815
813
900
902
813
819
901
814
901
819
906
903
816
815
902
903
815
903
817
816
817
903
904
905
818
817
904
905
817
905
820
818
820
905
907
908
906
819
821
908
819
907
822
820
822
907
909
913
908
821
826
913
821
909
823
822
823
909
910
914
827
823
910
914
823
825
828
824
828
825
829
911
825
824
825
911
912
828
911
824
911
828
916
830
829
825
826
830
825
913
826
825
912
913
825
917
831
827
914
917
827
829
834
828
834
829
835
834
916
828
916
834
921
918
832
831
917
918
831
918
836
832
836
918
922
840
839
833
834
840
833
921
834
833
920
921
833
925
920
833
839
925
833
835
840
834
840
835
841
922
837
836
837
922
923
924
838
837
923
924
837
924
842
838
842
924
926
933
925
839
849
933
839
926
843
842
843
926
927
934
850
843
927
934
843
928
845
844
845
928
929
854
928
844
928
854
938
930
846
845
929
930
845
930
847
846
847
930
931
932
848
847
931
932
847
932
849
848
849
932
933
934
851
850
851
934
935
936
852
851
935
936
851
936
853
852
853
936
937
938
854
853
937
938
853
865
864
855
856
865
855
857
865
856
865
857
866
867
866
857
858
867
857
859
867
858
867
859
868
869
868
859
860
869
859
861
941
860
941
861
942
941
869
860
869
941
948
943
942
861
862
943
861
863
943
862
943
863
944
951
944
863
870
951
863
865
872
864
872
865
873
874
873
865
866
874
865
867
945
866
945
867
946
945
874
866
874
945
955
947
946
867
868
947
867
869
947
868
947
869
948
875
951
870
951
875
961
953
952
871
872
953
871
963
877
871
952
963
871
873
953
872
953
873
954
955
954
873
874
955
873
969
961
875
878
969
875
877
962
876
962
877
963
962
883
876
883
962
974
879
969
878
969
879
970
971
970
879
880
971
879
881
971
880
971
881
972
973
972
881
882
973
881
884
973
882
973
884
977
979
887
883
974
979
883
885
977
884
977
885
978
983
978
885
888
983
885
887
893
886
893
887
894
989
894
887
979
989
887
889
983
888
983
889
984
985
984
889
890
985
889
891
985
890
985
891
986
996
986
891
895
996
891
893
987
892
987
893
988
987
896
892
896
987
997
989
988
893
894
989
893
1002
996
895
897
1002
895
997
898
896
898
997
1003
1007
1002
897
899
1007
897
1003
900
898
900
1003
1008
1012
1007
899
901
1012
899
1008
902
900
902
1008
1013
1017
1012
901
906
1017
901
1013
903
902
903
1013
1014
1015
904
903
1014
1015
903
1015
905
904
905
1015
1016
1018
907
905
1016
1018
905
908
1017
906
1017
908
1019
1020
909
907
1018
1020
907
913
1019
908
1019
913
1025
1021
910
909
1020
1021
909
1021
914
910
914
1021
1026
1024
912
911
1023
1024
911
1029
1023
911
916
1029
911
1024
913
912
913
1024
1025
1026
917
914
917
1026
1030
921
920
915
916
921
915
1029
916
915
1028
1029
915
1034
1028
915
920
1034
915
1031
918
917
1030
1031
917
919
922
918
922
919
923
1031
919
918
919
1031
1032
1035
923
919
1032
1035
919
925
1034
920
1034
925
1038
1036
924
923
1035
1036
923
1036
926
924
926
1036
1039
1044
1038
925
933
1044
925
1039
927
926
927
1039
1040
1045
934
927
1040
1045
927
938
929
928
929
938
939
940
930
929
939
940
929
1041
931
930
931
1041
1042
940
1041
930
1041
940
1051
1043
932
931
1042
1043
931
1043
933
932
933
1043
1044
1045
935
934
935
1045
1046
1047
936
935
1046
1047
935
1047
937
936
937
1047
1048
1049
938
937
1048
1049
937
1049
939
938
939
1049
1050
1051
940
939
1050
1051
939
949
948
941
942
949
941
943
949
942
949
943
950
951
950
943
944
951
943
956
955
945
946
956
945
947
956
946
956
947
957
958
957
947
948
958
947
949
958
948
958
949
959
960
959
949
950
960
949
951
960
950
960
951
961
953
963
952
963
953
964
965
964
953
954
965
953
955
965
954
965
955
966
967
966
955
956
967
955
957
1052
956
1052
957
1053
1052
967
956
967
1052
1061
1054
1053
957
958
1054
957
959
1054
958
1054
959
1055
1056
1055
959
960
1056
959
961
968
960
968
961
969
968
1056
960
1056
968
1065
963
974
962
974
963
975
1058
1057
963
964
1058
963
1070
975
963
1057
1070
963
965
1058
964
1058
965
1059
1060
1059
965
966
1060
965
967
1060
966
1060
967
1061
969
1065
968
1065
969
1066
1067
1066
969
970
1067
969
971
1067
970
1067
971
1068
1069
1068
971
972
1069
971
973
976
972
976
973
977
976
1069
972
1069
976
1079
975
979
974
979
975
980
1080
980
975
1070
1080
975
977
981
976
981
977
982
981
1079
976
1079
981
1087
983
982
977
978
983
977
990
989
979
980
990
979
1080
990
980
990
1080
1089
992
991
981
982
992
981
1096
1087
981
991
1096
981
983
992
982
992
983
993
994
993
983
984
994
983
985
994
984
994
985
995
996
995
985
986
996
985
998
997
987
988
998
987
989
998
988
998
989
999
1089
1088
989
990
1089
989
1101
999
989
1088
1101
989
1097
1096
991
992
1097
991
993
1097
992
1097
993
1098
1099
1098
993
994
1099
993
995
1000
994
1000
995
1001
1000
1099
994
1099
1000
1111
1002
1001
995
996
1002
995
1004
1003
997
998
1004
997
999
1100
998
1100
999
1101
1100
1004
998
1004
1100
1112
1001
1005
1000
1005
1001
1006
1005
1111
1000
1111
1005
1120
1007
1006
1001
1002
1007
1001
1009
1008
1003
1004
1009
1003
1112
1009
1004
1009
1112
1121
1011
1010
1005
1006
1011
1005
1128
1120
1005
1010
1128
1005
1007
1011
1006
1011
1007
1012
1009
1013
1008
1013
1009
1014
1131
1014
1009
1121
1131
1009
1011
1128
1010
1128
1011
1129
1130
1129
1011
1012
1130
1011
1017
1130
1012
1130
1017
1141
1131
1015
1014
1015
1131
1132
1133
1016
1015
1132
1133
1015
1133
1018
1016
1018
1133
1142
1150
1141
1017
1019
1150
1017
1142
1020
1018
1020
1142
1151
1159
1150
1019
1025
1159
1019
1151
1021
1020
1021
1151
1152
1160
1026
1021
1152
1160
1021
1023
1028
1022
1028
1023
1029
1156
1023
1022
1023
1156
1157
1028
1156
1022
1156
1028
1165
1158
1024
1023
1157
1158
1023
1158
1025
1024
1025
1158
1159
1160
1030
1026
1030
1160
1166
1034
1033
1027
1028
1034
1027
1165
1028
1027
1164
1165
1027
1170
1164
1027
1033
1170
1027
1166
1031
1030
1031
1166
1167
1168
1032
1031
1167
1168
1031
1168
1035
1032
1035
1168
1171
1038
1037
1033
1034
1038
1033
1175
1170
1033
1037
1175
1033
1172
1036
1035
1171
1172
1035
1172
1039
1036
1039
1172
1176
1044
1043
1037
1038
1044
1037
1184
1175
1037
1043
1184
1037
1177
1040
1039
1176
1177
1039
1177
1045
1040
1045
1177
1185
1183
1042
1041
1182
1183
1041
1191
1182
1041
1051
1191
1041
1183
1043
1042
1043
1183
1184
1186
1046
1045
1185
1186
1045
1186
1047
1046
1047
1186
1187
1188
1048
1047
1187
1188
1047
1188
1049
1048
1049
1188
1189
1190
1050
1049
1189
1190
1049
1190
1051
1050
1051
1190
1191
1053
1061
1052
1061
1053
1062
1063
1062
1053
1054
1063
1053
1055
1063
1054
1063
1055
1064
1065
1064
1055
1056
1065
1055
1071
1070
1057
1058
1071
1057
1059
1071
1058
1071
1059
1072
1073
1072
1059
1060
1073
1059
1061
1073
1060
1073
1061
1074
1075
1074
1061
1062
1075
1061
1063
1075
1062
1075
1063
1076
1077
1076
1063
1064
1077
1063
1065
1192
1064
1192
1065
1193
1192
1077
1064
1077
1192
1199
1194
1193
1065
1066
1194
1065
1067
1194
1066
1194
1067
1195
1196
1195
1067
1068
1196
1067
1069
1078
1068
1078
1069
1079
1078
1196
1068
1196
1078
1203
1071
1080
1070
1080
1071
1081
1082
1081
1071
1072
1082
1071
1073
1082
1072
1082
1073
1083
1084
1083
1073
1074
1084
1073
1075
1084
1074
1084
1075
1085
1198
1197
1075
1076
1198
1075
1204
1085
1075
1197
1204
1075
1077
1198
1076
1198
1077
1199
1079
1086
1078
1086
1079
1087
1086
1203
1078
1203
1086
1210
1081
1089
1080
1089
1081
1090
1091
1090
1081
1082
1091
1081
1083
1091
1082
1091
1083
1092
1093
1092
1083
1084
1093
1083
1085
1093
1084
1093
1085
1094
1212
1094
1085
1204
1212
1085
1087
1095
1086
1095
1087
1096
1095
1210
1086
1210
1095
1218
1089
1101
1088
1101
1089
1102
1103
1102
1089
1090
1103
1089
1091
1103
1090
1103
1091
1104
1105
1104
1091
1092
1105
1091
1093
1105
1092
1105
1093
1106
1212
1211
1093
1094
1212
1093
1221
1106
1093
1211
1221
1093
1108
1107
1095
1096
1108
1095
1228
1218
1095
1107
1228
1095
1097
1108
1096
1108
1097
1109
1110
1109
1097
1098
1110
1097
1099
1110
1098
1110
1099
1111
1101
1112
1100
1112
1101
1113
1114
1113
1101
1102
1114
1101
1103
1114
1102
1114
1103
1115
1116
1115
1103
1104
1116
1103
1105
1219
1104
1219
1105
1220
1219
1116
1104
1116
1219
1230
1221
1220
1105
1106
1221
1105
1229
1228
1107
1108
1229
1107
1109
1117
1108
1117
1109
1118
1117
1229
1108
1229
1117
1235
1119
1118
1109
1110
1119
1109
1111
1119
1110
1119
1111
1120
1113
1121
1112
1121
1113
1122
1123
1122
1113
1114
1123
1113
1115
1123
1114
1123
1115
1124
1125
1124
1115
1116
1125
1115
1230
1125
1116
1125
1230
1238
1236
1235
1117
1118
1236
1117
1119
1126
1118
1126
1119
1127
1126
1236
1118
1236
1126
1241
1128
1127
1119
1120
1128
1119
1132
1131
1121
1122
1132
1121
1123
1132
1122
1132
1123
1133
1134
1133
1123
1124
1134
1123
1125
1134
1124
1134
1125
1135
1243
1135
1125
1238
1243
1125
1127
1241
1126
1241
1127
1242
1139
1138
1127
1128
1139
1127
1246
1242
1127
1138
1246
1127
1129
1139
1128
1139
1129
1140
1141
1140
1129
1130
1141
1129
1143
1142
1133
1134
1143
1133
1135
1143
1134
1143
1135
1144
1145
1144
1135
1136
1145
1135
1244
1136
1135
1243
1244
1135
1137
1145
1136
1145
1137
1146
1244
1137
1136
1137
1244
1245
1247
1146
1137
1245
1247
1137
1139
1147
1138
1147
1139
1148
1147
1246
1138
1246
1147
1248
1149
1148
1139
1140
1149
1139
1141
1149
1140
1149
1141
1150
1143
1151
1142
1151
1143
1152
1153
1152
1143
1144
1153
1143
1145
1153
1144
1153
1145
1154
1155
1154
1145
1146
1155
1145
1247
1155
1146
1155
1247
1249
1157
1156
1147
1148
1157
1147
1250
1248
1147
1156
1250
1147
1149
1157
1148
1157
1149
1158
1159
1158
1149
1150
1159
1149
1153
1160
1152
1160
1153
1161
1162
1161
1153
1154
1162
1153
1155
1162
1154
1162
1155
1163
1251
1163
1155
1249
1251
1155
1165
1250
1156
1250
1165
1253
1161
1166
1160
1166
1161
1167
1168
1167
1161
1162
1168
1161
1163
1168
1162
1168
1163
1169
1254
1169
1163
1251
1254
1163
1252
1165
1164
1165
1252
1253
1170
1252
1164
1252
1170
1255
1169
1171
1168
1171
1169
1172
1256
1172
1169
1254
1256
1169
1175
1255
1170
1255
1175
1263
1173
1176
1172
1176
1173
1177
1256
1173
1172
1173
1256
1257
1178
1177
1173
1174
1178
1173
1258
1174
1173
1257
1258
1173
1258
1178
1174
1178
1258
1264
1271
1263
1175
1184
1271
1175
1186
1185
1177
1178
1186
1177
1264
1186
1178
1186
1264
1272
1189
1188
1179
1180
1189
1179
1267
1180
1179
1266
1267
1179
1274
1266
1179
1188
1274
1179
1181
1189
1180
1189
1181
1190
1267
1181
1180
1181
1267
1268
1191
1190
1181
1182
1191
1181
1269
1182
1181
1268
1269
1181
1269
1183
1182
1183
1269
1270
1271
1184
1183
1270
1271
1183
1272
1187
1186
1187
1272
1273
1274
1188
1187
1273
1274
1187
1193
1199
1192
1199
1193
1200
1201
1200
1193
1194
1201
1193
1195
1201
1194
1201
1195
1202
1203
1202
1195
1196
1203
1195
1205
1204
1197
1198
1205
1197
1199
1205
1198
1205
1199
1206
1207
1206
1199
1200
1207
1199
1201
1207
1200
1207
1201
1208
1209
1208
1201
1202
1209
1201
1203
1209
1202
1209
1203
1210
1205
1212
1204
1212
1205
1213
1214
1213
1205
1206
1214
1205
1207
1214
1206
1214
1207
1215
1216
1215
1207
1208
1216
1207
1209
1216
1208
1216
1209
1217
1218
1217
1209
1210
1218
1209
1222
1221
1211
1212
1222
1211
1213
1222
1212
1222
1213
1223
1224
1223
1213
1214
1224
1213
1215
1224
1214
1224
1215
1225
1226
1225
1215
1216
1226
1215
1217
1275
1216
1275
1217
1276
1275
1226
1216
1226
1275
1282
1228
1227
1217
1218
1228
1217
1283
1276
1217
1227
1283
1217
1231
1230
1219
1220
1231
1219
1221
1231
1220
1231
1221
1232
1278
1277
1221
1222
1278
1221
1284
1232
1221
1277
1284
1221
1223
1278
1222
1278
1223
1279
1280
1279
1223
1224
1280
1223
1225
1280
1224
1280
1225
1281
1282
1281
1225
1226
1282
1225
1234
1233
1227
1228
1234
1227
1290
1283
1227
1233
1290
1227
1229
1234
1228
1234
1229
1235
1231
1238
1230
1238
1231
1239
1240
1239
1231
1232
1240
1231
1284
1240
1232
1240
1284
1295
1291
1290
1233
1234
1291
1233
1235
1291
1234
1291
1235
1292
1293
1292
1235
1236
1293
1235
1241
1237
1236
1237
1241
1242
1237
1293
1236
1293
1237
1294
1305
1294
1237
1242
1305
1237
1239
1243
1238
1243
1239
1244
1245
1244
1239
1240
1245
1239
1295
1245
1240
1245
1295
1306
1246
1305
1242
1305
1246
1316
1317
1247
1245
1306
1317
1245
1248
1316
1246
1316
1248
1327
1328
1249
1247
1317
1328
1247
1250
1327
1248
1327
1250
1338
1339
1251
1249
1328
1339
1249
1253
1338
1250
1338
1253
1349
1350
1254
1251
1339
1350
1251
1348
1253
1252
1253
1348
1349
1255
1348
1252
1348
1255
1359
1350
1256
1254
1256
1350
1360
1369
1359
1255
1263
1369
1255
1360
1257
1256
1257
1360
1361
1362
1258
1257
1361
1362
1257
1362
1264
1258
1264
1362
1370
1268
1267
1259
1260
1268
1259
1366
1260
1259
1365
1366
1259
1373
1365
1259
1267
1373
1259
1261
1268
1260
1268
1261
1269
1366
1261
1260
1261
1366
1367
1270
1269
1261
1262
1270
1261
1368
1262
1261
1367
1368
1261
1263
1270
1262
1270
1263
1271
1368
1263
1262
1263
1368
1369
1265
1272
1264
1272
1265
1273
1370
1265
1264
1265
1370
1371
1274
1273
1265
1266
1274
1265
1372
1266
1265
1371
1372
1265
1372
1267
1266
1267
1372
1373
1283
1282
1275
1276
1283
1275
1285
1284
1277
1278
1285
1277
1279
1285
1278
1285
1279
1286
1287
1286
1279
1280
1287
1279
1281
1287
1280
1287
1281
1288
1289
1288
1281
1282
1289
1281
1283
1289
1282
1289
1283
1290
1285
1295
1284
1295
1285
1296
1297
1296
1285
1286
1297
1285
1287
1297
1286
1297
1287
1298
1299
1298
1287
1288
1299
1287
1289
1299
1288
1299
1289
1300
1301
1300
1289
1290
1301
1289
1291
1301
1290
1301
1291
1302
1303
1302
1291
1292
1303
1291
1293
1303
1292
1303
1293
1304
1305
1304
1293
1294
1305
1293
1307
1306
1295
1296
1307
1295
1297
1307
1296
1307
1297
1308
1309
1308
1297
1298
1309
1297
1299
1309
1298
1309
1299
1310
1311
1310
1299
1300
1311
1299
1301
1311
1300
1311
1301
1312
1313
1312
1301
1302
1313
1301
1303
1313
1302
1313
1303
1314
1315
1314
1303
1304
1315
1303
1305
1315
1304
1315
1305
1316
1307
1317
1306
1317
1307
1318
1319
1318
1307
1308
1319
1307
1309
1319
1308
1319
1309
1320
1321
1320
1309
1310
1321
1309
1311
1321
1310
1321
1311
1322
1323
1322
1311
1312
1323
1311
1313
1323
1312
1323
1313
1324
1325
1324
1313
1314
1325
1313
1315
1325
1314
1325
1315
1326
1327
1326
1315
1316
1327
1315
1329
1328
1317
1318
1329
1317
1319
1329
1318
1329
1319
1330
1331
1330
1319
1320
1331
1319
1321
1331
1320
1331
1321
1332
1333
1332
1321
1322
1333
1321
1323
1333
1322
1333
1323
1334
1335
1334
1323
1324
1335
1323
1325
1335
1324
1335
1325
1336
1337
1336
1325
1326
1337
1325
1327
1337
1326
1337
1327
1338
1329
1339
1328
1339
1329
1340
1341
1340
1329
1330
1341
1329
1331
1341
1330
1341
1331
1342
1343
1342
1331
1332
1343
1331
1333
1343
1332
1343
1333
1344
1345
1344
1333
1334
1345
1333
1335
1345
1334
1345
1335
1346
1347
1346
1335
1336
1347
1335
1337
1347
1336
1347
1337
1348
1349
1348
1337
1338
1349
1337
1351
1350
1339
1340
1351
1339
1341
1351
1340
1351
1341
1352
1353
1352
1341
1342
1353
1341
1343
1353
1342
1353
1343
1354
1355
1354
1343
1344
1355
1343
1345
1355
1344
1355
1345
1356
1357
1356
1345
1346
1357
1345
1347
1357
1346
1357
1347
1358
1359
1358
1347
1348
1359
1347
1351
1360
1350
1360
1351
1361
1362
1361
1351
1352
1362
1351
1353
1362
1352
1362
1353
1363
1364
1363
1353
1354
1364
1353
1355
1364
1354
1364
1355
1365
1366
1365
1355
1356
1366
1355
1357
1366
1356
1366
1357
1367
1368
1367
1357
1358
1368
1357
1359
1368
1358
1368
1359
1369
1363
1370
1362
1370
1363
1371
1372
1371
1363
1364
1372
1363
1365
1372
1364
1372
1365
1373
