2
1
0
1
2
3
1
18
0
18
1
19
18
2
0
2
18
23
24
19
1
3
24
1
4
3
2
3
4
5
23
4
2
4
23
28
29
24
3
5
29
3
7
5
4
5
7
8
28
7
4
7
28
32
9
6
5
8
9
5
30
29
5
6
30
5
9
30
6
30
9
34
33
8
7
32
33
7
33
9
8
9
33
34
15
11
10
11
15
16
11
38
10
38
11
39
38
15
10
15
38
44
17
12
11
16
17
11
40
39
11
12
40
11
17
13
12
13
17
18
13
40
12
40
13
41
19
14
13
18
19
13
42
41
13
14
42
13
19
42
14
42
19
45
21
16
15
20
21
15
47
20
15
44
47
15
21
17
16
17
21
22
23
18
17
22
23
17
48
45
19
24
48
19
25
21
20
21
25
26
47
25
20
25
47
50
27
22
21
26
27
21
27
23
22
23
27
28
29
48
24
48
29
53
51
26
25
50
51
25
51
27
26
27
51
52
32
28
27
31
32
27
57
31
27
52
57
27
34
33
29
30
34
29
59
53
29
33
59
29
36
32
31
35
36
31
62
35
31
57
62
31
58
33
32
33
58
59
36
58
32
58
36
63
63
36
35
62
63
35
44
38
37
43
44
37
73
72
37
38
73
37
78
43
37
72
78
37
39
73
38
73
39
74
75
74
39
40
75
39
41
75
40
75
41
76
77
76
41
42
77
41
45
77
42
77
45
79
47
44
43
46
47
43
80
46
43
78
80
43
81
79
45
48
81
45
49
47
46
47
49
50
80
49
46
49
80
82
53
81
48
81
53
83
55
50
49
54
55
49
84
54
49
82
84
49
55
51
50
51
55
56
57
52
51
56
57
51
87
83
53
59
87
53
84
55
54
55
84
85
61
56
55
60
61
55
89
60
55
85
89
55
61
57
56
57
61
62
86
59
58
59
86
87
63
86
58
86
63
90
64
61
60
61
64
65
89
64
60
64
89
92
66
62
61
65
66
61
66
63
62
63
66
67
93
90
63
67
93
63
68
65
64
65
68
69
92
68
64
68
92
95
70
66
65
69
70
65
70
67
66
67
70
71
98
93
67
71
98
67
95
69
68
69
95
96
97
70
69
96
97
69
97
71
70
71
97
98
73
107
72
107
73
108
107
78
72
78
107
113
109
108
73
74
109
73
75
109
74
109
75
110
111
110
75
76
111
75
77
111
76
111
77
112
114
112
77
79
114
77
113
80
78
80
113
115
116
114
79
81
116
79
115
82
80
82
115
117
118
116
81
83
118
81
117
84
82
84
117
119
121
118
83
87
121
83
88
85
84
85
88
89
119
88
84
88
119
122
120
87
86
87
120
121
90
120
86
120
90
123
91
89
88
89
91
92
122
91
88
91
122
124
93
123
90
123
93
125
95
92
91
94
95
91
126
94
91
124
126
91
130
125
93
98
130
93
126
95
94
95
126
127
128
96
95
127
128
95
128
97
96
97
128
129
130
98
97
129
130
97
102
100
99
101
102
99
132
131
99
100
132
99
133
101
99
131
133
99
102
132
100
132
102
134
104
102
101
103
104
101
135
103
101
133
135
101
104
134
102
134
104
136
106
104
103
105
106
103
137
105
103
135
137
103
106
136
104
136
106
138
111
106
105
110
111
105
143
110
105
137
143
105
111
138
106
138
111
144
141
140
107
108
141
107
147
113
107
140
147
107
109
141
108
141
109
142
143
142
109
110
143
109
145
144
111
112
145
111
114
145
112
145
114
148
150
115
113
147
150
113
116
148
114
148
116
151
152
117
115
150
152
115
118
151
116
151
118
153
154
119
117
152
154
117
121
153
118
153
121
156
159
122
119
154
159
119
155
121
120
121
155
156
123
155
120
155
123
160
159
124
122
124
159
163
164
160
123
125
164
123
163
126
124
126
163
167
171
164
125
130
171
125
167
127
126
127
167
168
169
128
127
168
169
127
169
129
128
129
169
170
171
130
129
170
171
129
134
133
131
132
134
131
179
178
133
134
179
133
183
135
133
178
183
133
136
179
134
179
136
184
188
137
135
183
188
135
138
184
136
184
138
189
194
143
137
188
194
137
144
189
138
189
144
195
147
140
139
146
147
139
191
190
139
140
191
139
197
146
139
190
197
139
141
191
140
191
141
192
193
192
141
142
193
141
143
193
142
193
143
194
145
195
144
195
145
196
199
196
145
148
199
145
149
147
146
147
149
150
197
149
146
149
197
200
151
199
148
199
151
202
201
150
149
200
201
149
201
152
150
152
201
205
206
202
151
153
206
151
205
154
152
154
205
209
211
206
153
156
211
153
209
159
154
159
209
214
211
156
155
210
211
155
215
210
155
160
215
155
162
158
157
161
162
157
213
212
157
158
213
157
216
161
157
212
216
157
162
159
158
159
162
163
159
213
158
213
159
214
164
215
160
215
164
217
166
162
161
165
166
161
218
165
161
216
218
161
166
163
162
163
166
167
171
217
164
217
171
223
219
166
165
218
219
165
219
167
166
167
219
220
221
168
167
220
221
167
221
169
168
169
221
222
173
170
169
172
173
169
224
172
169
222
224
169
173
171
170
171
173
174
226
223
171
174
226
171
224
173
172
173
224
225
226
174
173
225
226
173
181
176
175
180
181
175
236
235
175
176
236
175
240
180
175
235
240
175
181
177
176
177
181
182
177
236
176
236
177
237
183
178
177
182
183
177
238
237
177
178
238
177
179
238
178
238
179
239
241
239
179
184
241
179
185
181
180
181
185
186
240
185
180
185
240
242
187
182
181
186
187
181
187
183
182
183
187
188
189
241
184
241
189
243
192
186
185
191
192
185
245
191
185
242
245
185
192
187
186
187
192
193
194
188
187
193
194
187
246
243
189
195
246
189
191
244
190
244
191
245
244
197
190
197
244
250
199
198
195
196
199
195
251
246
195
198
251
195
256
200
197
250
256
197
199
251
198
251
199
252
257
252
199
202
257
199
204
201
200
201
204
205
256
204
200
204
256
261
206
257
202
257
206
262
208
204
203
207
208
203
261
260
203
204
261
203
265
207
203
260
265
203
208
205
204
205
208
209
211
262
206
262
211
267
213
208
207
212
213
207
270
212
207
265
270
207
213
209
208
209
213
214
266
211
210
211
266
267
215
266
210
266
215
271
270
216
212
216
270
274
275
271
215
217
275
215
274
218
216
218
274
278
283
275
217
223
283
217
278
219
218
219
278
279
280
220
219
279
280
219
280
221
220
221
280
281
282
222
221
281
282
221
282
224
222
224
282
289
291
283
223
226
291
223
289
225
224
225
289
290
291
226
225
290
291
225
230
228
227
229
230
227
296
295
227
228
296
227
300
229
227
295
300
227
230
296
228
296
230
301
232
230
229
231
232
229
306
231
229
300
306
229
232
301
230
301
232
307
234
232
231
233
234
231
314
233
231
306
314
231
234
307
232
307
234
315
238
234
233
237
238
233
322
237
233
314
322
233
238
315
234
315
238
323
321
320
235
236
321
235
329
240
235
320
329
235
237
321
236
321
237
322
239
323
238
323
239
324
331
324
239
241
331
239
329
242
240
242
329
336
337
331
241
243
337
241
336
245
242
245
336
342
343
337
243
246
343
243
245
341
244
341
245
342
341
250
244
250
341
347
251
343
246
343
251
348
254
248
247
253
254
247
345
344
247
248
345
247
350
253
247
344
350
247
254
249
248
249
254
255
249
345
248
345
249
346
256
250
249
255
256
249
347
346
249
250
347
249
349
348
251
252
349
251
257
349
252
349
257
352
259
254
253
258
259
253
353
258
253
350
353
253
259
255
254
255
259
260
261
256
255
260
261
255
355
352
257
262
355
257
263
259
258
259
263
264
353
263
258
263
353
356
265
260
259
264
265
259
267
355
262
355
267
358
269
264
263
268
269
263
359
268
263
356
359
263
269
265
264
265
269
270
357
267
266
267
357
358
271
357
266
357
271
361
359
269
268
269
359
360
274
270
269
273
274
269
363
273
269
360
363
269
364
361
271
275
364
271
276
273
272
273
276
277
273
362
272
362
273
363
362
276
272
276
362
365
278
274
273
277
278
273
370
364
275
283
370
275
284
277
276
277
284
285
365
284
276
284
365
371
286
278
277
285
286
277
366
279
278
279
366
367
286
366
278
366
286
373
368
280
279
367
368
279
287
281
280
281
287
288
368
287
280
287
368
375
289
282
281
288
289
281
379
370
283
291
379
283
371
285
284
285
371
372
373
286
285
372
373
285
376
288
287
375
376
287
376
289
288
289
376
377
378
290
289
377
378
289
378
291
290
291
378
379
297
293
292
293
297
298
293
380
292
380
293
381
380
297
292
297
380
385
299
294
293
298
299
293
382
381
293
294
382
293
299
295
294
295
299
300
295
382
294
382
295
383
384
383
295
296
384
295
301
384
296
384
301
389
304
298
297
303
304
297
392
303
297
385
392
297
304
299
298
299
304
305
306
300
299
305
306
299
396
389
301
307
396
301
310
303
302
303
310
311
303
391
302
391
303
392
391
310
302
310
391
399
312
304
303
311
312
303
312
305
304
305
312
313
314
306
305
313
314
305
400
396
307
315
400
307
316
309
308
309
316
317
309
397
308
397
309
398
397
316
308
316
397
401
318
310
309
317
318
309
399
398
309
310
399
309
318
311
310
311
318
319
320
312
311
319
320
311
320
313
312
313
320
321
322
314
313
321
322
313
402
400
315
323
402
315
325
317
316
317
325
326
401
325
316
325
401
403
327
318
317
326
327
317
327
319
318
319
327
328
329
320
319
328
329
319
331
330
323
324
331
323
404
402
323
330
404
323
333
326
325
332
333
325
407
332
325
403
407
325
333
327
326
327
333
334
335
328
327
334
335
327
335
329
328
329
335
336
331
404
330
404
331
405
408
405
331
337
408
331
338
333
332
333
338
339
407
338
332
338
407
410
340
334
333
339
340
333
340
335
334
335
340
341
342
336
335
341
342
335
411
408
337
343
411
337
344
339
338
339
344
345
410
344
338
344
410
413
346
340
339
345
346
339
346
341
340
341
346
347
414
411
343
348
414
343
413
350
344
350
413
416
349
351
348
351
349
352
351
414
348
414
351
417
416
353
350
353
416
419
355
354
351
352
355
351
420
417
351
354
420
351
423
356
353
419
423
353
355
357
354
357
355
358
357
420
354
420
357
424
423
359
356
359
423
427
428
424
357
361
428
357
363
360
359
362
363
359
431
362
359
427
431
359
432
428
361
364
432
361
431
365
362
365
431
435
370
432
364
432
370
440
442
371
365
435
442
365
373
367
366
367
373
374
375
368
367
374
375
367
379
378
369
370
379
369
440
370
369
439
440
369
449
439
369
378
449
369
443
372
371
442
443
371
443
373
372
373
443
444
445
374
373
444
445
373
445
375
374
375
445
446
447
376
375
446
447
375
447
377
376
377
447
448
449
378
377
448
449
377
381
460
380
460
381
461
460
385
380
385
460
462
387
386
381
382
387
381
463
461
381
386
463
381
383
387
382
387
383
388
389
388
383
384
389
383
467
392
385
462
467
385
387
393
386
393
387
394
393
463
386
463
393
468
395
394
387
388
395
387
389
395
388
395
389
396
398
391
390
391
398
399
391
465
390
465
391
466
465
398
390
398
465
473
467
466
391
392
467
391
469
468
393
394
469
393
395
469
394
469
395
470
471
470
395
396
471
395
400
471
396
471
400
477
473
472
397
398
473
397
478
401
397
472
478
397
402
477
400
477
402
479
480
403
401
478
480
401
404
479
402
479
404
481
484
407
403
480
484
403
405
481
404
481
405
482
486
482
405
408
486
405
409
407
406
407
409
410
407
483
406
483
407
484
483
409
406
409
483
487
411
486
408
486
411
489
413
410
409
412
413
409
490
412
409
487
490
409
492
489
411
414
492
411
415
413
412
413
415
416
490
415
412
415
490
493
417
492
414
492
417
495
419
416
415
418
419
415
496
418
415
493
496
415
497
495
417
420
497
417
422
419
418
419
422
423
496
422
418
422
496
500
424
497
420
497
424
501
426
422
421
425
426
421
500
499
421
422
500
421
503
425
421
499
503
421
426
423
422
423
426
427
428
501
424
501
428
504
430
426
425
429
430
425
506
429
425
503
506
425
430
427
426
427
430
431
432
504
428
504
432
507
434
430
429
433
434
429
508
433
429
506
508
429
434
431
430
431
434
435
440
507
432
507
440
514
509
434
433
508
509
433
441
435
434
435
441
442
509
441
434
441
509
517
437
446
436
446
437
447
510
437
436
437
510
511
446
510
436
510
446
520
448
447
437
438
448
437
512
438
437
511
512
437
439
448
438
448
439
449
512
439
438
439
512
513
514
440
439
513
514
439
518
442
441
517
518
441
450
443
442
443
450
451
518
450
442
450
518
524
452
444
443
451
452
443
452
445
444
445
452
453
454
446
445
453
454
445
454
520
446
520
454
526
455
451
450
451
455
456
524
455
450
455
524
528
457
452
451
456
457
451
457
453
452
453
457
458
459
454
453
458
459
453
459
526
454
526
459
532
529
456
455
528
529
455
529
457
456
457
529
530
531
458
457
530
531
457
531
459
458
459
531
532
461
533
460
533
461
534
533
462
460
462
533
535
536
534
461
463
536
461
535
467
462
467
535
541
542
536
463
468
542
463
472
465
464
465
472
473
465
538
464
538
465
539
538
472
464
472
538
544
540
539
465
466
540
465
467
540
466
540
467
541
469
474
468
474
469
475
474
542
468
542
474
546
476
475
469
470
476
469
471
476
470
476
471
477
544
478
472
478
544
551
475
546
474
546
475
547
548
547
475
476
548
475
477
548
476
548
477
549
552
549
477
479
552
477
551
480
478
480
551
554
555
552
479
481
555
479
554
484
480
484
554
558
486
485
481
482
486
481
559
555
481
485
559
481
558
557
483
484
558
483
562
487
483
557
562
483
489
488
485
486
489
485
563
559
485
488
563
485
567
490
487
562
567
487
489
491
488
491
489
492
491
563
488
563
491
568
567
493
490
493
567
572
495
494
491
492
495
491
573
568
491
494
573
491
578
496
493
572
578
493
495
573
494
573
495
574
580
574
495
497
580
495
578
500
496
500
578
584
586
580
497
501
586
497
502
499
498
499
502
503
499
582
498
582
499
583
582
502
498
502
582
588
584
583
499
500
584
499
590
586
501
504
590
501
505
503
502
503
505
506
588
505
502
505
588
592
507
590
504
590
507
595
593
506
505
592
593
505
593
508
506
508
593
598
604
595
507
514
604
507
516
509
508
509
516
517
598
516
508
516
598
607
600
511
510
511
600
601
520
600
510
600
520
609
602
512
511
601
602
511
602
513
512
513
602
603
604
514
513
603
604
513
522
516
515
521
522
515
607
606
515
516
607
515
611
521
515
606
611
515
522
517
516
517
522
523
524
518
517
523
524
517
526
525
519
520
526
519
609
520
519
608
609
519
617
608
519
525
617
519
612
522
521
611
612
521
612
523
522
523
612
613
528
524
523
527
528
523
618
527
523
613
618
523
532
531
525
526
532
525
622
617
525
531
622
525
619
528
527
618
619
527
619
529
528
529
619
620
621
530
529
620
621
529
621
531
530
531
621
622
536
535
533
534
536
533
542
541
535
536
542
535
544
538
537
543
544
537
624
623
537
538
624
537
628
543
537
623
628
537
539
624
538
624
539
625
626
625
539
540
626
539
541
626
540
626
541
627
546
545
541
542
546
541
629
627
541
545
629
541
551
544
543
550
551
543
634
550
543
628
634
543
630
629
545
546
630
545
547
630
546
630
547
631
632
631
547
548
632
547
549
632
548
632
549
633
638
633
549
552
638
549
553
551
550
551
553
554
634
553
550
553
634
639
555
638
552
638
555
643
558
554
553
557
558
553
645
557
553
639
645
553
646
643
555
559
646
555
561
557
556
557
561
562
557
644
556
644
557
645
644
561
556
561
644
648
649
646
559
563
649
559
565
561
560
561
565
566
561
647
560
647
561
648
647
565
560
565
647
652
567
562
561
566
567
561
653
649
563
568
653
563
569
565
564
565
569
570
565
651
564
651
565
652
651
569
564
569
651
655
571
566
565
570
571
565
571
567
566
567
571
572
573
653
568
653
573
656
576
570
569
575
576
569
658
575
569
655
658
569
576
571
570
571
576
577
578
572
571
577
578
571
580
579
573
574
580
573
659
656
573
579
659
573
582
576
575
581
582
575
661
581
575
658
661
575
582
577
576
577
582
583
584
578
577
583
584
577
586
585
579
580
586
579
662
659
579
585
662
579
588
582
581
587
588
581
664
587
581
661
664
581
590
589
585
586
590
585
665
662
585
589
665
585
592
588
587
591
592
587
666
591
587
664
666
587
595
594
589
590
595
589
669
665
589
594
669
589
597
592
591
596
597
591
670
596
591
666
670
591
597
593
592
593
597
598
595
603
594
603
595
604
603
669
594
669
603
675
605
597
596
597
605
606
670
605
596
605
670
676
607
598
597
606
607
597
609
608
599
600
609
599
672
600
599
671
672
599
677
671
599
608
677
599
672
601
600
601
672
673
674
602
601
673
674
601
674
603
602
603
674
675
611
606
605
610
611
605
678
610
605
676
678
605
617
677
608
677
617
685
678
611
610
611
678
679
680
612
611
679
680
611
680
613
612
613
680
681
619
618
613
614
619
613
682
614
613
681
682
613
615
619
614
619
615
620
682
615
614
615
682
683
621
620
615
616
621
615
684
616
615
683
684
615
617
621
616
621
617
622
684
617
616
617
684
685
696
695
623
624
696
623
701
628
623
695
701
623
625
696
624
696
625
697
698
697
625
626
698
625
627
698
626
698
627
699
702
699
627
629
702
627
701
634
628
634
701
705
703
702
629
630
703
629
631
635
630
635
631
636
635
703
630
703
635
706
637
636
631
632
637
631
633
637
632
637
633
638
705
639
634
639
705
708
641
640
635
636
641
635
709
706
635
640
709
635
637
641
636
641
637
642
643
642
637
638
643
637
716
645
639
708
716
639
641
709
640
709
641
710
711
710
641
642
711
641
643
711
642
711
643
712
720
712
643
646
720
643
645
715
644
715
645
716
715
648
644
648
715
723
649
720
646
720
649
725
723
722
647
648
723
647
728
652
647
722
728
647
730
725
649
653
730
649
654
651
650
651
654
655
651
726
650
726
651
727
726
654
650
654
726
731
728
727
651
652
728
651
734
730
653
656
734
653
657
655
654
655
657
658
731
657
654
657
731
735
659
734
656
734
659
737
661
658
657
660
661
657
741
660
657
735
741
657
743
737
659
662
743
659
663
661
660
661
663
664
741
663
660
663
741
747
665
743
662
743
665
751
748
664
663
747
748
663
748
666
664
666
748
756
759
751
665
669
759
665
756
670
666
670
756
764
674
673
667
668
674
667
758
668
667
757
758
667
767
757
667
673
767
667
669
674
668
674
669
675
758
669
668
669
758
759
764
676
670
676
764
772
766
672
671
765
766
671
773
765
671
677
773
671
766
673
672
673
766
767
772
678
676
678
772
778
785
773
677
685
785
677
778
679
678
679
778
779
780
680
679
779
780
679
780
681
680
681
780
781
782
682
681
781
782
681
782
683
682
683
782
783
784
684
683
783
784
683
784
685
684
685
784
785
688
687
686
687
688
689
687
786
686
786
687
787
786
688
686
688
786
788
789
787
687
689
789
687
690
689
688
689
690
691
788
690
688
690
788
790
791
789
689
691
791
689
692
691
690
691
692
693
790
692
690
692
790
792
793
791
691
693
793
691
698
693
692
693
698
699
792
698
692
698
792
799
800
793
693
699
800
693
700
695
694
695
700
701
695
795
694
795
695
796
795
700
694
700
795
803
797
796
695
696
797
695
697
797
696
797
697
798
799
798
697
698
799
697
804
800
699
702
804
699
704
701
700
701
704
705
803
704
700
704
803
808
703
804
702
804
703
805
810
805
703
706
810
703
707
705
704
705
707
708
808
707
704
707
808
813
709
810
706
810
709
815
716
708
707
715
716
707
818
715
707
813
818
707
718
717
709
710
718
709
819
815
709
717
819
709
711
718
710
718
711
719
720
719
711
712
720
711
722
714
713
721
722
713
817
816
713
714
817
713
822
721
713
816
822
713
722
715
714
715
722
723
715
817
714
817
715
818
820
819
717
718
820
717
719
820
718
820
719
821
725
724
719
720
725
719
823
821
719
724
823
719
728
722
721
727
728
721
826
727
721
822
826
721
725
729
724
729
725
730
729
823
724
823
729
827
727
731
726
731
727
732
832
732
727
826
832
727
734
733
729
730
734
729
833
827
729
733
833
729
832
831
731
732
832
731
837
735
731
831
837
731
737
736
733
734
737
733
838
833
733
736
838
733
842
741
735
837
842
735
737
742
736
742
737
743
742
838
736
838
742
843
744
739
738
739
744
745
739
839
738
839
739
840
839
744
738
744
839
844
746
740
739
745
746
739
841
840
739
740
841
739
746
741
740
741
746
747
741
841
740
841
741
842
743
750
742
750
743
751
750
843
742
843
750
846
752
745
744
745
752
753
844
752
744
752
844
847
754
746
745
753
754
745
754
747
746
747
754
755
756
748
747
755
756
747
758
757
749
750
758
749
846
750
749
845
846
749
848
845
749
757
848
749
751
758
750
758
751
759
760
753
752
753
760
761
847
760
752
760
847
849
762
754
753
761
762
753
762
755
754
755
762
763
764
756
755
763
764
755
852
848
757
767
852
757
768
761
760
761
768
769
849
768
760
768
849
853
770
762
761
769
770
761
770
763
762
763
770
771
772
764
763
771
772
763
851
766
765
850
851
765
855
850
765
773
855
765
851
767
766
767
851
852
774
769
768
769
774
775
853
774
768
774
853
857
776
770
769
775
776
769
776
771
770
771
776
777
778
772
771
777
778
771
868
855
773
785
868
773
857
775
774
775
857
858
859
776
775
858
859
775
859
777
776
777
859
860
861
778
777
860
861
777
861
779
778
779
861
862
863
780
779
862
863
779
863
781
780
781
863
864
865
782
781
864
865
781
865
783
782
783
865
866
867
784
783
866
867
783
867
785
784
785
867
868
787
869
786
869
787
870
869
788
786
788
869
871
872
870
787
789
872
787
871
790
788
790
871
873
874
872
789
791
874
789
873
792
790
792
873
875
876
874
791
793
876
791
875
799
792
799
875
882
883
876
793
800
883
793
802
795
794
795
802
803
795
877
794
877
795
878
877
802
794
802
877
885
879
878
795
796
879
795
797
879
796
879
797
880
881
880
797
798
881
797
799
881
798
881
799
882
804
883
800
883
804
886
807
802
801
806
807
801
885
884
801
802
885
801
888
806
801
884
888
801
807
803
802
803
807
808
805
809
804
809
805
810
809
886
804
886
809
889
811
807
806
807
811
812
888
811
806
811
888
891
813
808
807
812
813
807
815
814
809
810
815
809
892
889
809
814
892
809
817
812
811
816
817
811
895
816
811
891
895
811
817
813
812
813
817
818
815
892
814
892
815
893
897
893
815
819
897
815
895
822
816
822
895
901
898
897
819
820
898
819
821
898
820
898
821
899
905
899
821
823
905
821
901
826
822
826
901
908
912
905
823
827
912
823
830
825
824
825
830
831
825
906
824
906
825
907
906
830
824
830
906
915
832
826
825
831
832
825
908
907
825
826
908
825
918
912
827
833
918
827
834
829
828
829
834
835
829
913
828
913
829
914
913
834
828
834
913
919
836
830
829
835
836
829
915
914
829
830
915
829
836
831
830
831
836
837
922
918
833
838
922
833
839
835
834
835
839
840
919
839
834
839
919
923
841
836
835
840
841
835
841
837
836
837
841
842
843
922
838
922
843
926
927
844
839
923
927
839
930
926
843
846
930
843
927
847
844
847
927
931
930
846
845
929
930
845
933
929
845
848
933
845
934
849
847
931
934
847
852
933
848
933
852
936
937
853
849
934
937
849
855
851
850
851
855
856
936
852
851
935
936
851
940
935
851
856
940
851
941
857
853
937
941
853
855
867
854
867
855
868
938
855
854
855
938
939
867
938
854
938
867
951
940
856
855
939
940
855
942
858
857
941
942
857
942
859
858
859
942
943
944
860
859
943
944
859
944
861
860
861
944
945
946
862
861
945
946
861
946
863
862
863
946
947
948
864
863
947
948
863
948
865
864
865
948
949
950
866
865
949
950
865
950
867
866
867
950
951
872
871
869
870
872
869
874
873
871
872
874
871
876
875
873
874
876
873
953
952
875
876
953
875
960
882
875
952
960
875
883
953
876
953
883
961
956
955
877
878
956
877
963
885
877
955
963
877
879
956
878
956
879
957
958
957
879
880
958
879
881
958
880
958
881
959
960
959
881
882
960
881
965
961
883
886
965
883
885
962
884
962
885
963
962
888
884
888
962
967
889
965
886
965
889
968
891
888
887
890
891
887
967
966
887
888
967
887
969
890
887
966
969
887
970
968
889
892
970
889
894
891
890
891
894
895
969
894
890
894
969
971
893
896
892
896
893
897
896
970
892
970
896
972
900
895
894
895
900
901
971
900
894
900
971
973
897
902
896
902
897
903
902
972
896
972
902
974
904
903
897
898
904
897
899
904
898
904
899
905
907
901
900
901
907
908
973
907
900
907
973
978
903
909
902
909
903
910
909
974
902
974
909
979
911
910
903
904
911
903
905
911
904
911
905
912
907
977
906
977
907
978
977
915
906
915
977
983
980
979
909
910
980
909
911
916
910
916
911
917
916
980
910
980
916
984
918
917
911
912
918
911
982
981
913
914
982
913
985
919
913
981
985
913
915
982
914
982
915
983
917
920
916
920
917
921
920
984
916
984
920
986
922
921
917
918
922
917
987
923
919
985
987
919
921
924
920
924
921
925
924
986
920
986
924
988
926
925
921
922
926
921
989
927
923
987
989
923
925
928
924
928
925
929
928
988
924
988
928
990
930
929
925
926
930
925
991
931
927
989
991
927
929
932
928
932
929
933
932
990
928
990
932
992
993
934
931
991
993
931
933
935
932
935
933
936
935
992
932
992
935
994
993
937
934
937
993
995
1001
994
935
940
1001
935
1002
941
937
995
1002
937
999
939
938
939
999
1000
951
999
938
999
951
1012
1001
940
939
1000
1001
939
1003
942
941
1002
1003
941
1003
943
942
943
1003
1004
1005
944
943
1004
1005
943
1005
945
944
945
1005
1006
1007
946
945
1006
1007
945
1007
947
946
947
1007
1008
1009
948
947
1008
1009
947
1009
949
948
949
1009
1010
1011
950
949
1010
1011
949
1011
951
950
951
1011
1012
953
960
952
960
953
961
962
955
954
955
962
963
955
1017
954
1017
955
1018
1017
962
954
962
1017
1024
1019
1018
955
956
1019
955
957
1019
956
1019
957
1020
1021
1020
957
958
1021
957
959
1021
958
1021
959
1022
1023
1022
959
960
1023
959
961
964
960
964
961
965
964
1023
960
1023
964
1025
1024
967
962
967
1024
1028
965
1025
964
1025
965
1026
1029
1026
965
968
1029
965
967
1027
966
1027
967
1028
1027
969
966
969
1027
1030
970
1029
968
1029
970
1031
1034
971
969
1030
1034
969
972
1031
970
1031
972
1035
1039
973
971
1034
1039
971
974
1035
972
1035
974
1040
1044
978
973
1039
1044
973
979
1040
974
1040
979
1045
982
976
975
981
982
975
1042
1041
975
976
1042
975
1047
981
975
1041
1047
975
982
977
976
977
982
983
977
1042
976
1042
977
1043
1044
1043
977
978
1044
977
1046
1045
979
980
1046
979
984
1046
980
1046
984
1048
1049
985
981
1047
1049
981
986
1048
984
1048
986
1050
1051
987
985
1049
1051
985
988
1050
986
1050
988
1054
1055
989
987
1051
1055
987
990
1054
988
1054
990
1058
1059
991
989
1055
1059
989
992
1058
990
1058
992
1062
1063
993
991
1059
1063
991
994
1062
992
1062
994
1070
1071
995
993
1063
1071
993
1001
1070
994
1070
1001
1078
1079
1002
995
1071
1079
995
997
1009
996
1009
997
1010
1073
997
996
997
1073
1074
1009
1073
996
1073
1009
1086
1011
1010
997
998
1011
997
1075
998
997
1074
1075
997
999
1011
998
1011
999
1012
1075
999
998
999
1075
1076
1077
1000
999
1076
1077
999
1077
1001
1000
1001
1077
1078
1079
1003
1002
1003
1079
1080
1081
1004
1003
1080
1081
1003
1081
1005
1004
1005
1081
1082
1083
1006
1005
1082
1083
1005
1083
1007
1006
1007
1083
1084
1085
1008
1007
1084
1085
1007
1085
1009
1008
1009
1085
1086
1021
1014
1013
1020
1021
1013
1088
1087
1013
1014
1088
1013
1095
1020
1013
1087
1095
1013
1021
1015
1014
1015
1021
1022
1015
1088
1014
1088
1015
1089
1023
1016
1015
1022
1023
1015
1090
1089
1015
1016
1090
1015
1023
1090
1016
1090
1023
1097
1093
1092
1017
1018
1093
1017
1099
1024
1017
1092
1099
1017
1019
1093
1018
1093
1019
1094
1095
1094
1019
1020
1095
1019
1102
1097
1023
1025
1102
1023
1099
1028
1024
1028
1099
1105
1103
1102
1025
1026
1103
1025
1029
1103
1026
1103
1029
1106
1105
1104
1027
1028
1105
1027
1107
1030
1027
1104
1107
1027
1108
1106
1029
1031
1108
1029
1107
1034
1030
1034
1107
1111
1112
1108
1031
1035
1112
1031
1037
1033
1032
1033
1037
1038
1033
1109
1032
1109
1033
1110
1109
1037
1032
1037
1109
1114
1039
1034
1033
1038
1039
1033
1111
1110
1033
1034
1111
1033
1115
1112
1035
1040
1115
1035
1041
1037
1036
1037
1041
1042
1037
1113
1036
1113
1037
1114
1113
1041
1036
1041
1113
1116
1043
1038
1037
1042
1043
1037
1043
1039
1038
1039
1043
1044
1045
1115
1040
1115
1045
1117
1119
1047
1041
1116
1119
1041
1118
1117
1045
1046
1118
1045
1048
1118
1046
1118
1048
1122
1124
1049
1047
1119
1124
1047
1050
1122
1048
1122
1050
1127
1129
1051
1049
1124
1129
1049
1054
1127
1050
1127
1054
1132
1134
1055
1051
1129
1134
1051
1053
1056
1052
1056
1053
1057
1130
1053
1052
1053
1130
1131
1056
1130
1052
1130
1056
1135
1058
1057
1053
1054
1058
1053
1132
1054
1053
1131
1132
1053
1137
1059
1055
1134
1137
1055
1057
1060
1056
1060
1057
1061
1060
1135
1056
1135
1060
1138
1062
1061
1057
1058
1062
1057
1140
1063
1059
1137
1140
1059
1061
1138
1060
1138
1061
1139
1070
1069
1061
1062
1070
1061
1151
1139
1061
1069
1151
1061
1152
1071
1063
1140
1152
1063
1065
1072
1064
1072
1065
1073
1146
1065
1064
1065
1146
1147
1072
1146
1064
1146
1072
1158
1074
1073
1065
1066
1074
1065
1148
1066
1065
1147
1148
1065
1067
1074
1066
1074
1067
1075
1148
1067
1066
1067
1148
1149
1076
1075
1067
1068
1076
1067
1150
1068
1067
1149
1150
1067
1069
1076
1068
1076
1069
1077
1150
1069
1068
1069
1150
1151
1078
1077
1069
1070
1078
1069
1159
1079
1071
1152
1159
1071
1073
1085
1072
1085
1073
1086
1085
1158
1072
1158
1085
1165
1160
1080
1079
1159
1160
1079
1160
1081
1080
1081
1160
1161
1162
1082
1081
1161
1162
1081
1162
1083
1082
1083
1162
1163
1164
1084
1083
1163
1164
1083
1164
1085
1084
1085
1164
1165
1096
1095
1087
1088
1096
1087
1089
1166
1088
1166
1089
1167
1166
1096
1088
1096
1166
1172
1168
1167
1089
1090
1168
1089
1097
1091
1090
1091
1097
1098
1091
1168
1090
1168
1091
1169
1175
1169
1091
1098
1175
1091
1093
1099
1092
1099
1093
1100
1101
1100
1093
1094
1101
1093
1095
1170
1094
1170
1095
1171
1170
1101
1094
1101
1170
1178
1172
1171
1095
1096
1172
1095
1103
1098
1097
1102
1103
1097
1103
1175
1098
1175
1103
1183
1177
1176
1099
1100
1177
1099
1185
1105
1099
1176
1185
1099
1101
1177
1100
1177
1101
1178
1192
1183
1103
1106
1192
1103
1105
1184
1104
1184
1105
1185
1184
1107
1104
1107
1184
1193
1108
1192
1106
1192
1108
1201
1204
1111
1107
1193
1204
1107
1112
1201
1108
1201
1112
1208
1203
1202
1109
1110
1203
1109
1210
1114
1109
1202
1210
1109
1111
1203
1110
1203
1111
1204
1115
1208
1112
1208
1115
1215
1210
1209
1113
1114
1210
1113
1216
1116
1113
1209
1216
1113
1218
1215
1115
1117
1218
1115
1216
1119
1116
1119
1216
1220
1122
1121
1117
1118
1122
1117
1222
1218
1117
1121
1222
1117
1224
1124
1119
1220
1224
1119
1121
1125
1120
1125
1121
1126
1221
1121
1120
1121
1221
1222
1125
1221
1120
1221
1125
1225
1127
1126
1121
1122
1127
1121
1129
1124
1123
1128
1129
1123
1224
1223
1123
1124
1224
1123
1226
1128
1123
1223
1226
1123
1131
1130
1125
1126
1131
1125
1227
1225
1125
1130
1227
1125
1127
1131
1126
1131
1127
1132
1133
1129
1128
1129
1133
1134
1226
1133
1128
1133
1226
1228
1135
1227
1130
1227
1135
1229
1137
1134
1133
1136
1137
1133
1230
1136
1133
1228
1230
1133
1241
1229
1135
1138
1241
1135
1230
1137
1136
1137
1230
1231
1242
1140
1137
1231
1242
1137
1139
1150
1138
1150
1139
1151
1150
1241
1138
1241
1150
1252
1141
1152
1140
1152
1141
1153
1242
1141
1140
1141
1242
1243
1154
1153
1141
1142
1154
1141
1244
1142
1141
1243
1244
1141
1143
1154
1142
1154
1143
1155
1244
1143
1142
1143
1244
1245
1156
1155
1143
1144
1156
1143
1246
1144
1143
1245
1246
1143
1145
1156
1144
1156
1145
1157
1246
1145
1144
1145
1246
1247
1253
1157
1145
1247
1253
1145
1248
1147
1146
1147
1248
1249
1158
1248
1146
1248
1158
1254
1250
1148
1147
1249
1250
1147
1250
1149
1148
1149
1250
1251
1252
1150
1149
1251
1252
1149
1153
1159
1152
1159
1153
1160
1161
1160
1153
1154
1161
1153
1155
1161
1154
1161
1155
1162
1163
1162
1155
1156
1163
1155
1157
1163
1156
1163
1157
1164
1165
1164
1157
1158
1165
1157
1254
1158
1157
1253
1254
1157
1167
1172
1166
1172
1167
1173
1174
1173
1167
1168
1174
1167
1169
1174
1168
1174
1169
1175
1171
1178
1170
1178
1171
1179
1180
1179
1171
1172
1180
1171
1173
1180
1172
1180
1173
1181
1182
1181
1173
1174
1182
1173
1175
1182
1174
1182
1175
1183
1177
1185
1176
1185
1177
1186
1187
1186
1177
1178
1187
1177
1179
1187
1178
1187
1179
1188
1189
1188
1179
1180
1189
1179
1181
1189
1180
1189
1181
1190
1191
1190
1181
1182
1191
1181
1183
1191
1182
1191
1183
1192
1185
1193
1184
1193
1185
1194
1195
1194
1185
1186
1195
1185
1187
1195
1186
1195
1187
1196
1197
1196
1187
1188
1197
1187
1189
1197
1188
1197
1189
1198
1199
1198
1189
1190
1199
1189
1191
1199
1190
1199
1191
1200
1201
1200
1191
1192
1201
1191
1256
1255
1193
1194
1256
1193
1262
1204
1193
1255
1262
1193
1195
1256
1194
1256
1195
1257
1258
1257
1195
1196
1258
1195
1197
1258
1196
1258
1197
1259
1260
1259
1197
1198
1260
1197
1199
1205
1198
1205
1199
1206
1205
1260
1198
1260
1205
1263
1207
1206
1199
1200
1207
1199
1201
1207
1200
1207
1201
1208
1203
1210
1202
1210
1203
1211
1262
1261
1203
1204
1262
1203
1266
1211
1203
1261
1266
1203
1213
1212
1205
1206
1213
1205
1268
1263
1205
1212
1268
1205
1207
1213
1206
1213
1207
1214
1215
1214
1207
1208
1215
1207
1265
1264
1209
1210
1265
1209
1271
1216
1209
1264
1271
1209
1211
1265
1210
1265
1211
1266
1213
1268
1212
1268
1213
1269
1270
1269
1213
1214
1270
1213
1215
1217
1214
1217
1215
1218
1217
1270
1214
1270
1217
1274
1271
1220
1216
1220
1271
1276
1222
1221
1217
1218
1222
1217
1279
1274
1217
1221
1279
1217
1224
1220
1219
1223
1224
1219
1276
1275
1219
1220
1276
1219
1280
1223
1219
1275
1280
1219
1283
1279
1221
1225
1283
1221
1284
1226
1223
1280
1284
1223
1287
1283
1225
1227
1287
1225
1284
1228
1226
1228
1284
1288
1291
1287
1227
1229
1291
1227
1288
1230
1228
1230
1288
1292
1303
1291
1229
1241
1303
1229
1292
1231
1230
1231
1292
1293
1243
1242
1231
1232
1243
1231
1294
1232
1231
1293
1294
1231
1233
1243
1232
1243
1233
1244
1294
1233
1232
1233
1294
1295
1245
1244
1233
1234
1245
1233
1296
1234
1233
1295
1296
1233
1235
1245
1234
1245
1235
1246
1296
1235
1234
1235
1296
1297
1247
1246
1235
1236
1247
1235
1298
1236
1235
1297
1298
1235
1237
1247
1236
1247
1237
1248
1298
1237
1236
1237
1298
1299
1249
1248
1237
1238
1249
1237
1300
1238
1237
1299
1300
1237
1239
1249
1238
1249
1239
1250
1300
1239
1238
1239
1300
1301
1304
1250
1239
1301
1304
1239
1241
1251
1240
1251
1241
1252
1302
1241
1240
1241
1302
1303
1251
1302
1240
1302
1251
1305
1254
1253
1247
1248
1254
1247
1304
1251
1250
1251
1304
1305
1311
1310
1255
1256
1311
1255
1316
1262
1255
1310
1316
1255
1257
1311
1256
1311
1257
1312
1313
1312
1257
1258
1313
1257
1259
1313
1258
1313
1259
1314
1315
1314
1259
1260
1315
1259
1263
1315
1260
1315
1263
1320
1267
1266
1261
1262
1267
1261
1316
1267
1262
1267
1316
1324
1325
1320
1263
1268
1325
1263
1265
1321
1264
1321
1265
1322
1321
1271
1264
1271
1321
1326
1323
1322
1265
1266
1323
1265
1267
1323
1266
1323
1267
1324
1269
1272
1268
1272
1269
1273
1272
1325
1268
1325
1272
1328
1274
1273
1269
1270
1274
1269
1330
1276
1271
1326
1330
1271
1273
1277
1272
1277
1273
1278
1277
1328
1272
1328
1277
1334
1279
1278
1273
1274
1279
1273
1330
1329
1275
1276
1330
1275
1335
1280
1275
1329
1335
1275
1282
1281
1277
1278
1282
1277
1339
1334
1277
1281
1339
1277
1279
1282
1278
1282
1279
1283
1335
1284
1280
1284
1335
1340
1286
1285
1281
1282
1286
1281
1344
1339
1281
1285
1344
1281
1283
1286
1282
1286
1283
1287
1340
1288
1284
1288
1340
1345
1290
1289
1285
1286
1290
1285
1350
1344
1285
1289
1350
1285
1287
1290
1286
1290
1287
1291
1345
1292
1288
1292
1345
1351
1302
1301
1289
1290
1302
1289
1360
1350
1289
1301
1360
1289
1291
1302
1290
1302
1291
1303
1351
1293
1292
1293
1351
1352
1353
1294
1293
1352
1353
1293
1353
1295
1294
1295
1353
1354
1355
1296
1295
1354
1355
1295
1355
1297
1296
1297
1355
1356
1357
1298
1297
1356
1357
1297
1357
1299
1298
1299
1357
1358
1359
1300
1299
1358
1359
1299
1359
1301
1300
1301
1359
1360
1305
1304
1301
1302
1305
1301
1308
1307
1306
1307
1308
1309
1307
1363
1306
1363
1307
1364
1363
1308
1306
1308
1363
1365
1366
1364
1307
1309
1366
1307
1313
1309
1308
1309
1313
1314
1365
1313
1308
1313
1365
1368
1369
1366
1309
1314
1369
1309
1311
1316
1310
1316
1311
1317
1318
1317
1311
1312
1318
1311
1313
1367
1312
1367
1313
1368
1367
1318
1312
1318
1367
1372
1315
1319
1314
1319
1315
1320
1319
1369
1314
1369
1319
1373
1317
1370
1316
1370
1317
1371
1370
1324
1316
1324
1370
1377
1372
1371
1317
1318
1372
1317
1374
1373
1319
1320
1374
1319
1325
1374
1320
1374
1325
1379
1327
1326
1321
1322
1327
1321
1323
1375
1322
1375
1323
1376
1375
1327
1322
1327
1375
1380
1377
1376
1323
1324
1377
1323
1382
1379
1325
1328
1382
1325
1327
1330
1326
1330
1327
1331
1385
1331
1327
1380
1385
1327
1334
1382
1328
1382
1334
1388
1384
1383
1329
1330
1384
1329
1389
1335
1329
1383
1389
1329
1331
1384
1330
1384
1331
1385
1333
1337
1332
1337
1333
1338
1386
1333
1332
1333
1386
1387
1337
1386
1332
1386
1337
1393
1339
1338
1333
1334
1339
1333
1388
1334
1333
1387
1388
1333
1394
1340
1335
1389
1394
1335
1337
1341
1336
1341
1337
1342
1392
1337
1336
1337
1392
1393
1341
1392
1336
1392
1341
1396
1343
1342
1337
1338
1343
1337
1339
1343
1338
1343
1339
1344
1394
1345
1340
1345
1394
1397
1348
1347
1341
1342
1348
1341
1400
1396
1341
1347
1400
1341
1343
1348
1342
1348
1343
1349
1350
1349
1343
1344
1350
1343
1401
1351
1345
1397
1401
1345
1347
1356
1346
1356
1347
1357
1399
1347
1346
1347
1399
1400
1356
1399
1346
1399
1356
1406
1358
1357
1347
1348
1358
1347
1349
1358
1348
1358
1349
1359
1360
1359
1349
1350
1360
1349
1402
1352
1351
1401
1402
1351
1402
1353
1352
1353
1402
1403
1404
1354
1353
1403
1404
1353
1404
1355
1354
1355
1404
1405
1406
1356
1355
1405
1406
1355
1364
1362
1361
1363
1364
1361
1408
1407
1361
1362
1408
1361
1409
1363
1361
1407
1409
1361
1364
1408
1362
1408
1364
1410
1411
1365
1363
1409
1411
1363
1366
1410
1364
1410
1366
1412
1414
1368
1365
1411
1414
1365
1369
1412
1366
1412
1369
1415
1414
1413
1367
1368
1414
1367
1418
1372
1367
1413
1418
1367
1419
1415
1369
1373
1419
1369
1371
1416
1370
1416
1371
1417
1416
1377
1370
1377
1416
1422
1418
1417
1371
1372
1418
1371
1379
1378
1373
1374
1379
1373
1423
1419
1373
1378
1423
1373
1421
1420
1375
1376
1421
1375
1424
1380
1375
1420
1424
1375
1377
1421
1376
1421
1377
1422
1379
1381
1378
1381
1379
1382
1381
1423
1378
1423
1381
1426
1424
1385
1380
1385
1424
1427
1388
1387
1381
1382
1388
1381
1430
1426
1381
1387
1430
1381
1390
1389
1383
1384
1390
1383
1385
1390
1384
1390
1385
1391
1432
1391
1385
1427
1432
1385
1429
1387
1386
1387
1429
1430
1393
1429
1386
1429
1393
1434
1395
1394
1389
1390
1395
1389
1391
1431
1390
1431
1391
1432
1431
1395
1390
1395
1431
1435
1433
1393
1392
1393
1433
1434
1396
1433
1392
1433
1396
1437
1395
1397
1394
1397
1395
1398
1438
1398
1395
1435
1438
1395
1400
1437
1396
1437
1400
1441
1402
1401
1397
1398
1402
1397
1438
1402
1398
1402
1438
1442
1441
1400
1399
1440
1441
1399
1446
1440
1399
1406
1446
1399
1442
1403
1402
1403
1442
1443
1444
1404
1403
1443
1444
1403
1444
1405
1404
1405
1444
1445
1446
1406
1405
1445
1446
1405
1410
1409
1407
1408
1410
1407
1412
1411
1409
1410
1412
1409
1448
1447
1411
1412
1448
1411
1450
1414
1411
1447
1450
1411
1415
1448
1412
1448
1415
1451
1450
1449
1413
1414
1450
1413
1454
1418
1413
1449
1454
1413
1456
1451
1415
1419
1456
1415
1417
1452
1416
1452
1417
1453
1452
1422
1416
1422
1452
1458
1454
1453
1417
1418
1454
1417
1462
1456
1419
1423
1462
1419
1421
1424
1420
1424
1421
1425
1458
1457
1421
1422
1458
1421
1464
1425
1421
1457
1464
1421
1469
1462
1423
1426
1469
1423
1425
1463
1424
1463
1425
1464
1463
1427
1424
1427
1463
1470
1430
1469
1426
1469
1430
1476
1477
1432
1427
1470
1477
1427
1429
1433
1428
1433
1429
1434
1474
1429
1428
1429
1474
1475
1433
1474
1428
1474
1433
1481
1476
1430
1429
1475
1476
1429
1436
1435
1431
1432
1436
1431
1477
1436
1432
1436
1477
1482
1486
1481
1433
1437
1486
1433
1439
1438
1435
1436
1439
1435
1482
1439
1436
1439
1482
1487
1491
1486
1437
1441
1491
1437
1439
1442
1438
1442
1439
1443
1492
1443
1439
1487
1492
1439
1490
1441
1440
1441
1490
1491
1446
1490
1440
1490
1446
1495
1493
1444
1443
1492
1493
1443
1493
1445
1444
1445
1493
1494
1495
1446
1445
1494
1495
1445
1451
1450
1447
1448
1451
1447
1455
1454
1449
1450
1455
1449
1451
1455
1450
1455
1451
1456
1453
1458
1452
1458
1453
1459
1460
1459
1453
1454
1460
1453
1455
1460
1454
1460
1455
1461
1462
1461
1455
1456
1462
1455
1465
1464
1457
1458
1465
1457
1459
1465
1458
1465
1459
1466
1467
1466
1459
1460
1467
1459
1461
1467
1460
1467
1461
1468
1469
1468
1461
1462
1469
1461
1471
1470
1463
1464
1471
1463
1465
1471
1464
1471
1465
1472
1473
1472
1465
1466
1473
1465
1467
1473
1466
1473
1467
1474
1475
1474
1467
1468
1475
1467
1469
1475
1468
1475
1469
1476
1471
1477
1470
1477
1471
1478
1479
1478
1471
1472
1479
1471
1473
1479
1472
1479
1473
1480
1481
1480
1473
1474
1481
1473
1483
1482
1477
1478
1483
1477
1479
1483
1478
1483
1479
1484
1485
1484
1479
1480
1485
1479
1481
1485
1480
1485
1481
1486
1483
1487
1482
1487
1483
1488
1489
1488
1483
1484
1489
1483
1485
1489
1484
1489
1485
1490
1491
1490
1485
1486
1491
1485
1493
1492
1487
1488
1493
1487
1489
1493
1488
1493
1489
1494
1495
1494
1489
1490
1495
1489
