3
1
0
1
3
4
1
32
0
32
1
33
32
3
0
3
32
36
5
2
1
4
5
1
34
33
1
2
34
1
5
34
2
34
5
38
7
4
3
6
7
3
40
6
3
36
40
3
7
5
4
5
7
8
42
38
5
8
42
5
40
7
6
7
40
41
42
8
7
41
42
7
12
10
9
11
12
9
44
43
9
10
44
9
45
11
9
43
45
9
12
44
10
44
12
46
16
12
11
15
16
11
49
15
11
45
49
11
16
46
12
46
16
50
18
14
13
17
18
13
48
47
13
14
48
13
52
17
13
47
52
13
18
15
14
15
18
19
15
48
14
48
15
49
20
16
15
19
20
15
20
50
16
50
20
54
22
18
17
21
22
17
56
21
17
52
56
17
22
19
18
19
22
23
54
20
19
53
54
19
58
53
19
23
58
19
57
22
21
56
57
21
57
23
22
23
57
58
30
25
24
25
30
31
25
64
24
64
25
65
64
30
24
30
64
71
72
65
25
31
72
25
32
27
26
27
32
33
27
66
26
66
27
67
66
32
26
32
66
73
34
28
27
33
34
27
68
67
27
28
68
27
34
29
28
29
34
35
29
68
28
68
29
69
74
69
29
35
74
29
71
31
30
31
71
72
73
36
32
36
73
78
38
35
34
35
38
39
81
74
35
39
81
35
78
40
36
40
78
85
42
41
37
38
42
37
80
38
37
79
80
37
86
79
37
41
86
37
80
39
38
39
80
81
85
41
40
41
85
86
46
45
43
44
46
43
50
49
45
46
50
45
88
87
47
48
88
47
91
52
47
87
91
47
49
88
48
88
49
89
54
53
49
50
54
49
92
89
49
53
92
49
56
52
51
55
56
51
91
90
51
52
91
51
93
55
51
90
93
51
96
92
53
58
96
53
65
56
55
64
65
55
102
64
55
93
102
55
94
57
56
57
94
95
65
94
56
94
65
103
96
58
57
95
96
57
67
60
59
66
67
59
98
97
59
60
98
59
105
66
59
97
105
59
67
61
60
61
67
68
61
98
60
98
61
99
69
62
61
68
69
61
100
99
61
62
100
61
69
63
62
63
69
70
63
100
62
100
63
101
71
64
63
70
71
63
102
101
63
64
102
63
106
103
65
72
106
65
105
73
66
73
105
108
75
70
69
74
75
69
75
71
70
71
75
76
77
72
71
76
77
71
77
106
72
106
77
109
111
78
73
108
111
73
81
75
74
75
81
82
83
76
75
82
83
75
83
77
76
77
83
84
117
109
77
84
117
77
79
85
78
85
79
86
111
79
78
79
111
112
113
80
79
112
113
79
113
81
80
81
113
114
115
82
81
114
115
81
115
83
82
83
115
116
117
84
83
116
117
83
138
137
87
88
138
87
141
91
87
137
141
87
89
138
88
138
89
139
143
139
89
92
143
89
91
140
90
140
91
141
140
93
90
93
140
149
96
143
92
143
96
151
157
102
93
149
157
93
103
95
94
95
103
104
151
96
95
150
151
95
159
150
95
104
159
95
153
152
97
98
153
97
161
105
97
152
161
97
99
153
98
153
99
154
155
154
99
100
155
99
101
155
100
155
101
156
157
156
101
102
157
101
107
104
103
106
107
103
107
159
104
159
107
163
165
108
105
161
165
105
109
107
106
107
109
110
167
163
107
110
167
107
165
111
108
111
165
169
167
110
109
166
167
109
171
166
109
117
171
109
119
112
111
118
119
111
173
118
111
169
173
111
119
113
112
113
119
120
121
114
113
120
121
113
121
115
114
115
121
122
123
116
115
122
123
115
170
117
116
117
170
171
123
170
116
170
123
174
124
119
118
119
124
125
173
124
118
124
173
177
126
120
119
125
126
119
126
121
120
121
126
127
128
122
121
127
128
121
128
123
122
123
128
129
179
174
123
129
179
123
130
125
124
125
130
131
177
130
124
130
177
182
132
126
125
131
132
125
132
127
126
127
132
133
134
128
127
133
134
127
178
129
128
129
178
179
134
178
128
178
134
186
135
131
130
131
135
136
182
135
130
135
182
188
184
132
131
183
184
131
189
183
131
136
189
131
184
133
132
133
184
185
186
134
133
185
186
133
189
136
135
188
189
135
142
141
137
138
142
137
139
142
138
142
139
143
141
191
140
191
141
192
191
149
140
149
191
200
193
192
141
142
193
141
143
193
142
193
143
194
203
194
143
151
203
143
152
145
144
145
152
153
145
195
144
195
145
196
195
152
144
152
195
204
154
146
145
153
154
145
197
196
145
146
197
145
154
147
146
147
154
155
147
197
146
197
147
198
156
148
147
155
156
147
199
198
147
148
199
147
156
149
148
149
156
157
149
199
148
199
149
200
159
151
150
151
159
160
208
203
151
160
208
151
204
161
152
161
204
209
159
162
158
162
159
163
206
159
158
159
206
207
162
206
158
206
162
211
208
160
159
207
208
159
213
165
161
209
213
161
163
166
162
166
163
167
166
211
162
211
166
214
168
165
164
165
168
169
165
212
164
212
165
213
212
168
164
168
212
215
171
214
166
214
171
216
172
169
168
169
172
173
215
172
168
172
215
217
174
171
170
171
174
175
218
216
171
175
218
171
176
173
172
173
176
177
217
176
172
176
217
219
179
175
174
175
179
180
222
218
175
180
222
175
181
177
176
177
181
182
219
181
176
181
219
223
220
179
178
179
220
221
186
220
178
220
186
226
222
180
179
221
222
179
188
182
181
187
188
181
228
187
181
223
228
181
190
184
183
189
190
183
224
185
184
185
224
225
190
224
184
224
190
231
226
186
185
225
226
185
229
188
187
228
229
187
229
189
188
189
229
230
231
190
189
230
231
189
201
200
191
192
201
191
193
201
192
201
193
202
235
234
193
194
235
193
244
202
193
234
244
193
203
235
194
235
203
245
238
237
195
196
238
195
247
204
195
237
247
195
197
238
196
238
197
239
240
239
197
198
240
197
199
240
198
240
199
241
242
241
199
200
242
199
201
242
200
242
201
243
244
243
201
202
244
201
251
245
203
208
251
203
205
209
204
209
205
210
247
205
204
205
247
248
253
210
205
248
253
205
249
207
206
207
249
250
211
249
206
249
211
254
251
208
207
250
251
207
253
252
209
210
253
209
256
213
209
252
256
209
257
254
211
214
257
211
213
255
212
255
213
256
255
215
212
215
255
258
216
257
214
257
216
259
260
217
215
258
260
215
218
259
216
259
218
262
263
219
217
260
263
217
222
262
218
262
222
265
266
223
219
263
266
219
226
221
220
221
226
227
265
222
221
264
265
221
270
264
221
227
270
221
271
228
223
266
271
223
267
225
224
225
267
268
231
267
224
267
231
274
269
226
225
268
269
225
269
227
226
227
269
270
271
229
228
229
271
272
273
230
229
272
273
229
273
231
230
231
273
274
235
233
232
233
235
236
233
279
232
279
233
280
279
235
232
235
279
282
283
280
233
236
283
233
235
281
234
281
235
282
281
244
234
244
281
291
246
236
235
245
246
235
246
283
236
283
246
293
285
284
237
238
285
237
294
247
237
284
294
237
239
285
238
285
239
286
287
286
239
240
287
239
241
287
240
287
241
288
289
288
241
242
289
241
243
289
242
289
243
290
291
290
243
244
291
243
293
246
245
292
293
245
297
292
245
251
297
245
253
248
247
252
253
247
299
252
247
294
299
247
296
250
249
295
296
249
300
295
249
254
300
249
296
251
250
251
296
297
299
256
252
256
299
303
257
300
254
300
257
304
303
302
255
256
303
255
306
258
255
302
306
255
307
304
257
259
307
257
306
260
258
260
306
310
312
307
259
262
312
259
310
263
260
263
310
314
265
264
261
262
265
261
312
262
261
311
312
261
315
311
261
264
315
261
317
266
263
314
317
263
270
315
264
315
270
321
317
271
266
271
317
323
319
268
267
318
319
267
326
318
267
274
326
267
319
269
268
269
319
320
321
270
269
320
321
269
324
272
271
323
324
271
324
273
272
273
324
325
326
274
273
325
326
273
278
276
275
277
278
275
330
329
275
276
330
275
332
277
275
329
332
275
278
330
276
330
278
333
280
278
277
279
280
277
335
279
277
332
335
277
280
333
278
333
280
336
338
282
279
335
338
279
283
336
280
336
283
339
338
337
281
282
338
281
347
291
281
337
347
281
348
339
283
293
348
283
285
340
284
340
285
341
340
294
284
294
340
349
342
341
285
286
342
285
287
342
286
342
287
343
344
343
287
288
344
287
289
344
288
344
289
345
346
345
289
290
346
289
291
346
290
346
291
347
297
293
292
293
297
298
357
348
293
298
357
293
349
299
294
299
349
358
301
296
295
300
301
295
355
297
296
297
355
356
301
355
296
355
301
359
357
298
297
356
357
297
362
303
299
358
362
299
304
301
300
301
304
305
363
359
301
305
363
301
303
361
302
361
303
362
361
306
302
306
361
366
307
305
304
305
307
308
368
363
305
308
368
305
366
310
306
310
366
370
368
308
307
367
368
307
372
367
307
312
372
307
314
310
309
313
314
309
370
369
309
310
370
309
373
313
309
369
373
309
372
312
311
371
372
311
375
371
311
315
375
311
317
314
313
316
317
313
376
316
313
373
376
313
378
375
315
321
378
315
322
317
316
317
322
323
376
322
316
322
376
379
326
319
318
319
326
327
328
320
319
327
328
319
377
321
320
321
377
378
328
377
320
377
328
385
379
323
322
323
379
380
381
324
323
380
381
323
381
325
324
325
381
382
383
326
325
382
383
325
383
327
326
327
383
384
385
328
327
384
385
327
333
332
329
330
333
329
335
332
331
334
335
331
387
386
331
332
387
331
389
334
331
386
389
331
333
387
332
387
333
388
391
388
333
336
391
333
337
335
334
335
337
338
389
337
334
337
389
392
339
391
336
391
339
394
398
347
337
392
398
337
400
394
339
348
400
339
341
349
340
349
341
350
351
350
341
342
351
341
343
351
342
351
343
352
353
352
343
344
353
343
345
353
344
353
345
354
397
396
345
346
397
345
407
354
345
396
407
345
347
397
346
397
347
398
357
400
348
400
357
409
403
402
349
350
403
349
411
358
349
402
411
349
351
403
350
403
351
404
405
404
351
352
405
351
353
405
352
405
353
406
407
406
353
354
407
353
360
356
355
359
360
355
408
357
356
357
408
409
360
408
356
408
360
414
411
362
358
362
411
416
364
360
359
363
364
359
364
414
360
414
364
420
416
415
361
362
416
361
422
366
361
415
422
361
420
364
363
419
420
363
426
419
363
368
426
363
370
366
365
369
370
365
422
421
365
366
422
365
427
369
365
421
427
365
426
368
367
425
426
367
431
425
367
372
431
367
432
373
369
427
432
369
431
372
371
430
431
371
435
430
371
375
435
371
436
376
373
432
436
373
375
377
374
377
375
378
434
375
374
375
434
435
377
434
374
434
377
442
436
379
376
379
436
443
449
442
377
385
449
377
444
380
379
443
444
379
444
381
380
381
444
445
446
382
381
445
446
381
446
383
382
383
446
447
448
384
383
447
448
383
448
385
384
385
448
449
387
450
386
450
387
451
450
389
386
389
450
454
452
451
387
388
452
387
391
452
388
452
391
456
459
392
389
454
459
389
391
393
390
393
391
394
455
391
390
391
455
456
393
455
390
455
393
460
459
398
392
398
459
466
400
399
393
394
400
393
467
460
393
399
467
393
407
396
395
406
407
395
464
463
395
396
464
395
474
406
395
463
474
395
397
464
396
464
397
465
466
465
397
398
466
397
409
408
399
400
409
399
478
467
399
408
478
399
411
402
401
410
411
401
470
469
401
402
470
401
480
410
401
469
480
401
403
470
402
470
403
471
472
471
403
404
472
403
405
472
404
472
405
473
474
473
405
406
474
405
414
478
408
478
414
483
415
411
410
411
415
416
480
415
410
415
480
485
413
418
412
418
413
419
481
413
412
413
481
482
418
481
412
481
418
487
420
419
413
414
420
413
483
414
413
482
483
413
489
422
415
485
489
415
425
424
417
418
425
417
487
418
417
486
487
417
492
486
417
424
492
417
419
425
418
425
419
426
489
488
421
422
489
421
493
427
421
488
493
421
430
429
423
424
430
423
492
424
423
491
492
423
499
491
423
429
499
423
425
430
424
430
425
431
500
432
427
493
500
427
429
433
428
433
429
434
498
429
428
429
498
499
433
498
428
498
433
505
435
434
429
430
435
429
500
436
432
436
500
506
442
441
433
434
442
433
511
505
433
441
511
433
437
443
436
443
437
444
506
437
436
437
506
507
445
444
437
438
445
437
508
438
437
507
508
437
439
445
438
445
439
446
508
439
438
439
508
509
447
446
439
440
447
439
510
440
439
509
510
439
441
447
440
447
441
448
510
441
440
441
510
511
449
448
441
442
449
441
451
512
450
512
451
513
512
454
450
454
512
516
514
513
451
452
514
451
456
514
452
514
456
518
459
454
453
458
459
453
516
515
453
454
516
453
520
458
453
515
520
453
518
456
455
517
518
455
522
517
455
460
522
455
465
458
457
464
465
457
520
519
457
458
520
457
525
464
457
519
525
457
465
459
458
459
465
466
467
522
460
522
467
527
469
462
461
468
469
461
524
523
461
462
524
461
529
468
461
523
529
461
469
524
462
524
469
530
475
474
463
464
475
463
525
475
464
475
525
536
539
527
467
478
539
467
479
469
468
469
479
480
529
479
468
479
529
541
531
530
469
470
531
469
471
531
470
531
471
532
533
532
471
472
533
471
473
533
472
533
473
534
535
534
473
474
535
473
475
535
474
535
475
536
477
481
476
481
477
482
537
477
476
477
537
538
481
537
476
537
481
543
483
482
477
478
483
477
539
478
477
538
539
477
485
480
479
484
485
479
545
484
479
541
545
479
547
543
481
487
547
481
488
485
484
485
488
489
545
488
484
488
545
549
546
487
486
487
546
547
492
546
486
546
492
553
549
493
488
493
549
555
491
498
490
498
491
499
551
491
490
491
551
552
498
551
490
551
498
560
553
492
491
552
553
491
501
500
493
494
501
493
556
494
493
555
556
493
495
501
494
501
495
502
556
495
494
495
556
557
503
502
495
496
503
495
558
496
495
557
558
495
497
503
496
503
497
504
558
497
496
497
558
559
505
504
497
498
505
497
560
498
497
559
560
497
501
506
500
506
501
507
508
507
501
502
508
501
503
508
502
508
503
509
510
509
503
504
510
503
505
510
504
510
505
511
513
562
512
562
513
563
562
516
512
516
562
565
518
517
513
514
518
513
566
563
513
517
566
513
565
564
515
516
565
515
568
520
515
564
568
515
570
566
517
522
570
517
568
567
519
520
568
519
572
525
519
567
572
519
527
526
521
522
527
521
570
522
521
569
570
521
574
569
521
526
574
521
530
529
523
524
530
523
583
536
525
572
583
525
527
538
526
538
527
539
538
574
526
574
538
585
540
529
528
529
540
541
529
575
528
575
529
576
575
540
528
540
575
586
577
576
529
530
577
529
531
577
530
577
531
578
579
578
531
532
579
531
533
579
532
579
533
580
581
580
533
534
581
533
535
581
534
581
535
582
583
582
535
536
583
535
585
538
537
584
585
537
588
584
537
543
588
537
544
541
540
541
544
545
586
544
540
544
586
589
543
546
542
546
543
547
587
543
542
543
587
588
546
587
542
587
546
590
548
545
544
545
548
549
589
548
544
548
589
591
553
590
546
590
553
595
554
549
548
549
554
555
591
554
548
554
591
596
551
559
550
559
551
560
592
551
550
551
592
593
559
592
550
592
559
601
594
552
551
593
594
551
594
553
552
553
594
595
596
555
554
555
596
597
598
556
555
597
598
555
598
557
556
557
598
599
600
558
557
599
600
557
600
559
558
559
600
601
565
562
561
564
565
561
605
604
561
562
605
561
610
564
561
604
610
561
563
605
562
605
563
606
612
606
563
566
612
563
610
568
564
568
610
616
570
612
566
612
570
618
616
615
567
568
616
567
621
572
567
615
621
567
618
570
569
617
618
569
623
617
569
574
623
569
583
572
571
582
583
571
621
620
571
572
621
571
631
582
571
620
631
571
585
584
573
574
585
573
623
574
573
622
623
573
633
622
573
584
633
573
625
624
575
576
625
575
634
586
575
624
634
575
577
625
576
625
577
626
627
626
577
578
627
577
579
627
578
627
579
628
629
628
579
580
629
579
581
629
580
629
581
630
631
630
581
582
631
581
588
633
584
633
588
637
634
589
586
589
634
638
637
588
587
636
637
587
641
636
587
590
641
587
642
591
589
638
642
589
595
641
590
641
595
650
651
596
591
642
651
591
647
593
592
593
647
648
601
647
592
647
601
656
649
594
593
648
649
593
649
595
594
595
649
650
651
597
596
597
651
652
653
598
597
652
653
597
653
599
598
599
653
654
655
600
599
654
655
599
655
601
600
601
655
656
604
603
602
603
604
605
603
657
602
657
603
658
657
604
602
604
657
663
664
658
603
605
664
603
663
610
604
610
663
669
612
611
605
606
612
605
670
664
605
611
670
605
614
608
607
613
614
607
667
666
607
608
667
607
672
613
607
666
672
607
614
609
608
609
614
615
609
667
608
667
609
668
616
610
609
615
616
609
669
668
609
610
669
609
618
617
611
612
618
611
674
670
611
617
674
611
620
614
613
619
620
613
676
619
613
672
676
613
620
615
614
615
620
621
678
674
617
623
678
617
631
620
619
630
631
619
685
630
619
676
685
619
677
623
622
623
677
678
633
677
622
677
633
688
625
679
624
679
625
680
679
634
624
634
679
690
681
680
625
626
681
625
627
681
626
681
627
682
683
682
627
628
683
627
629
683
628
683
629
684
685
684
629
630
685
629
633
636
632
636
633
637
687
633
632
633
687
688
636
687
632
687
636
692
690
638
634
638
690
694
641
640
635
636
641
635
692
636
635
691
692
635
697
691
635
640
697
635
694
642
638
642
694
699
649
648
639
640
649
639
697
640
639
696
697
639
705
696
639
648
705
639
641
649
640
649
641
650
643
651
642
651
643
652
699
643
642
643
699
700
653
652
643
644
653
643
701
644
643
700
701
643
645
653
644
653
645
654
701
645
644
645
701
702
655
654
645
646
655
645
703
646
645
702
703
645
647
655
646
655
647
656
703
647
646
647
703
704
705
648
647
704
705
647
707
706
657
658
707
657
712
663
657
706
712
657
664
707
658
707
664
713
666
660
659
665
666
659
709
708
659
660
709
659
715
665
659
708
715
659
666
661
660
661
666
667
661
709
660
709
661
710
668
662
661
667
668
661
711
710
661
662
711
661
668
663
662
663
668
669
663
711
662
711
663
712
670
713
664
713
670
718
672
666
665
671
672
665
724
671
665
715
724
665
674
718
670
718
674
727
676
672
671
675
676
671
733
675
671
724
733
671
678
677
673
674
678
673
727
674
673
726
727
673
735
726
673
677
735
673
685
676
675
684
685
675
741
684
675
733
741
675
744
735
677
688
744
677
737
736
679
680
737
679
746
690
679
736
746
679
681
737
680
737
681
738
739
738
681
682
739
681
683
739
682
739
683
740
741
740
683
684
741
683
687
691
686
691
687
692
742
687
686
687
742
743
691
742
686
742
691
749
744
688
687
743
744
687
694
690
689
693
694
689
746
745
689
690
746
689
750
693
689
745
750
689
758
749
691
697
758
691
699
694
693
698
699
693
759
698
693
750
759
693
705
704
695
696
705
695
757
696
695
756
757
695
765
756
695
704
765
695
757
697
696
697
757
758
759
699
698
699
759
760
761
700
699
760
761
699
761
701
700
701
761
762
763
702
701
762
763
701
763
703
702
703
763
764
765
704
703
764
765
703
707
712
706
712
707
713
709
715
708
715
709
716
767
766
709
710
767
709
772
716
709
766
772
709
711
767
710
767
711
768
769
768
711
712
769
711
713
717
712
717
713
718
717
769
712
769
717
775
723
715
714
715
723
724
715
770
714
770
715
771
770
723
714
723
770
780
772
771
715
716
772
715
727
726
717
718
727
717
785
775
717
726
785
717
729
720
719
728
729
719
777
776
719
720
777
719
786
728
719
776
786
719
729
721
720
721
729
730
721
777
720
777
721
778
731
722
721
730
731
721
779
778
721
722
779
721
731
723
722
723
731
732
723
779
722
779
723
780
733
724
723
732
733
723
735
734
725
726
735
725
785
726
725
784
785
725
787
784
725
734
787
725
736
729
728
729
736
737
786
736
728
736
786
789
738
730
729
737
738
729
738
731
730
731
738
739
740
732
731
739
740
731
740
733
732
733
740
741
735
743
734
743
735
744
743
787
734
787
743
792
789
746
736
746
789
794
791
743
742
743
791
792
749
791
742
791
749
798
794
793
745
746
794
745
799
750
745
793
799
745
757
756
747
748
757
747
797
748
747
796
797
747
805
796
747
756
805
747
749
757
748
757
749
758
797
749
748
749
797
798
751
759
750
759
751
760
799
751
750
751
799
800
761
760
751
752
761
751
801
752
751
800
801
751
753
761
752
761
753
762
801
753
752
753
801
802
763
762
753
754
763
753
803
754
753
802
803
753
755
763
754
763
755
764
803
755
754
755
803
804
765
764
755
756
765
755
805
756
755
804
805
755
767
772
766
772
767
773
774
773
767
768
774
767
769
774
768
774
769
775
771
780
770
780
771
781
782
781
771
772
782
771
773
782
772
782
773
783
784
783
773
774
784
773
775
784
774
784
775
785
777
806
776
806
777
807
806
786
776
786
806
815
808
807
777
778
808
777
779
808
778
808
779
809
810
809
779
780
810
779
781
810
780
810
781
811
812
811
781
782
812
781
783
812
782
812
783
813
814
813
783
784
814
783
787
814
784
814
787
823
815
789
786
789
815
825
833
823
787
792
833
787
793
789
788
789
793
794
789
824
788
824
789
825
824
793
788
793
824
834
791
797
790
797
791
798
831
791
790
791
831
832
797
831
790
831
797
841
833
792
791
832
833
791
842
799
793
834
842
793
805
804
795
796
805
795
840
796
795
839
840
795
847
839
795
804
847
795
840
797
796
797
840
841
843
800
799
842
843
799
843
801
800
801
843
844
845
802
801
844
845
801
845
803
802
803
845
846
847
804
803
846
847
803
807
815
806
815
807
816
817
816
807
808
817
807
809
817
808
817
809
818
819
818
809
810
819
809
811
819
810
819
811
820
821
820
811
812
821
811
813
821
812
821
813
822
823
822
813
814
823
813
826
825
815
816
826
815
817
826
816
826
817
827
828
827
817
818
828
817
819
828
818
828
819
829
830
829
819
820
830
819
821
830
820
830
821
831
832
831
821
822
832
821
823
832
822
832
823
833
825
834
824
834
825
835
836
835
825
826
836
825
827
836
826
836
827
837
838
837
827
828
838
827
829
838
828
838
829
839
840
839
829
830
840
829
831
840
830
840
831
841
835
842
834
842
835
843
844
843
835
836
844
835
837
844
836
844
837
845
846
845
837
838
846
837
839
846
838
846
839
847
