9
1
0
1
9
10
1
21
0
21
1
22
21
9
0
9
21
31
11
2
1
10
11
1
23
22
1
2
23
1
11
3
2
3
11
12
3
23
2
23
3
24
13
4
3
12
13
3
25
24
3
4
25
3
13
5
4
5
13
14
5
25
4
25
5
26
15
6
5
14
15
5
27
26
5
6
27
5
15
27
6
27
15
36
17
8
7
16
17
7
30
29
7
8
30
7
38
16
7
29
38
7
17
9
8
9
17
18
9
30
8
30
9
31
19
10
9
18
19
9
19
11
10
11
19
20
33
12
11
32
33
11
42
32
11
20
42
11
33
13
12
13
33
34
35
14
13
34
35
13
35
15
14
15
35
36
38
17
16
17
38
39
40
18
17
39
40
17
40
19
18
19
40
41
42
20
19
41
42
19
47
46
21
22
47
21
56
31
21
46
56
21
23
47
22
47
23
48
49
48
23
24
49
23
25
49
24
49
25
50
51
50
25
26
51
25
27
51
26
51
27
52
37
28
27
36
37
27
53
52
27
28
53
27
37
53
28
53
37
61
55
54
29
30
55
29
63
38
29
54
63
29
31
55
30
55
31
56
42
33
32
33
42
43
58
34
33
57
58
33
68
57
33
43
68
33
58
35
34
35
58
59
60
36
35
59
60
35
44
37
36
37
44
45
60
44
36
44
60
71
72
61
37
45
72
37
63
39
38
39
63
64
65
40
39
64
65
39
65
41
40
41
65
66
67
42
41
66
67
41
67
43
42
43
67
68
71
45
44
45
71
72
47
83
46
83
47
84
83
56
46
56
83
93
85
84
47
48
85
47
49
85
48
85
49
86
87
86
49
50
87
49
51
87
50
87
51
88
89
88
51
52
89
51
53
89
52
89
53
90
95
90
53
61
95
53
55
91
54
91
55
92
91
63
54
63
91
98
93
92
55
56
93
55
69
58
57
68
69
57
69
59
58
59
69
70
71
60
59
70
71
59
100
95
61
72
100
61
73
63
62
63
73
74
63
97
62
97
63
98
97
73
62
73
97
102
75
64
63
74
75
63
75
65
64
65
75
76
77
66
65
76
77
65
77
67
66
67
77
78
79
68
67
78
79
67
79
69
68
69
79
80
81
70
69
80
81
69
81
71
70
71
81
82
100
72
71
99
100
71
111
99
71
82
111
71
103
74
73
102
103
73
103
75
74
75
103
104
105
76
75
104
105
75
105
77
76
77
105
106
107
78
77
106
107
77
107
79
78
79
107
108
109
80
79
108
109
79
109
81
80
81
109
110
111
82
81
110
111
81
94
93
83
84
94
83
85
132
84
132
85
133
132
94
84
94
132
143
134
133
85
86
134
85
87
134
86
134
87
135
136
135
87
88
136
87
89
136
88
136
89
137
138
137
89
90
138
89
95
138
90
138
95
144
141
140
91
92
141
91
150
98
91
140
150
91
93
141
92
141
93
142
143
142
93
94
143
93
101
96
95
100
101
95
145
144
95
96
145
95
101
145
96
145
101
151
150
149
97
98
150
97
155
102
97
149
155
97
112
100
99
111
112
99
112
101
100
101
112
113
156
151
101
113
156
101
114
103
102
103
114
115
155
114
102
114
155
160
116
104
103
115
116
103
116
105
104
105
116
117
118
106
105
117
118
105
118
107
106
107
118
119
120
108
107
119
120
107
120
109
108
109
120
121
122
110
109
121
122
109
122
111
110
111
122
123
124
112
111
123
124
111
124
113
112
113
124
125
168
156
113
125
168
113
160
115
114
115
160
161
162
116
115
161
162
115
162
117
116
117
162
163
164
118
117
163
164
117
164
119
118
119
164
165
127
120
119
126
127
119
176
126
119
165
176
119
127
121
120
121
127
128
129
122
121
128
129
121
129
123
122
123
129
130
167
124
123
166
167
123
180
166
123
130
180
123
167
125
124
125
167
168
176
127
126
127
176
177
178
128
127
177
178
127
178
129
128
129
178
179
180
130
129
179
180
129
143
132
131
142
143
131
220
219
131
132
220
131
230
142
131
219
230
131
133
220
132
220
133
221
222
221
133
134
222
133
135
222
134
222
135
223
224
223
135
136
224
135
137
224
136
224
137
225
226
225
137
138
226
137
144
139
138
139
144
145
139
226
138
226
139
227
231
227
139
145
231
139
141
228
140
228
141
229
228
150
140
150
228
236
230
229
141
142
230
141
152
146
145
151
152
145
232
231
145
146
232
145
152
147
146
147
152
153
147
232
146
232
147
233
154
148
147
153
154
147
234
233
147
148
234
147
154
234
148
234
154
239
236
235
149
150
236
149
240
155
149
235
240
149
157
152
151
156
157
151
157
153
152
153
157
158
159
154
153
158
159
153
159
239
154
239
159
244
245
160
155
240
245
155
241
157
156
157
241
242
168
241
156
241
168
246
243
158
157
242
243
157
243
159
158
159
243
244
171
161
160
161
171
172
245
171
160
171
245
253
173
162
161
172
173
161
173
163
162
163
173
174
175
164
163
174
175
163
175
165
164
165
175
176
180
167
166
167
180
181
182
168
167
181
182
167
182
246
168
246
182
254
184
170
169
183
184
169
252
251
169
170
252
169
260
183
169
251
260
169
184
171
170
171
184
185
171
252
170
252
171
253
186
172
171
185
186
171
186
173
172
173
186
187
188
174
173
187
188
173
188
175
174
175
188
189
190
176
175
189
190
175
190
177
176
177
190
191
192
178
177
191
192
177
192
179
178
179
192
193
194
180
179
193
194
179
194
181
180
181
194
195
196
182
181
195
196
181
196
254
182
254
196
265
198
184
183
197
198
183
272
197
183
260
272
183
261
185
184
185
261
262
198
261
184
261
198
273
263
186
185
262
263
185
263
187
186
187
263
264
200
188
187
199
200
187
276
199
187
264
276
187
200
189
188
189
200
201
202
190
189
201
202
189
202
191
190
191
202
203
204
192
191
203
204
191
204
193
192
193
204
205
206
194
193
205
206
193
206
195
194
195
206
207
208
196
195
207
208
195
208
265
196
265
208
277
273
198
197
272
273
197
210
200
199
209
210
199
283
209
199
276
283
199
210
201
200
201
210
211
212
202
201
211
212
201
212
203
202
203
212
213
214
204
203
213
214
203
214
205
204
205
214
215
216
206
205
215
216
205
216
207
206
207
216
217
218
208
207
217
218
207
218
277
208
277
218
292
284
210
209
283
284
209
284
211
210
211
284
285
286
212
211
285
286
211
286
213
212
213
286
287
288
214
213
287
288
213
288
215
214
215
288
289
290
216
215
289
290
215
290
217
216
217
290
291
292
218
217
291
292
217
310
309
219
220
310
219
319
230
219
309
319
219
221
310
220
310
221
311
312
311
221
222
312
221
223
312
222
312
223
313
314
313
223
224
314
223
225
314
224
314
225
315
316
315
225
226
316
225
227
316
226
316
227
317
320
317
227
231
320
227
229
236
228
236
229
237
319
318
229
230
319
229
325
237
229
318
325
229
321
320
231
232
321
231
233
321
232
321
233
322
239
238
233
234
239
233
327
322
233
238
327
233
324
323
235
236
324
235
330
240
235
323
330
235
237
324
236
324
237
325
239
327
238
327
239
328
334
328
239
244
334
239
330
245
240
245
330
336
247
242
241
246
247
241
247
243
242
243
247
248
249
244
243
248
249
243
249
334
244
334
249
340
344
253
245
336
344
245
254
247
246
247
254
255
256
248
247
255
256
247
256
249
248
249
256
257
258
250
249
257
258
249
341
340
249
250
341
249
258
341
250
341
258
346
343
342
251
252
343
251
348
260
251
342
348
251
253
343
252
343
253
344
265
255
254
255
265
266
267
256
255
266
267
255
267
257
256
257
267
268
269
258
257
268
269
257
269
259
258
259
269
270
259
346
258
346
259
347
353
347
259
270
353
259
348
272
260
272
348
355
274
262
261
273
274
261
274
263
262
263
274
275
276
264
263
275
276
263
278
266
265
277
278
265
278
267
266
267
278
279
351
268
267
350
351
267
360
350
267
279
360
267
351
269
268
269
351
352
353
270
269
352
353
269
281
272
271
280
281
271
355
354
271
272
355
271
364
280
271
354
364
271
281
273
272
273
281
282
357
274
273
356
357
273
366
356
273
282
366
273
357
275
274
275
357
358
359
276
275
358
359
275
359
283
276
283
359
369
293
278
277
292
293
277
293
279
278
279
293
294
371
360
279
294
371
279
364
281
280
281
364
365
366
282
281
365
366
281
370
284
283
369
370
283
295
285
284
285
295
296
370
295
284
295
370
377
297
286
285
296
297
285
297
287
286
287
297
298
299
288
287
298
299
287
299
289
288
289
299
300
301
290
289
300
301
289
301
291
290
291
301
302
303
292
291
302
303
291
303
293
292
293
303
304
305
294
293
304
305
293
305
371
294
371
305
386
378
296
295
377
378
295
306
297
296
297
306
307
378
306
296
306
378
390
308
298
297
307
308
297
379
299
298
299
379
380
308
379
298
379
308
392
381
300
299
380
381
299
381
301
300
301
381
382
383
302
301
382
383
301
383
303
302
303
383
384
385
304
303
384
385
303
385
305
304
305
385
386
390
307
306
307
390
391
392
308
307
391
392
307
398
397
309
310
398
309
407
319
309
397
407
309
311
398
310
398
311
399
400
399
311
312
400
311
313
400
312
400
313
401
402
401
313
314
402
313
315
402
314
402
315
403
404
403
315
316
404
315
317
404
316
404
317
405
408
405
317
320
408
317
319
325
318
325
319
326
411
326
319
407
411
319
321
408
320
408
321
409
410
409
321
322
410
321
327
410
322
410
327
412
331
330
323
324
331
323
325
331
324
331
325
332
333
332
325
326
333
325
411
333
326
333
411
415
413
412
327
328
413
327
334
329
328
329
334
335
329
413
328
413
329
414
416
414
329
335
416
329
331
336
330
336
331
337
338
337
331
332
338
331
333
338
332
338
333
339
419
339
333
415
419
333
340
335
334
335
340
341
420
416
335
341
420
335
337
344
336
344
337
345
418
417
337
338
418
337
423
345
337
417
423
337
339
418
338
418
339
419
425
420
341
346
425
341
343
348
342
348
343
349
422
421
343
344
422
343
428
349
343
421
428
343
345
422
344
422
345
423
347
425
346
425
347
426
430
426
347
353
430
347
349
427
348
427
349
428
427
355
348
355
427
431
360
351
350
351
360
361
362
352
351
361
362
351
362
353
352
353
362
363
436
430
353
363
436
353
355
364
354
364
355
365
437
365
355
431
437
355
366
357
356
357
366
367
368
358
357
367
368
357
368
359
358
359
368
369
433
361
360
361
433
434
371
433
360
433
371
439
435
362
361
434
435
361
435
363
362
363
435
436
373
366
365
372
373
365
442
372
365
437
442
365
373
367
366
367
373
374
375
368
367
374
375
367
375
369
368
369
375
376
377
370
369
376
377
369
453
439
371
386
453
371
442
373
372
373
442
443
444
374
373
443
444
373
444
375
374
375
444
445
388
376
375
387
388
375
457
387
375
445
457
375
388
377
376
377
388
389
390
378
377
389
390
377
447
380
379
446
447
379
460
446
379
392
460
379
447
381
380
381
447
448
449
382
381
448
449
381
449
383
382
383
449
450
451
384
383
450
451
383
451
385
384
385
451
452
453
386
385
452
453
385
394
388
387
393
394
387
469
393
387
457
469
387
394
389
388
389
394
395
396
390
389
395
396
389
458
391
390
391
458
459
396
458
390
458
396
472
460
392
391
459
460
391
470
394
393
469
470
393
470
395
394
395
470
471
472
396
395
471
472
395
489
488
397
398
489
397
499
407
397
488
499
397
399
489
398
489
399
490
491
490
399
400
491
399
401
491
400
491
401
492
493
492
401
402
493
401
403
493
402
493
403
494
495
494
403
404
495
403
405
495
404
495
405
496
409
406
405
408
409
405
497
496
405
406
497
405
409
497
406
497
409
506
508
411
407
499
508
407
507
506
409
410
507
409
412
507
410
507
412
509
512
415
411
508
512
411
413
509
412
509
413
510
511
510
413
414
511
413
416
511
414
511
416
514
516
419
415
512
516
415
420
514
416
514
420
518
424
423
417
418
424
417
419
515
418
515
419
516
515
424
418
424
515
522
425
518
420
518
425
523
520
519
421
422
520
421
525
428
421
519
525
421
423
520
422
520
423
521
522
521
423
424
522
423
430
429
425
426
430
425
526
523
425
429
526
425
432
431
427
428
432
427
525
432
428
432
525
528
436
435
429
430
436
429
529
526
429
435
529
429
438
437
431
432
438
431
528
438
432
438
528
531
440
434
433
439
440
433
440
435
434
435
440
441
534
529
435
441
534
435
531
530
437
438
531
437
535
442
437
530
535
437
533
440
439
532
533
439
539
532
439
453
539
439
533
441
440
441
533
534
454
443
442
443
454
455
535
454
442
454
535
542
456
444
443
455
456
443
456
445
444
445
456
457
460
447
446
447
460
461
462
448
447
461
462
447
462
449
448
449
462
463
464
450
449
463
464
449
536
451
450
451
536
537
464
536
450
536
464
547
538
452
451
537
538
451
538
453
452
453
538
539
466
455
454
455
466
467
542
466
454
466
542
554
468
456
455
467
468
455
468
457
456
457
468
469
472
459
458
459
472
473
474
460
459
473
474
459
543
461
460
461
543
544
474
543
460
543
474
557
545
462
461
544
545
461
545
463
462
463
545
546
547
464
463
546
547
463
476
466
465
475
476
465
554
553
465
466
554
465
568
475
465
553
568
465
476
467
466
467
476
477
478
468
467
477
478
467
478
469
468
469
478
479
480
470
469
479
480
469
480
471
470
471
480
481
482
472
471
481
482
471
555
473
472
473
555
556
482
555
472
555
482
572
557
474
473
556
557
473
569
476
475
568
569
475
483
477
476
477
483
484
569
483
476
483
569
582
485
478
477
484
485
477
485
479
478
479
485
486
487
480
479
486
487
479
570
481
480
481
570
571
487
570
480
570
487
586
572
482
481
571
572
481
583
484
483
582
583
483
583
485
484
485
583
584
585
486
485
584
585
485
585
487
486
487
585
586
489
499
488
499
489
500
501
500
489
490
501
489
491
501
490
501
491
502
503
502
491
492
503
491
493
503
492
503
493
504
505
504
493
494
505
493
495
647
494
647
495
648
647
505
494
505
647
658
649
648
495
496
649
495
497
649
496
649
497
650
507
498
497
506
507
497
651
650
497
498
651
497
507
651
498
651
507
662
653
652
499
500
653
499
663
508
499
652
663
499
501
653
500
653
501
654
655
654
501
502
655
501
503
655
502
655
503
656
657
656
503
504
657
503
505
657
504
657
505
658
671
662
507
509
671
507
663
512
508
512
663
673
672
671
509
510
672
509
511
513
510
513
511
514
513
672
510
672
513
675
673
516
512
516
673
677
518
517
513
514
518
513
678
675
513
517
678
513
677
676
515
516
677
515
684
522
515
676
684
515
679
678
517
518
679
517
523
679
518
679
523
686
682
681
519
520
682
519
688
525
519
681
688
519
521
682
520
682
521
683
684
683
521
522
684
521
689
686
523
526
689
523
527
525
524
525
527
528
525
687
524
687
525
688
687
527
524
527
687
691
529
689
526
689
529
692
531
528
527
530
531
527
694
530
527
691
694
527
696
692
529
534
696
529
694
535
530
535
694
698
539
533
532
533
539
540
541
534
533
540
541
533
541
696
534
696
541
700
702
542
535
698
702
535
547
537
536
537
547
548
549
538
537
548
549
537
549
539
538
539
549
550
551
540
539
550
551
539
551
541
540
541
551
552
704
700
541
552
704
541
702
554
542
554
702
707
558
544
543
557
558
543
558
545
544
545
558
559
560
546
545
559
560
545
560
547
546
547
560
561
562
548
547
561
562
547
562
549
548
549
562
563
564
550
549
563
564
549
564
551
550
551
564
565
566
552
551
565
566
551
566
704
552
704
566
712
707
706
553
554
707
553
714
568
553
706
714
553
573
556
555
572
573
555
573
557
556
557
573
574
575
558
557
574
575
557
575
559
558
559
575
576
577
560
559
576
577
559
577
561
560
561
577
578
579
562
561
578
579
561
708
563
562
563
708
709
579
708
562
708
579
715
710
564
563
709
710
563
710
565
564
565
710
711
712
566
565
711
712
565
581
568
567
580
581
567
714
713
567
568
714
567
719
580
567
713
719
567
581
569
568
569
581
582
586
571
570
571
586
587
588
572
571
587
588
571
588
573
572
573
588
589
590
574
573
589
590
573
590
575
574
575
590
591
592
576
575
591
592
575
592
577
576
577
592
593
594
578
577
593
594
577
594
579
578
579
594
595
721
715
579
595
721
579
596
581
580
581
596
597
719
596
580
596
719
724
598
582
581
597
598
581
598
583
582
583
598
599
600
584
583
599
600
583
600
585
584
585
600
601
602
586
585
601
602
585
602
587
586
587
602
603
604
588
587
603
604
587
604
589
588
589
604
605
606
590
589
605
606
589
606
591
590
591
606
607
608
592
591
607
608
591
608
593
592
593
608
609
610
594
593
609
610
593
720
595
594
595
720
721
610
720
594
720
610
725
611
597
596
597
611
612
724
611
596
611
724
726
613
598
597
612
613
597
613
599
598
599
613
614
615
600
599
614
615
599
615
601
600
601
615
616
617
602
601
616
617
601
617
603
602
603
617
618
619
604
603
618
619
603
619
605
604
605
619
620
621
606
605
620
621
605
621
607
606
607
621
622
623
608
607
622
623
607
623
609
608
609
623
624
625
610
609
624
625
609
625
725
610
725
625
733
727
612
611
726
727
611
727
613
612
613
727
728
627
614
613
626
627
613
736
626
613
728
736
613
627
615
614
615
627
628
629
616
615
628
629
615
629
617
616
617
629
630
631
618
617
630
631
617
631
619
618
619
631
632
633
620
619
632
633
619
729
621
620
621
729
730
633
729
620
729
633
738
731
622
621
730
731
621
731
623
622
623
731
732
635
624
623
634
635
623
741
634
623
732
741
623
635
625
624
625
635
636
742
733
625
636
742
625
736
627
626
627
736
737
638
628
627
637
638
627
747
637
627
737
747
627
638
629
628
629
638
639
640
630
629
639
640
629
640
631
630
631
640
641
642
632
631
641
642
631
642
633
632
633
642
643
753
738
633
643
753
633
644
635
634
635
644
645
741
644
634
644
741
756
646
636
635
645
646
635
646
742
636
742
646
758
748
638
637
747
748
637
748
639
638
639
748
749
750
640
639
749
750
639
750
641
640
641
750
751
752
642
641
751
752
641
752
643
642
643
752
753
756
645
644
645
756
757
758
646
645
757
758
645
659
658
647
648
659
647
649
659
648
659
649
660
661
660
649
650
661
649
651
661
650
661
651
662
653
663
652
663
653
664
665
664
653
654
665
653
655
665
654
665
655
666
667
666
655
656
667
655
657
667
656
667
657
668
669
668
657
658
669
657
659
669
658
669
659
670
794
793
659
660
794
659
804
670
659
793
804
659
661
794
660
794
661
795
796
795
661
662
796
661
671
796
662
796
671
807
798
797
663
664
798
663
809
673
663
797
809
663
665
798
664
798
665
799
800
799
665
666
800
665
667
800
666
800
667
801
802
801
667
668
802
667
669
802
668
802
669
803
804
803
669
670
804
669
675
674
671
672
675
671
814
807
671
674
814
671
817
677
673
809
817
673
675
814
674
814
675
815
818
815
675
678
818
675
677
816
676
816
677
817
816
684
676
684
816
823
679
685
678
685
679
686
685
818
678
818
685
824
687
681
680
681
687
688
681
819
680
819
681
820
819
687
680
687
819
826
821
820
681
682
821
681
683
821
682
821
683
822
823
822
683
684
823
683
825
824
685
686
825
685
689
825
686
825
689
830
832
691
687
826
832
687
836
830
689
692
836
689
693
691
690
691
693
694
691
831
690
831
691
832
831
693
690
693
831
837
696
836
692
836
696
840
698
694
693
697
698
693
841
697
693
837
841
693
700
699
695
696
700
695
840
696
695
839
840
695
843
839
695
699
843
695
702
698
697
701
702
697
844
701
697
841
844
697
704
703
699
700
704
699
845
843
699
703
845
699
707
702
701
706
707
701
847
706
701
844
847
701
712
711
703
704
712
703
848
845
703
711
848
703
714
706
705
713
714
705
847
846
705
706
847
705
849
713
705
846
849
705
715
709
708
709
715
716
717
710
709
716
717
709
717
711
710
711
717
718
852
848
711
718
852
711
853
719
713
849
853
713
722
716
715
721
722
715
722
717
716
717
722
723
852
718
717
851
852
717
857
851
717
723
857
717
858
724
719
853
858
719
854
721
720
721
854
855
725
854
720
854
725
859
856
722
721
855
856
721
856
723
722
723
856
857
858
726
724
726
858
862
863
859
725
733
863
725
734
727
726
727
734
735
862
734
726
734
862
866
736
728
727
735
736
727
739
730
729
738
739
729
739
731
730
731
739
740
741
732
731
740
741
731
868
863
733
742
868
733
744
735
734
735
744
745
866
744
734
744
866
872
746
736
735
745
746
735
746
737
736
737
746
747
753
739
738
739
753
754
755
740
739
754
755
739
755
741
740
741
755
756
758
868
742
868
758
878
760
744
743
759
760
743
872
871
743
744
872
743
881
759
743
871
881
743
760
745
744
745
760
761
762
746
745
761
762
745
762
747
746
747
762
763
764
748
747
763
764
747
764
749
748
749
764
765
766
750
749
765
766
749
874
751
750
751
874
875
766
874
750
874
766
886
876
752
751
875
876
751
767
753
752
753
767
768
876
767
752
767
876
888
769
754
753
768
769
753
769
755
754
755
769
770
771
756
755
770
771
755
771
757
756
757
771
772
878
758
757
877
878
757
889
877
757
772
889
757
774
760
759
773
774
759
890
773
759
881
890
759
882
761
760
761
882
883
774
882
760
882
774
891
884
762
761
883
884
761
884
763
762
763
884
885
776
764
763
775
776
763
892
775
763
885
892
763
776
765
764
765
776
777
778
766
765
777
778
765
778
886
766
886
778
895
780
768
767
779
780
767
897
779
767
888
897
767
780
769
768
769
780
781
782
770
769
781
782
769
782
771
770
771
782
783
784
772
771
783
784
771
784
889
772
889
784
900
786
774
773
785
786
773
901
785
773
890
901
773
786
891
774
891
786
902
893
776
775
892
893
775
893
777
776
777
893
894
895
778
777
894
895
777
788
780
779
787
788
779
903
787
779
897
903
779
788
781
780
781
788
789
790
782
781
789
790
781
898
783
782
783
898
899
790
898
782
898
790
906
900
784
783
899
900
783
902
786
785
901
902
785
904
788
787
903
904
787
904
789
788
789
904
905
792
790
789
791
792
789
910
791
789
905
910
789
792
906
790
906
792
911
911
792
791
910
911
791
805
804
793
794
805
793
795
805
794
805
795
806
807
806
795
796
807
795
810
809
797
798
810
797
799
810
798
810
799
811
919
918
799
800
919
799
928
811
799
918
928
799
801
919
800
919
801
920
921
920
801
802
921
801
803
921
802
921
803
922
923
922
803
804
923
803
805
923
804
923
805
924
813
812
805
806
813
805
934
924
805
812
934
805
807
813
806
813
807
814
816
809
808
809
816
817
809
925
808
925
809
926
925
816
808
816
925
938
927
926
809
810
927
809
811
927
810
927
811
928
813
934
812
934
813
935
936
935
813
814
936
813
815
936
814
936
815
937
948
937
815
818
948
815
938
823
816
823
938
951
824
948
818
948
824
954
827
826
819
820
827
819
821
827
820
827
821
828
950
949
821
822
950
821
955
828
821
949
955
821
823
950
822
950
823
951
825
829
824
829
825
830
829
954
824
954
829
958
827
832
826
832
827
833
834
833
827
828
834
827
955
834
828
834
955
961
836
835
829
830
836
829
962
958
829
835
962
829
838
837
831
832
838
831
833
959
832
959
833
960
959
838
832
838
959
963
961
960
833
834
961
833
840
839
835
836
840
835
964
962
835
839
964
835
842
841
837
838
842
837
963
842
838
842
963
966
967
964
839
843
967
839
966
965
841
842
966
841
968
844
841
965
968
841
970
967
843
845
970
843
968
847
844
847
968
971
973
970
845
848
973
845
847
849
846
849
847
850
975
850
847
971
975
847
852
973
848
973
852
978
975
974
849
850
975
849
979
853
849
974
979
849
978
852
851
977
978
851
983
977
851
857
983
851
984
858
853
979
984
853
859
855
854
855
859
860
861
856
855
860
861
855
982
857
856
857
982
983
861
982
856
982
861
986
984
862
858
862
984
987
864
860
859
863
864
859
864
861
860
861
864
865
989
986
861
865
989
861
987
866
862
866
987
990
869
864
863
868
869
863
869
865
864
865
869
870
992
989
865
870
992
865
867
872
866
872
867
873
990
867
866
867
990
991
993
873
867
991
993
867
878
869
868
869
878
879
880
870
869
879
880
869
880
992
870
992
880
998
882
881
871
872
882
871
873
882
872
882
873
883
999
883
873
993
999
873
886
875
874
875
886
887
888
876
875
887
888
875
996
878
877
995
996
877
1002
995
877
889
1002
877
996
879
878
879
996
997
998
880
879
997
998
879
891
890
881
882
891
881
1000
884
883
999
1000
883
1000
885
884
885
1000
1001
1004
892
885
1001
1004
885
895
887
886
887
895
896
897
888
887
896
897
887
1010
1002
889
900
1010
889
891
901
890
901
891
902
1004
893
892
893
1004
1005
1006
894
893
1005
1006
893
1006
895
894
895
1006
1007
1008
896
895
1007
1008
895
1008
897
896
897
1008
1009
1011
903
897
1009
1011
897
906
899
898
899
906
907
908
900
899
907
908
899
908
1010
900
1010
908
1013
1012
904
903
1011
1012
903
909
905
904
905
909
910
1012
909
904
909
1012
1014
911
907
906
907
911
912
913
908
907
912
913
907
913
1013
908
1013
913
1016
1015
910
909
1014
1015
909
914
911
910
911
914
915
1015
914
910
914
1015
1018
916
912
911
915
916
911
916
913
912
913
916
917
1021
1016
913
917
1021
913
1018
915
914
915
1018
1019
1020
916
915
1019
1020
915
1020
917
916
917
1020
1021
919
928
918
928
919
929
930
929
919
920
930
919
921
930
920
930
921
931
932
931
921
922
932
921
923
932
922
932
923
933
934
933
923
924
934
923
939
938
925
926
939
925
927
939
926
939
927
940
1023
1022
927
928
1023
927
1027
940
927
1022
1027
927
929
1023
928
1023
929
1024
1025
1024
929
930
1025
929
931
941
930
941
931
942
941
1025
930
1025
941
1030
943
942
931
932
943
931
933
943
932
943
933
944
945
944
933
934
945
933
935
945
934
945
935
946
947
946
935
936
947
935
937
947
936
947
937
948
939
951
938
951
939
952
1027
1026
939
940
1027
939
1038
952
939
1026
1038
939
1031
1030
941
942
1031
941
943
1031
942
1031
943
1032
1033
1032
943
944
1033
943
945
1033
944
1033
945
1034
1035
1034
945
946
1035
945
947
1035
946
1035
947
1036
954
953
947
948
954
947
1044
1036
947
953
1044
947
956
955
949
950
956
949
951
956
950
956
951
957
1038
1037
951
952
1038
951
1048
957
951
1037
1048
951
1045
1044
953
954
1045
953
958
1045
954
1045
958
1052
1047
1046
955
956
1047
955
1055
961
955
1046
1055
955
957
1047
956
1047
957
1048
962
1052
958
1052
962
1060
1054
1053
959
960
1054
959
1061
963
959
1053
1061
959
961
1054
960
1054
961
1055
964
1060
962
1060
964
1068
1069
966
963
1061
1069
963
967
1068
964
1068
967
1074
969
968
965
966
969
965
1069
969
966
969
1069
1075
1081
1074
967
970
1081
967
969
971
968
971
969
972
1082
972
969
1075
1082
969
973
1081
970
1081
973
1086
976
975
971
972
976
971
1082
976
972
976
1082
1087
1089
1086
973
978
1089
973
975
979
974
979
975
980
981
980
975
976
981
975
1087
981
976
981
1087
1091
1089
978
977
1088
1089
977
1093
1088
977
983
1093
977
985
984
979
980
985
979
981
1090
980
1090
981
1091
1090
985
980
985
1090
1094
1092
983
982
983
1092
1093
986
1092
982
1092
986
1095
985
987
984
987
985
988
1096
988
985
1094
1096
985
989
1095
986
1095
989
1099
991
990
987
988
991
987
1096
991
988
991
1096
1100
1103
1099
989
992
1103
989
1104
993
991
1100
1104
991
998
1103
992
1103
998
1111
1000
999
993
994
1000
993
1105
994
993
1104
1105
993
1105
1000
994
1000
1105
1112
1109
996
995
1108
1109
995
1115
1108
995
1002
1115
995
1109
997
996
997
1109
1110
1111
998
997
1110
1111
997
1003
1001
1000
1001
1003
1004
1112
1003
1000
1003
1112
1116
1010
1115
1002
1115
1010
1126
1117
1004
1003
1116
1117
1003
1117
1005
1004
1005
1117
1118
1119
1006
1005
1118
1119
1005
1119
1007
1006
1007
1119
1120
1121
1008
1007
1120
1121
1007
1121
1009
1008
1009
1121
1122
1127
1011
1009
1122
1127
1009
1013
1126
1010
1126
1013
1132
1128
1012
1011
1127
1128
1011
1128
1014
1012
1014
1128
1133
1137
1132
1013
1016
1137
1013
1017
1015
1014
1015
1017
1018
1133
1017
1014
1017
1133
1138
1021
1137
1016
1137
1021
1142
1139
1018
1017
1138
1139
1017
1139
1019
1018
1019
1139
1140
1141
1020
1019
1140
1141
1019
1141
1021
1020
1021
1141
1142
1023
1027
1022
1027
1023
1028
1029
1028
1023
1024
1029
1023
1025
1029
1024
1029
1025
1030
1027
1038
1026
1038
1027
1039
1040
1039
1027
1028
1040
1027
1029
1040
1028
1040
1029
1041
1144
1143
1029
1030
1144
1029
1152
1041
1029
1143
1152
1029
1031
1144
1030
1144
1031
1145
1146
1145
1031
1032
1146
1031
1033
1146
1032
1146
1033
1147
1148
1147
1033
1034
1148
1033
1035
1042
1034
1042
1035
1043
1042
1148
1034
1148
1042
1157
1044
1043
1035
1036
1044
1035
1049
1048
1037
1038
1049
1037
1039
1149
1038
1149
1039
1150
1149
1049
1038
1049
1149
1160
1151
1150
1039
1040
1151
1039
1041
1151
1040
1151
1041
1152
1043
1157
1042
1157
1043
1158
1051
1050
1043
1044
1051
1043
1169
1158
1043
1050
1169
1043
1045
1051
1044
1051
1045
1052
1047
1055
1046
1055
1047
1056
1057
1056
1047
1048
1057
1047
1049
1159
1048
1159
1049
1160
1159
1057
1048
1057
1159
1170
1051
1058
1050
1058
1051
1059
1058
1169
1050
1169
1058
1179
1060
1059
1051
1052
1060
1051
1062
1061
1053
1054
1062
1053
1055
1062
1054
1062
1055
1063
1064
1063
1055
1056
1064
1055
1057
1064
1056
1064
1057
1065
1180
1065
1057
1170
1180
1057
1059
1066
1058
1066
1059
1067
1066
1179
1058
1179
1066
1183
1068
1067
1059
1060
1068
1059
1070
1069
1061
1062
1070
1061
1063
1070
1062
1070
1063
1071
1072
1071
1063
1064
1072
1063
1065
1072
1064
1072
1065
1073
1187
1073
1065
1180
1187
1065
1067
1183
1066
1183
1067
1184
1185
1184
1067
1068
1185
1067
1074
1185
1068
1185
1074
1189
1076
1075
1069
1070
1076
1069
1071
1076
1070
1076
1071
1077
1078
1077
1071
1072
1078
1071
1073
1078
1072
1078
1073
1079
1192
1079
1073
1187
1192
1073
1081
1189
1074
1189
1081
1195
1083
1082
1075
1076
1083
1075
1077
1083
1076
1083
1077
1084
1191
1190
1077
1078
1191
1077
1198
1084
1077
1190
1198
1077
1079
1191
1078
1191
1079
1192
1081
1085
1080
1085
1081
1086
1194
1081
1080
1081
1194
1195
1085
1194
1080
1194
1085
1200
1083
1196
1082
1196
1083
1197
1196
1087
1082
1087
1196
1201
1198
1197
1083
1084
1198
1083
1089
1088
1085
1086
1089
1085
1204
1200
1085
1088
1204
1085
1206
1091
1087
1201
1206
1087
1093
1204
1088
1204
1093
1209
1091
1205
1090
1205
1091
1206
1205
1094
1090
1094
1205
1210
1208
1093
1092
1093
1208
1209
1095
1208
1092
1208
1095
1215
1210
1096
1094
1096
1210
1216
1222
1215
1095
1099
1222
1095
1097
1100
1096
1100
1097
1101
1216
1097
1096
1097
1216
1217
1102
1101
1097
1098
1102
1097
1218
1098
1097
1217
1218
1097
1218
1102
1098
1102
1218
1223
1228
1222
1099
1103
1228
1099
1101
1104
1100
1104
1101
1105
1106
1105
1101
1102
1106
1101
1223
1106
1102
1106
1223
1229
1236
1228
1103
1111
1236
1103
1113
1112
1105
1106
1113
1105
1229
1113
1106
1113
1229
1237
1115
1114
1107
1108
1115
1107
1233
1108
1107
1232
1233
1107
1245
1232
1107
1114
1245
1107
1233
1109
1108
1109
1233
1234
1235
1110
1109
1234
1235
1109
1235
1111
1110
1111
1235
1236
1113
1116
1112
1116
1113
1117
1246
1117
1113
1237
1246
1113
1115
1125
1114
1125
1115
1126
1125
1245
1114
1245
1125
1255
1247
1118
1117
1246
1247
1117
1247
1119
1118
1119
1247
1248
1249
1120
1119
1248
1249
1119
1249
1121
1120
1121
1249
1250
1251
1122
1121
1250
1251
1121
1123
1127
1122
1127
1123
1128
1251
1123
1122
1123
1251
1252
1256
1128
1123
1252
1256
1123
1125
1130
1124
1130
1125
1131
1254
1125
1124
1125
1254
1255
1130
1254
1124
1254
1130
1258
1132
1131
1125
1126
1132
1125
1129
1133
1128
1133
1129
1134
1256
1129
1128
1129
1256
1257
1135
1134
1129
1130
1135
1129
1258
1130
1129
1257
1258
1129
1131
1135
1130
1135
1131
1136
1137
1136
1131
1132
1137
1131
1139
1138
1133
1134
1139
1133
1135
1139
1134
1139
1135
1140
1141
1140
1135
1136
1141
1135
1137
1141
1136
1141
1137
1142
1153
1152
1143
1144
1153
1143
1145
1153
1144
1153
1145
1154
1155
1154
1145
1146
1155
1145
1147
1155
1146
1155
1147
1156
1157
1156
1147
1148
1157
1147
1161
1160
1149
1150
1161
1149
1151
1161
1150
1161
1151
1162
1163
1162
1151
1152
1163
1151
1153
1163
1152
1163
1153
1164
1165
1164
1153
1154
1165
1153
1155
1165
1154
1165
1155
1166
1167
1166
1155
1156
1167
1155
1157
1167
1156
1167
1157
1168
1169
1168
1157
1158
1169
1157
1171
1170
1159
1160
1171
1159
1161
1171
1160
1171
1161
1172
1173
1172
1161
1162
1173
1161
1163
1173
1162
1173
1163
1174
1260
1259
1163
1164
1260
1163
1266
1174
1163
1259
1266
1163
1165
1260
1164
1260
1165
1261
1176
1175
1165
1166
1176
1165
1268
1261
1165
1175
1268
1165
1167
1176
1166
1176
1167
1177
1178
1177
1167
1168
1178
1167
1169
1178
1168
1178
1169
1179
1171
1262
1170
1262
1171
1263
1262
1180
1170
1180
1262
1271
1264
1263
1171
1172
1264
1171
1173
1264
1172
1264
1173
1265
1266
1265
1173
1174
1266
1173
1269
1268
1175
1176
1269
1175
1177
1269
1176
1269
1177
1270
1182
1181
1177
1178
1182
1177
1277
1270
1177
1181
1277
1177
1179
1182
1178
1182
1179
1183
1271
1187
1180
1187
1271
1282
1278
1277
1181
1182
1278
1181
1183
1278
1182
1278
1183
1279
1280
1279
1183
1184
1280
1183
1185
1188
1184
1188
1185
1189
1188
1280
1184
1280
1188
1290
1191
1187
1186
1187
1191
1192
1187
1281
1186
1281
1187
1282
1281
1191
1186
1191
1281
1292
1189
1194
1188
1194
1189
1195
1194
1290
1188
1290
1194
1302
1191
1291
1190
1291
1191
1292
1291
1198
1190
1198
1291
1304
1200
1199
1193
1194
1200
1193
1302
1194
1193
1301
1302
1193
1316
1301
1193
1199
1316
1193
1197
1201
1196
1201
1197
1202
1304
1303
1197
1198
1304
1197
1317
1202
1197
1303
1317
1197
1204
1203
1199
1200
1204
1199
1330
1316
1199
1203
1330
1199
1207
1206
1201
1202
1207
1201
1317
1207
1202
1207
1317
1331
1209
1208
1203
1204
1209
1203
1344
1330
1203
1208
1344
1203
1211
1210
1205
1206
1211
1205
1207
1211
1206
1211
1207
1212
1345
1212
1207
1331
1345
1207
1215
1344
1208
1344
1215
1358
1211
1216
1210
1216
1211
1217
1218
1217
1211
1212
1218
1211
1345
1218
1212
1218
1345
1359
1221
1220
1213
1214
1221
1213
1357
1214
1213
1356
1357
1213
1370
1356
1213
1220
1370
1213
1215
1221
1214
1221
1215
1222
1357
1215
1214
1215
1357
1358
1219
1223
1218
1223
1219
1224
1359
1219
1218
1219
1359
1360
1371
1224
1219
1360
1371
1219
1221
1226
1220
1226
1221
1227
1226
1370
1220
1370
1226
1381
1228
1227
1221
1222
1228
1221
1230
1229
1223
1224
1230
1223
1225
1230
1224
1230
1225
1231
1371
1225
1224
1225
1371
1372
1382
1231
1225
1372
1382
1225
1227
1234
1226
1234
1227
1235
1234
1381
1226
1381
1234
1391
1236
1235
1227
1228
1236
1227
1238
1237
1229
1230
1238
1229
1231
1238
1230
1238
1231
1239
1392
1239
1231
1382
1392
1231
1389
1233
1232
1233
1389
1390
1245
1389
1232
1389
1245
1399
1391
1234
1233
1390
1391
1233
1247
1246
1237
1238
1247
1237
1239
1247
1238
1247
1239
1248
1249
1248
1239
1240
1249
1239
1393
1240
1239
1392
1393
1239
1241
1249
1240
1249
1241
1250
1393
1241
1240
1241
1393
1394
1251
1250
1241
1242
1251
1241
1395
1242
1241
1394
1395
1241
1243
1251
1242
1251
1243
1252
1395
1243
1242
1243
1395
1396
1253
1252
1243
1244
1253
1243
1397
1244
1243
1396
1397
1243
1397
1253
1244
1253
1397
1400
1402
1399
1245
1255
1402
1245
1253
1256
1252
1256
1253
1257
1258
1257
1253
1254
1258
1253
1401
1254
1253
1400
1401
1253
1401
1255
1254
1255
1401
1402
1267
1266
1259
1260
1267
1259
1261
1267
1260
1267
1261
1268
1263
1271
1262
1271
1263
1272
1273
1272
1263
1264
1273
1263
1265
1273
1264
1273
1265
1274
1275
1274
1265
1266
1275
1265
1267
1275
1266
1275
1267
1276
1404
1403
1267
1268
1404
1267
1407
1276
1267
1403
1407
1267
1269
1404
1268
1404
1269
1405
1406
1405
1269
1270
1406
1269
1277
1406
1270
1406
1277
1408
1283
1282
1271
1272
1283
1271
1273
1283
1272
1283
1273
1284
1285
1284
1273
1274
1285
1273
1275
1285
1274
1285
1275
1286
1287
1286
1275
1276
1287
1275
1407
1287
1276
1287
1407
1410
1409
1408
1277
1278
1409
1277
1279
1288
1278
1288
1279
1289
1288
1409
1278
1409
1288
1414
1290
1289
1279
1280
1290
1279
1293
1292
1281
1282
1293
1281
1283
1293
1282
1293
1283
1294
1295
1294
1283
1284
1295
1283
1285
1295
1284
1295
1285
1296
1297
1296
1285
1286
1297
1285
1287
1297
1286
1297
1287
1298
1415
1298
1287
1410
1415
1287
1289
1300
1288
1300
1289
1301
1300
1414
1288
1414
1300
1419
1302
1301
1289
1290
1302
1289
1305
1304
1291
1292
1305
1291
1293
1305
1292
1305
1293
1306
1307
1306
1293
1294
1307
1293
1295
1307
1294
1307
1295
1308
1309
1308
1295
1296
1309
1295
1297
1309
1296
1309
1297
1310
1311
1310
1297
1298
1311
1297
1415
1311
1298
1311
1415
1420
1315
1314
1299
1300
1315
1299
1419
1300
1299
1418
1419
1299
1423
1418
1299
1314
1423
1299
1301
1315
1300
1315
1301
1316
1318
1317
1303
1304
1318
1303
1305
1318
1304
1318
1305
1319
1320
1319
1305
1306
1320
1305
1307
1320
1306
1320
1307
1321
1322
1321
1307
1308
1322
1307
1309
1322
1308
1322
1309
1323
1324
1323
1309
1310
1324
1309
1311
1324
1310
1324
1311
1325
1326
1325
1311
1312
1326
1311
1421
1312
1311
1420
1421
1311
1313
1326
1312
1326
1313
1327
1421
1313
1312
1313
1421
1422
1328
1327
1313
1314
1328
1313
1423
1314
1313
1422
1423
1313
1315
1328
1314
1328
1315
1329
1330
1329
1315
1316
1330
1315
1332
1331
1317
1318
1332
1317
1319
1332
1318
1332
1319
1333
1334
1333
1319
1320
1334
1319
1321
1334
1320
1334
1321
1335
1336
1335
1321
1322
1336
1321
1323
1336
1322
1336
1323
1337
1338
1337
1323
1324
1338
1323
1325
1338
1324
1338
1325
1339
1340
1339
1325
1326
1340
1325
1327
1340
1326
1340
1327
1341
1342
1341
1327
1328
1342
1327
1329
1342
1328
1342
1329
1343
1344
1343
1329
1330
1344
1329
1346
1345
1331
1332
1346
1331
1333
1346
1332
1346
1333
1347
1348
1347
1333
1334
1348
1333
1335
1348
1334
1348
1335
1349
1350
1349
1335
1336
1350
1335
1337
1350
1336
1350
1337
1351
1352
1351
1337
1338
1352
1337
1339
1352
1338
1352
1339
1353
1354
1353
1339
1340
1354
1339
1341
1354
1340
1354
1341
1355
1356
1355
1341
1342
1356
1341
1343
1356
1342
1356
1343
1357
1358
1357
1343
1344
1358
1343
1360
1359
1345
1346
1360
1345
1347
1360
1346
1360
1347
1361
1362
1361
1347
1348
1362
1347
1349
1362
1348
1362
1349
1363
1364
1363
1349
1350
1364
1349
1351
1364
1350
1364
1351
1365
1366
1365
1351
1352
1366
1351
1353
1366
1352
1366
1353
1367
1368
1367
1353
1354
1368
1353
1355
1368
1354
1368
1355
1369
1370
1369
1355
1356
1370
1355
1361
1371
1360
1371
1361
1372
1373
1372
1361
1362
1373
1361
1363
1373
1362
1373
1363
1374
1375
1374
1363
1364
1375
1363
1365
1375
1364
1375
1365
1376
1377
1376
1365
1366
1377
1365
1367
1377
1366
1377
1367
1378
1379
1378
1367
1368
1379
1367
1369
1379
1368
1379
1369
1380
1381
1380
1369
1370
1381
1369
1373
1382
1372
1382
1373
1383
1384
1383
1373
1374
1384
1373
1375
1384
1374
1384
1375
1385
1386
1385
1375
1376
1386
1375
1377
1386
1376
1386
1377
1387
1388
1387
1377
1378
1388
1377
1379
1388
1378
1388
1379
1389
1390
1389
1379
1380
1390
1379
1381
1390
1380
1390
1381
1391
1383
1392
1382
1392
1383
1393
1394
1393
1383
1384
1394
1383
1385
1394
1384
1394
1385
1395
1396
1395
1385
1386
1396
1385
1387
1396
1386
1396
1387
1397
1398
1397
1387
1388
1398
1387
1389
1398
1388
1398
1389
1399
1401
1400
1397
1398
1401
1397
1399
1401
1398
1401
1399
1402
1425
1424
1403
1404
1425
1403
1428
1407
1403
1424
1428
1403
1405
1425
1404
1425
1405
1426
1427
1426
1405
1406
1427
1405
1408
1427
1406
1427
1408
1431
1432
1410
1407
1428
1432
1407
1409
1413
1408
1413
1409
1414
1413
1431
1408
1431
1413
1435
1411
1415
1410
1415
1411
1416
1432
1411
1410
1411
1432
1433
1417
1416
1411
1412
1417
1411
1434
1412
1411
1433
1434
1411
1413
1417
1412
1417
1413
1418
1434
1413
1412
1413
1434
1435
1419
1418
1413
1414
1419
1413
1421
1420
1415
1416
1421
1415
1417
1421
1416
1421
1417
1422
1423
1422
1417
1418
1423
1417
1425
1428
1424
1428
1425
1429
1430
1429
1425
1426
1430
1425
1427
1430
1426
1430
1427
1431
1429
1432
1428
1432
1429
1433
1434
1433
1429
1430
1434
1429
1431
1434
1430
1434
1431
1435
