4
1
0
1
4
5
1
22
0
22
1
23
22
4
0
4
22
29
6
2
1
5
6
1
24
23
1
2
24
1
6
24
2
24
6
30
8
4
3
7
8
3
29
28
3
4
29
3
34
7
3
28
34
3
8
5
4
5
8
9
10
6
5
9
10
5
10
30
6
30
10
35
13
8
7
12
13
7
40
12
7
34
40
7
13
9
8
9
13
14
15
10
9
14
15
9
15
35
10
35
15
41
17
12
11
16
17
11
40
39
11
12
40
11
45
16
11
39
45
11
17
13
12
13
17
18
19
14
13
18
19
13
19
15
14
15
19
20
49
41
15
20
49
15
45
17
16
17
45
46
47
18
17
46
47
17
47
19
18
19
47
48
49
20
19
48
49
19
29
22
21
28
29
21
62
61
21
22
62
21
68
28
21
61
68
21
23
62
22
62
23
63
64
63
23
24
64
23
30
25
24
25
30
31
25
64
24
64
25
65
32
26
25
31
32
25
66
65
25
26
66
25
32
27
26
27
32
33
27
66
26
66
27
67
70
67
27
33
70
27
68
34
28
34
68
71
35
31
30
31
35
36
37
32
31
36
37
31
37
33
32
33
37
38
73
70
33
38
73
33
71
40
34
40
71
74
42
36
35
41
42
35
42
37
36
37
42
43
44
38
37
43
44
37
44
73
38
73
44
78
46
45
39
40
46
39
74
46
40
46
74
79
50
42
41
49
50
41
76
43
42
43
76
77
50
76
42
76
50
81
78
44
43
77
78
43
51
47
46
47
51
52
79
51
46
51
79
84
53
48
47
52
53
47
53
49
48
49
53
54
55
50
49
54
55
49
55
81
50
81
55
86
57
52
51
56
57
51
89
56
51
84
89
51
57
53
52
53
57
58
59
54
53
58
59
53
59
55
54
55
59
60
93
86
55
60
93
55
89
57
56
57
89
90
91
58
57
90
91
57
91
59
58
59
91
92
93
60
59
92
93
59
69
68
61
62
69
61
63
99
62
99
63
100
99
69
62
69
99
106
101
100
63
64
101
63
65
101
64
101
65
102
103
102
65
66
103
65
67
103
66
103
67
104
107
104
67
70
107
67
69
71
68
71
69
72
109
72
69
106
109
69
73
107
70
107
73
110
75
74
71
72
75
71
109
75
72
75
109
112
113
110
73
78
113
73
75
79
74
79
75
80
115
80
75
112
115
75
81
77
76
77
81
82
83
78
77
82
83
77
83
113
78
113
83
116
85
84
79
80
85
79
115
85
80
85
115
118
87
82
81
86
87
81
87
83
82
83
87
88
121
116
83
88
121
83
85
89
84
89
85
90
122
90
85
118
122
85
119
87
86
87
119
120
93
119
86
119
93
125
121
88
87
120
121
87
122
91
90
91
122
123
124
92
91
123
124
91
124
93
92
93
124
125
96
95
94
95
96
97
95
135
94
135
95
136
135
96
94
96
135
137
138
136
95
97
138
95
100
97
96
97
100
101
137
100
96
100
137
141
102
98
97
101
102
97
139
138
97
98
139
97
102
139
98
139
102
143
141
140
99
100
141
99
147
106
99
140
147
99
103
143
102
143
103
144
145
144
103
104
145
103
107
105
104
105
107
108
105
145
104
145
105
146
148
146
105
108
148
105
147
109
106
109
147
149
111
108
107
110
111
107
111
148
108
148
111
150
151
112
109
149
151
109
113
111
110
111
113
114
152
150
111
114
152
111
151
115
112
115
151
153
117
114
113
116
117
113
117
152
114
152
117
155
156
118
115
153
156
115
154
117
116
117
154
155
121
154
116
154
121
158
156
122
118
122
156
160
126
120
119
125
126
119
126
121
120
121
126
127
162
158
121
127
162
121
160
123
122
123
160
161
129
124
123
128
129
123
164
128
123
161
164
123
129
125
124
125
129
130
131
126
125
130
131
125
131
127
126
127
131
132
168
162
127
132
168
127
133
129
128
129
133
134
164
133
128
133
164
169
166
130
129
165
166
129
170
165
129
134
170
129
166
131
130
131
166
167
168
132
131
167
168
131
170
134
133
169
170
133
138
137
135
136
138
135
142
141
137
138
142
137
139
142
138
142
139
143
141
175
140
175
141
176
175
147
140
147
175
182
177
176
141
142
177
141
143
177
142
177
143
178
179
178
143
144
179
143
145
179
144
179
145
180
181
180
145
146
181
145
148
181
146
181
148
184
185
149
147
182
185
147
150
184
148
184
150
186
187
151
149
185
187
149
152
186
150
186
152
188
190
153
151
187
190
151
155
188
152
188
155
192
194
156
153
190
194
153
158
155
154
155
158
159
196
192
155
159
196
155
157
160
156
160
157
161
194
157
156
157
194
195
198
161
157
195
198
157
162
159
158
159
162
163
200
196
159
163
200
159
202
164
161
198
202
161
199
163
162
163
199
200
168
199
162
199
168
204
202
169
164
169
202
205
171
166
165
170
171
165
171
167
166
167
171
172
204
168
167
203
204
167
208
203
167
172
208
167
206
170
169
205
206
169
206
171
170
171
206
207
208
172
171
207
208
171
178
174
173
177
178
173
229
228
173
174
229
173
234
177
173
228
234
173
178
229
174
229
178
235
183
182
175
176
183
175
177
233
176
233
177
234
233
183
176
183
233
241
179
235
178
235
179
236
237
236
179
180
237
179
181
237
180
237
181
238
242
238
181
184
242
181
183
240
182
240
183
241
240
185
182
185
240
244
186
242
184
242
186
245
248
187
185
244
248
185
188
245
186
245
188
249
252
190
187
248
252
187
192
189
188
189
192
193
189
249
188
249
189
250
254
250
189
193
254
189
191
194
190
194
191
195
252
191
190
191
252
253
256
195
191
253
256
191
196
193
192
193
196
197
257
254
193
197
257
193
259
198
195
256
259
195
200
197
196
197
200
201
262
257
197
201
262
197
259
202
198
202
259
264
261
200
199
260
261
199
268
260
199
204
268
199
261
201
200
201
261
262
264
205
202
205
264
272
268
204
203
267
268
203
275
267
203
208
275
203
273
206
205
272
273
205
209
207
206
207
209
210
273
209
206
209
273
276
275
208
207
274
275
207
277
274
207
210
277
207
277
210
209
276
277
209
214
212
211
213
214
211
281
280
211
212
281
211
284
213
211
280
284
211
214
281
212
281
214
285
219
214
213
218
219
213
289
218
213
284
289
213
219
215
214
215
219
220
215
285
214
285
215
286
221
216
215
220
221
215
287
286
215
216
287
215
221
217
216
217
221
222
217
287
216
287
217
288
290
288
217
222
290
217
223
219
218
219
223
224
289
223
218
223
289
291
225
220
219
224
225
219
225
221
220
221
225
226
227
222
221
226
227
221
227
290
222
290
227
292
229
224
223
228
229
223
293
228
223
291
293
223
229
225
224
225
229
230
231
226
225
230
231
225
231
227
226
227
231
232
294
292
227
232
294
227
293
234
228
234
293
296
236
230
229
235
236
229
236
231
230
231
236
237
238
232
231
237
238
231
238
294
232
294
238
297
296
295
233
234
296
233
301
241
233
295
301
233
242
239
238
239
242
243
239
297
238
297
239
298
302
298
239
243
302
239
241
300
240
300
241
301
300
244
240
244
300
304
245
243
242
243
245
246
305
302
243
246
305
243
304
248
244
248
304
308
250
246
245
249
250
245
250
247
246
247
250
251
247
305
246
305
247
306
309
306
247
251
309
247
308
252
248
252
308
311
254
251
250
251
254
255
313
309
251
255
313
251
311
253
252
253
311
312
315
256
253
312
315
253
257
255
254
255
257
258
316
313
255
258
316
255
315
259
256
259
315
318
263
258
257
262
263
257
263
316
258
316
263
319
321
264
259
318
321
259
268
261
260
261
268
269
270
262
261
269
270
261
270
263
262
263
270
271
328
319
263
271
328
263
265
272
264
272
265
273
321
265
264
265
321
322
274
273
265
266
274
265
323
266
265
322
323
265
267
274
266
274
267
275
323
267
266
267
323
324
325
268
267
324
325
267
325
269
268
269
325
326
327
270
269
326
327
269
327
271
270
271
327
328
277
276
273
274
277
273
281
279
278
279
281
282
279
330
278
330
279
331
330
281
278
281
330
333
334
331
279
282
334
279
281
332
280
332
281
333
332
284
280
284
332
337
286
282
281
285
286
281
286
283
282
283
286
287
283
334
282
334
283
335
339
335
283
287
339
283
337
289
284
289
337
341
340
339
287
288
340
287
290
340
288
340
290
342
343
291
289
341
343
289
292
342
290
342
292
344
348
293
291
343
348
291
294
344
292
344
294
349
355
296
293
348
355
293
297
349
294
349
297
356
355
354
295
296
355
295
361
301
295
354
361
295
357
356
297
298
357
297
302
299
298
299
302
303
299
357
298
357
299
358
362
358
299
303
362
299
301
360
300
360
301
361
360
304
300
304
360
364
305
303
302
303
305
306
365
362
303
306
365
303
364
308
304
308
364
367
309
307
306
307
309
310
307
365
306
365
307
366
368
366
307
310
368
307
367
311
308
311
367
370
314
310
309
313
314
309
314
368
310
368
314
372
371
312
311
370
371
311
371
315
312
315
371
375
317
314
313
316
317
313
317
372
314
372
317
376
378
318
315
375
378
315
319
317
316
317
319
320
381
376
317
320
381
317
378
321
318
321
378
383
329
320
319
328
329
319
329
381
320
381
329
391
384
322
321
383
384
321
384
323
322
323
384
385
386
324
323
385
386
323
386
325
324
325
386
387
388
326
325
387
388
325
388
327
326
327
388
389
390
328
327
389
390
327
390
329
328
329
390
391
331
333
330
333
331
334
333
337
332
337
333
338
397
396
333
334
397
333
401
338
333
396
401
333
335
397
334
397
335
398
340
336
335
339
340
335
399
398
335
336
399
335
340
399
336
399
340
404
401
400
337
338
401
337
409
341
337
400
409
337
342
404
340
404
342
410
415
343
341
409
415
341
344
410
342
410
344
416
421
348
343
415
421
343
349
345
344
345
349
350
345
416
344
416
345
417
351
346
345
350
351
345
418
417
345
346
418
345
351
347
346
347
351
352
347
418
346
418
347
419
422
419
347
352
422
347
421
355
348
355
421
426
357
350
349
356
357
349
357
351
350
351
357
358
359
352
351
358
359
351
359
422
352
422
359
427
361
354
353
360
361
353
425
424
353
354
425
353
429
360
353
424
429
353
355
425
354
425
355
426
362
359
358
359
362
363
432
427
359
363
432
359
429
364
360
364
429
434
365
363
362
363
365
366
437
432
363
366
437
363
434
367
364
367
434
439
368
437
366
437
368
440
442
370
367
439
442
367
372
369
368
369
372
373
369
440
368
440
369
441
443
441
369
373
443
369
374
371
370
371
374
375
442
374
370
374
442
444
376
373
372
373
376
377
446
443
373
377
446
373
444
375
374
375
444
445
447
378
375
445
447
375
381
377
376
377
381
382
451
446
377
382
451
377
379
383
378
383
379
384
447
379
378
379
447
448
452
384
379
448
452
379
381
390
380
390
381
391
449
381
380
381
449
450
390
449
380
449
390
458
451
382
381
450
451
381
392
385
384
385
392
393
452
392
384
392
452
459
454
386
385
453
454
385
460
453
385
393
460
385
454
387
386
387
454
455
456
388
387
455
456
387
456
389
388
389
456
457
458
390
389
457
458
389
459
393
392
393
459
460
398
395
394
395
398
399
395
461
394
461
395
462
461
398
394
398
461
463
464
462
395
399
464
395
397
401
396
401
397
402
403
402
397
398
403
397
463
403
398
403
463
468
469
464
399
404
469
399
401
465
400
465
401
466
465
409
400
409
465
474
467
466
401
402
467
401
403
467
402
467
403
468
410
405
404
405
410
411
405
469
404
469
405
470
412
406
405
411
412
405
471
470
405
406
471
405
412
407
406
407
412
413
407
471
406
471
407
472
414
408
407
413
414
407
473
472
407
408
473
407
414
473
408
473
414
476
477
415
409
474
477
409
416
411
410
411
416
417
418
412
411
417
418
411
418
413
412
413
418
419
420
414
413
419
420
413
420
476
414
476
420
479
480
421
415
477
480
415
423
420
419
422
423
419
423
479
420
479
423
482
484
426
421
480
484
421
427
423
422
423
427
428
485
482
423
428
485
423
425
429
424
429
425
430
431
430
425
426
431
425
484
431
426
431
484
487
433
428
427
432
433
427
433
485
428
485
433
488
435
434
429
430
435
429
431
435
430
435
431
436
492
436
431
487
492
431
437
433
432
433
437
438
493
488
433
438
493
433
435
490
434
490
435
491
490
439
434
439
490
496
492
491
435
436
492
435
441
438
437
440
441
437
441
493
438
493
441
498
502
442
439
496
502
439
504
498
441
443
504
441
502
444
442
444
502
508
510
504
443
446
510
443
508
445
444
445
508
509
514
447
445
509
514
445
451
510
446
510
451
518
515
448
447
514
515
447
515
452
448
452
515
522
517
450
449
516
517
449
528
516
449
458
528
449
517
451
450
451
517
518
453
459
452
459
453
460
522
453
452
453
522
523
524
454
453
523
524
453
524
455
454
455
524
525
526
456
455
525
526
455
526
457
456
457
526
527
528
458
457
527
528
457
540
539
461
462
540
461
541
463
461
539
541
461
464
540
462
540
464
542
548
468
463
541
548
463
469
542
464
542
469
549
475
474
465
466
475
465
467
546
466
546
467
547
546
475
466
475
546
554
548
547
467
468
548
467
550
549
469
470
550
469
471
550
470
550
471
551
552
551
471
472
552
471
473
552
472
552
473
553
555
553
473
476
555
473
475
477
474
477
475
478
556
478
475
554
556
475
479
555
476
555
479
557
481
480
477
478
481
477
556
481
478
481
556
560
561
557
479
482
561
479
481
559
480
559
481
560
559
484
480
484
559
563
485
483
482
483
485
486
483
561
482
561
483
562
564
562
483
486
564
483
563
487
484
487
563
565
489
486
485
488
489
485
489
564
486
564
489
566
568
492
487
565
568
487
493
489
488
489
493
494
569
566
489
494
569
489
491
496
490
496
491
497
568
567
491
492
568
491
571
497
491
567
571
491
499
494
493
498
499
493
499
495
494
495
499
500
495
569
494
569
495
570
573
570
495
500
573
495
497
502
496
502
497
503
575
503
497
571
575
497
504
499
498
499
504
505
506
500
499
505
506
499
506
501
500
501
506
507
501
573
500
573
501
574
577
574
501
507
577
501
503
508
502
508
503
509
578
509
503
575
578
503
510
505
504
505
510
511
512
506
505
511
512
505
512
507
506
507
512
513
580
577
507
513
580
507
581
514
509
578
581
509
518
511
510
511
518
519
520
512
511
519
520
511
520
513
512
513
520
521
583
580
513
521
583
513
581
515
514
515
581
582
584
522
515
582
584
515
528
517
516
517
528
529
530
518
517
529
530
517
530
519
518
519
530
531
532
520
519
531
532
519
532
521
520
521
532
533
593
583
521
533
593
521
584
523
522
523
584
585
586
524
523
585
586
523
586
525
524
525
586
587
588
526
525
587
588
525
534
527
526
527
534
535
588
534
526
534
588
594
536
528
527
535
536
527
536
529
528
529
536
537
538
530
529
537
538
529
590
531
530
531
590
591
538
590
530
590
538
598
592
532
531
591
592
531
592
533
532
533
592
593
594
535
534
535
594
595
596
536
535
595
596
535
596
537
536
537
596
597
598
538
537
597
598
537
542
541
539
540
542
539
608
607
541
542
608
541
614
548
541
607
614
541
549
543
542
543
549
550
543
608
542
608
543
609
551
544
543
550
551
543
610
609
543
544
610
543
551
545
544
545
551
552
545
610
544
610
545
611
616
611
545
552
616
545
547
612
546
612
547
613
612
554
546
554
612
618
614
613
547
548
614
547
553
616
552
616
553
617
620
617
553
555
620
553
618
556
554
556
618
622
624
620
555
557
624
555
622
560
556
560
622
627
562
558
557
561
562
557
625
624
557
558
625
557
562
625
558
625
562
628
627
626
559
560
627
559
630
563
559
626
630
559
564
628
562
628
564
633
637
565
563
630
637
563
566
633
564
633
566
640
644
568
565
637
644
565
569
640
566
640
569
645
572
571
567
568
572
567
644
572
568
572
644
649
646
645
569
570
646
569
573
646
570
646
573
650
576
575
571
572
576
571
649
576
572
576
649
654
651
650
573
574
651
573
577
651
574
651
577
655
579
578
575
576
579
575
654
579
576
579
654
658
659
655
577
580
659
577
579
581
578
581
579
582
662
582
579
658
662
579
583
659
580
659
583
666
662
584
582
584
662
669
675
666
583
593
675
583
669
585
584
585
669
670
671
586
585
670
671
585
671
587
586
587
671
672
673
588
587
672
673
587
589
594
588
594
589
595
673
589
588
589
673
674
678
595
589
674
678
589
598
591
590
591
598
599
600
592
591
599
600
591
600
593
592
593
600
601
683
675
593
601
683
593
679
596
595
678
679
595
679
597
596
597
679
680
603
598
597
602
603
597
686
602
597
680
686
597
603
599
598
599
603
604
605
600
599
604
605
599
605
601
600
601
605
606
690
683
601
606
690
601
686
603
602
603
686
687
688
604
603
687
688
603
688
605
604
605
688
689
690
606
605
689
690
605
615
614
607
608
615
607
609
693
608
693
609
694
693
615
608
615
693
701
695
694
609
610
695
609
611
695
610
695
611
696
704
696
611
616
704
611
613
618
612
618
613
619
700
699
613
614
700
613
708
619
613
699
708
613
615
700
614
700
615
701
617
704
616
704
617
705
711
705
617
620
711
617
619
622
618
622
619
623
715
623
619
708
715
619
624
621
620
621
624
625
621
711
620
711
621
712
718
712
621
625
718
621
623
714
622
714
623
715
714
627
622
627
714
720
721
718
625
628
721
625
627
630
626
630
627
631
723
631
627
720
723
627
633
629
628
629
633
634
629
721
628
721
629
722
725
722
629
634
725
629
631
637
630
637
631
638
639
638
631
632
639
631
724
632
631
723
724
631
724
639
632
639
724
730
641
634
633
640
641
633
641
635
634
635
641
642
635
725
634
725
635
726
643
636
635
642
643
635
727
726
635
636
727
635
643
727
636
727
643
731
729
728
637
638
729
637
732
644
637
728
732
637
639
729
638
729
639
730
645
641
640
641
645
646
647
642
641
646
647
641
647
643
642
643
647
648
733
731
643
648
733
643
732
649
644
649
732
734
650
647
646
647
650
651
652
648
647
651
652
647
652
733
648
733
652
735
737
654
649
734
737
649
656
652
651
655
656
651
656
653
652
653
656
657
653
735
652
735
653
736
738
736
653
657
738
653
737
658
654
658
737
740
660
656
655
659
660
655
660
657
656
657
660
661
741
738
657
661
741
657
740
662
658
662
740
743
667
660
659
666
667
659
667
661
660
661
667
668
747
741
661
668
747
661
743
669
662
669
743
749
671
670
663
664
671
663
745
664
663
744
745
663
750
744
663
670
750
663
665
671
664
671
665
672
745
665
664
665
745
746
751
672
665
746
751
665
675
667
666
667
675
676
677
668
667
676
677
667
677
747
668
747
677
754
750
670
669
749
750
669
751
673
672
673
751
752
753
674
673
752
753
673
753
678
674
678
753
756
684
676
675
683
684
675
684
677
676
677
684
685
764
754
677
685
764
677
756
679
678
679
756
757
758
680
679
757
758
679
681
686
680
686
681
687
758
681
680
681
758
759
688
687
681
682
688
681
760
682
681
759
760
681
760
688
682
688
760
766
691
684
683
690
691
683
691
685
684
685
691
692
770
764
685
692
770
685
766
689
688
689
766
767
768
690
689
767
768
689
768
691
690
691
768
769
770
692
691
769
770
691
702
701
693
694
702
693
695
702
694
702
695
703
773
772
695
696
773
695
778
703
695
772
778
695
704
697
696
697
704
705
697
773
696
773
697
774
706
698
697
705
706
697
775
774
697
698
775
697
706
775
698
775
706
780
709
708
699
700
709
699
701
709
700
709
701
710
777
776
701
702
777
701
783
710
701
776
783
701
703
777
702
777
703
778
712
706
705
711
712
705
712
707
706
707
712
713
707
780
706
780
707
781
784
781
707
713
784
707
709
715
708
715
709
716
717
716
709
710
717
709
783
717
710
717
783
789
718
713
712
713
718
719
791
784
713
719
791
713
715
786
714
786
715
787
786
720
714
720
786
793
788
787
715
716
788
715
717
788
716
788
717
789
790
719
718
719
790
791
721
790
718
790
721
796
793
723
720
723
793
802
797
796
721
722
797
721
725
797
722
797
725
804
730
724
723
729
730
723
810
729
723
802
810
723
805
804
725
726
805
725
727
805
726
805
727
806
812
806
727
731
812
727
729
809
728
809
729
810
809
732
728
732
809
815
818
812
731
733
818
731
815
734
732
734
815
821
824
818
733
735
824
733
821
737
734
737
821
827
825
824
735
736
825
735
738
825
736
825
738
830
832
740
737
827
832
737
741
739
738
739
741
742
739
830
738
830
739
831
835
831
739
742
835
739
832
743
740
743
832
836
748
742
741
747
748
741
748
835
742
835
748
840
841
749
743
836
841
743
837
745
744
745
837
838
750
837
744
837
750
842
839
746
745
838
839
745
839
751
746
751
839
844
755
748
747
754
755
747
755
840
748
840
755
849
842
750
749
841
842
749
845
752
751
844
845
751
845
753
752
753
845
846
850
756
753
846
850
753
764
755
754
755
764
765
859
849
755
765
859
755
850
757
756
757
850
851
852
758
757
851
852
757
852
759
758
759
852
853
854
760
759
853
854
759
761
766
760
766
761
767
854
761
760
761
854
855
768
767
761
762
768
761
856
762
761
855
856
761
763
768
762
768
763
769
856
763
762
763
856
857
770
769
763
764
770
763
858
764
763
857
858
763
858
765
764
765
858
859
778
772
771
777
778
771
862
861
771
772
862
771
866
777
771
861
866
771
773
862
772
862
773
863
864
863
773
774
864
773
775
779
774
779
775
780
779
864
774
864
779
867
777
865
776
865
777
866
865
783
776
783
865
871
868
867
779
780
868
779
781
868
780
868
781
869
785
782
781
784
785
781
870
869
781
782
870
781
785
870
782
870
785
872
874
789
783
871
874
783
791
785
784
785
791
792
875
872
785
792
875
785
787
793
786
793
787
794
795
794
787
788
795
787
789
873
788
873
789
874
873
795
788
795
873
877
796
791
790
791
796
797
798
792
791
797
798
791
798
875
792
875
798
879
803
802
793
794
803
793
795
876
794
876
795
877
876
803
794
803
876
883
805
798
797
804
805
797
805
799
798
799
805
806
799
879
798
879
799
880
807
800
799
806
807
799
881
880
799
800
881
799
807
801
800
801
807
808
801
881
800
881
801
882
884
882
801
808
884
801
803
810
802
810
803
811
885
811
803
883
885
803
812
807
806
807
812
813
814
808
807
813
814
807
814
884
808
884
814
886
816
815
809
810
816
809
811
816
810
816
811
817
887
817
811
885
887
811
818
813
812
813
818
819
820
814
813
819
820
813
820
886
814
886
820
888
822
821
815
816
822
815
817
822
816
822
817
823
889
823
817
887
889
817
824
819
818
819
824
825
826
820
819
825
826
819
826
888
820
888
826
890
828
827
821
822
828
821
823
828
822
828
823
829
891
829
823
889
891
823
831
826
825
830
831
825
831
890
826
890
831
892
833
832
827
828
833
827
829
833
828
833
829
834
895
834
829
891
895
829
896
892
831
835
896
831
833
836
832
836
833
837
895
894
833
834
895
833
898
837
833
894
898
833
900
896
835
840
900
835
837
841
836
841
837
842
899
838
837
898
899
837
843
839
838
839
843
844
899
843
838
843
899
902
849
900
840
900
849
908
903
844
843
902
903
843
903
845
844
845
903
904
905
846
845
904
905
845
847
850
846
850
847
851
905
847
846
847
905
906
852
851
847
848
852
847
907
848
847
906
907
847
907
852
848
852
907
910
917
908
849
859
917
849
910
853
852
853
910
911
912
854
853
911
912
853
912
855
854
855
912
913
914
856
855
913
914
855
914
857
856
857
914
915
916
858
857
915
916
857
916
859
858
859
916
917
865
861
860
861
865
866
861
924
860
924
861
925
924
865
860
865
924
930
926
925
861
862
926
861
863
926
862
926
863
927
928
927
863
864
928
863
867
928
864
928
867
931
935
871
865
930
935
865
932
931
867
868
932
867
869
932
868
932
869
933
934
933
869
870
934
869
872
934
870
934
872
936
937
874
871
935
937
871
875
936
872
936
875
938
878
877
873
874
878
873
937
878
874
878
937
941
942
938
875
879
942
875
877
939
876
939
877
940
939
883
876
883
939
946
941
940
877
878
941
877
943
942
879
880
943
879
881
943
880
943
881
944
945
944
881
882
945
881
884
945
882
945
884
950
952
885
883
946
952
883
886
950
884
950
886
954
956
887
885
952
956
885
888
954
886
954
888
958
960
889
887
956
960
887
890
958
888
958
890
962
964
891
889
960
964
889
892
962
890
962
892
966
968
895
891
964
968
891
896
893
892
893
896
897
893
966
892
966
893
967
970
967
893
897
970
893
895
898
894
898
895
899
971
899
895
968
971
895
900
897
896
897
900
901
979
970
897
901
979
897
980
902
899
971
980
899
908
901
900
901
908
909
993
979
901
909
993
901
980
903
902
903
980
981
982
904
903
981
982
903
982
905
904
905
982
983
984
906
905
983
984
905
984
907
906
907
984
985
994
910
907
985
994
907
917
909
908
909
917
918
1002
993
909
918
1002
909
919
911
910
911
919
920
994
919
910
919
994
1003
921
912
911
920
921
911
921
913
912
913
921
922
923
914
913
922
923
913
998
915
914
915
998
999
923
998
914
998
923
1007
1000
916
915
999
1000
915
1000
917
916
917
1000
1001
1002
918
917
1001
1002
917
1004
920
919
1003
1004
919
1004
921
920
921
1004
1005
1006
922
921
1005
1006
921
1006
923
922
923
1006
1007
925
1008
924
1008
925
1009
1008
930
924
930
1008
1014
1010
1009
925
926
1010
925
927
1010
926
1010
927
1011
1012
1011
927
928
1012
927
931
929
928
929
931
932
929
1012
928
1012
929
1013
1018
1013
929
932
1018
929
1014
935
930
935
1014
1021
933
1018
932
1018
933
1019
1020
1019
933
934
1020
933
936
1020
934
1020
936
1022
1023
937
935
1021
1023
935
938
1022
936
1022
938
1024
1025
941
937
1023
1025
937
942
1024
938
1024
942
1026
947
946
939
940
947
939
941
947
940
947
941
948
1031
948
941
1025
1031
941
943
1026
942
1026
943
1027
1028
1027
943
944
1028
943
945
949
944
949
945
950
949
1028
944
1028
949
1032
947
952
946
952
947
953
1031
1030
947
948
1031
947
1035
953
947
1030
1035
947
1033
1032
949
950
1033
949
954
951
950
951
954
955
951
1033
950
1033
951
1034
1036
1034
951
955
1036
951
953
956
952
956
953
957
1037
957
953
1035
1037
953
958
955
954
955
958
959
1038
1036
955
959
1038
955
957
960
956
960
957
961
1039
961
957
1037
1039
957
962
959
958
959
962
963
1040
1038
959
963
1040
959
961
964
960
964
961
965
1041
965
961
1039
1041
961
966
963
962
963
966
967
1042
1040
963
967
1042
963
965
968
964
968
965
969
1043
969
965
1041
1043
965
1044
1042
967
970
1044
967
969
971
968
971
969
972
1045
972
969
1043
1045
969
979
1044
970
1044
979
1052
981
980
971
972
981
971
973
981
972
981
973
982
1045
973
972
973
1045
1046
983
982
973
974
983
973
1047
974
973
1046
1047
973
975
983
974
983
975
984
1047
975
974
975
1047
1048
985
984
975
976
985
975
1049
976
975
1048
1049
975
977
985
976
985
977
986
1049
977
976
977
1049
1050
987
986
977
978
987
977
1051
978
977
1050
1051
977
1051
987
978
987
1051
1053
1059
1052
979
993
1059
979
995
994
985
986
995
985
987
995
986
995
987
996
997
996
987
988
997
987
1054
988
987
1053
1054
987
989
997
988
997
989
998
1054
989
988
989
1054
1055
999
998
989
990
999
989
1056
990
989
1055
1056
989
991
999
990
999
991
1000
1056
991
990
991
1056
1057
1001
1000
991
992
1001
991
1058
992
991
1057
1058
991
993
1001
992
1001
993
1002
1058
993
992
993
1058
1059
995
1003
994
1003
995
1004
1005
1004
995
996
1005
995
997
1005
996
1005
997
1006
1007
1006
997
998
1007
997
1009
1014
1008
1014
1009
1015
1016
1015
1009
1010
1016
1009
1011
1016
1010
1016
1011
1017
1061
1060
1011
1012
1061
1011
1066
1017
1011
1060
1066
1011
1013
1061
1012
1061
1013
1062
1068
1062
1013
1018
1068
1013
1015
1063
1014
1063
1015
1064
1063
1021
1014
1021
1063
1071
1065
1064
1015
1016
1065
1015
1017
1065
1016
1065
1017
1066
1019
1068
1018
1068
1019
1069
1070
1069
1019
1020
1070
1019
1022
1070
1020
1070
1022
1076
1077
1023
1021
1071
1077
1021
1024
1076
1022
1076
1024
1080
1081
1025
1023
1077
1081
1023
1026
1080
1024
1080
1026
1083
1088
1031
1025
1081
1088
1025
1027
1083
1026
1083
1027
1084
1085
1084
1027
1028
1085
1027
1032
1029
1028
1029
1032
1033
1029
1085
1028
1085
1029
1086
1089
1086
1029
1033
1089
1029
1031
1087
1030
1087
1031
1088
1087
1035
1030
1035
1087
1091
1090
1089
1033
1034
1090
1033
1036
1090
1034
1090
1036
1093
1094
1037
1035
1091
1094
1035
1038
1093
1036
1093
1038
1096
1097
1039
1037
1094
1097
1037
1040
1096
1038
1096
1040
1101
1102
1041
1039
1097
1102
1039
1042
1101
1040
1101
1042
1106
1107
1043
1041
1102
1107
1041
1044
1106
1042
1106
1044
1112
1113
1045
1043
1107
1113
1043
1052
1112
1044
1112
1052
1125
1114
1046
1045
1113
1114
1045
1114
1047
1046
1047
1114
1115
1116
1048
1047
1115
1116
1047
1116
1049
1048
1049
1116
1117
1118
1050
1049
1117
1118
1049
1118
1051
1050
1051
1118
1119
1126
1053
1051
1119
1126
1051
1059
1125
1052
1125
1059
1132
1127
1054
1053
1126
1127
1053
1127
1055
1054
1055
1127
1128
1129
1056
1055
1128
1129
1055
1129
1057
1056
1057
1129
1130
1131
1058
1057
1130
1131
1057
1131
1059
1058
1059
1131
1132
1061
1066
1060
1066
1061
1067
1068
1067
1061
1062
1068
1061
1072
1071
1063
1064
1072
1063
1065
1072
1064
1072
1065
1073
1074
1073
1065
1066
1074
1065
1067
1133
1066
1133
1067
1134
1133
1074
1066
1074
1133
1139
1135
1134
1067
1068
1135
1067
1069
1135
1068
1135
1069
1136
1076
1075
1069
1070
1076
1069
1140
1136
1069
1075
1140
1069
1078
1077
1071
1072
1078
1071
1073
1137
1072
1137
1073
1138
1137
1078
1072
1078
1137
1141
1139
1138
1073
1074
1139
1073
1080
1079
1075
1076
1080
1075
1144
1140
1075
1079
1144
1075
1082
1081
1077
1078
1082
1077
1141
1082
1078
1082
1141
1147
1145
1144
1079
1080
1145
1079
1083
1145
1080
1145
1083
1148
1147
1146
1081
1082
1147
1081
1152
1088
1081
1146
1152
1081
1149
1148
1083
1084
1149
1083
1085
1149
1084
1149
1085
1150
1151
1150
1085
1086
1151
1085
1089
1151
1086
1151
1089
1154
1092
1091
1087
1088
1092
1087
1152
1092
1088
1092
1152
1156
1155
1154
1089
1090
1155
1089
1093
1155
1090
1155
1093
1159
1095
1094
1091
1092
1095
1091
1156
1095
1092
1095
1156
1160
1163
1159
1093
1096
1163
1093
1095
1097
1094
1097
1095
1098
1164
1098
1095
1160
1164
1095
1101
1163
1096
1163
1101
1167
1103
1102
1097
1098
1103
1097
1099
1103
1098
1103
1099
1104
1164
1099
1098
1099
1164
1165
1105
1104
1099
1100
1105
1099
1166
1100
1099
1165
1166
1099
1166
1105
1100
1105
1166
1168
1170
1167
1101
1106
1170
1101
1103
1107
1102
1107
1103
1108
1109
1108
1103
1104
1109
1103
1105
1109
1104
1109
1105
1110
1171
1110
1105
1168
1171
1105
1112
1170
1106
1170
1112
1174
1114
1113
1107
1108
1114
1107
1109
1114
1108
1114
1109
1115
1116
1115
1109
1110
1116
1109
1171
1116
1110
1116
1171
1175
1125
1124
1111
1112
1125
1111
1174
1112
1111
1173
1174
1111
1183
1173
1111
1124
1183
1111
1175
1117
1116
1117
1175
1176
1177
1118
1117
1176
1177
1117
1177
1119
1118
1119
1177
1178
1127
1126
1119
1120
1127
1119
1179
1120
1119
1178
1179
1119
1121
1127
1120
1127
1121
1128
1179
1121
1120
1121
1179
1180
1129
1128
1121
1122
1129
1121
1181
1122
1121
1180
1181
1121
1123
1129
1122
1129
1123
1130
1181
1123
1122
1123
1181
1182
1131
1130
1123
1124
1131
1123
1183
1124
1123
1182
1183
1123
1125
1131
1124
1131
1125
1132
1185
1184
1133
1134
1185
1133
1188
1139
1133
1184
1188
1133
1135
1185
1134
1185
1135
1186
1187
1186
1135
1136
1187
1135
1140
1187
1136
1187
1140
1189
1142
1141
1137
1138
1142
1137
1139
1142
1138
1142
1139
1143
1192
1143
1139
1188
1192
1139
1144
1189
1140
1189
1144
1193
1191
1190
1141
1142
1191
1141
1195
1147
1141
1190
1195
1141
1143
1191
1142
1191
1143
1192
1145
1193
1144
1193
1145
1194
1198
1194
1145
1148
1198
1145
1147
1152
1146
1152
1147
1153
1202
1153
1147
1195
1202
1147
1149
1198
1148
1198
1149
1199
1200
1199
1149
1150
1200
1149
1151
1200
1150
1200
1151
1201
1205
1201
1151
1154
1205
1151
1153
1156
1152
1156
1153
1157
1207
1157
1153
1202
1207
1153
1155
1205
1154
1205
1155
1206
1210
1206
1155
1159
1210
1155
1157
1160
1156
1160
1157
1161
1162
1161
1157
1158
1162
1157
1208
1158
1157
1207
1208
1157
1208
1162
1158
1162
1208
1211
1213
1210
1159
1163
1213
1159
1161
1164
1160
1164
1161
1165
1166
1165
1161
1162
1166
1161
1211
1166
1162
1166
1211
1214
1216
1213
1163
1167
1216
1163
1214
1168
1166
1168
1214
1217
1219
1216
1167
1170
1219
1167
1169
1171
1168
1171
1169
1172
1217
1169
1168
1169
1217
1218
1220
1172
1169
1218
1220
1169
1174
1219
1170
1219
1174
1222
1176
1175
1171
1172
1176
1171
1220
1176
1172
1176
1220
1223
1222
1174
1173
1221
1222
1173
1230
1221
1173
1183
1230
1173
1223
1177
1176
1177
1223
1224
1225
1178
1177
1224
1225
1177
1225
1179
1178
1179
1225
1226
1227
1180
1179
1226
1227
1179
1227
1181
1180
1181
1227
1228
1229
1182
1181
1228
1229
1181
1229
1183
1182
1183
1229
1230
1185
1232
1184
1232
1185
1233
1232
1188
1184
1188
1232
1236
1234
1233
1185
1186
1234
1185
1187
1234
1186
1234
1187
1235
1239
1235
1187
1189
1239
1187
1236
1192
1188
1192
1236
1240
1243
1239
1189
1193
1243
1189
1191
1195
1190
1195
1191
1196
1197
1196
1191
1192
1197
1191
1240
1197
1192
1197
1240
1245
1244
1243
1193
1194
1244
1193
1198
1244
1194
1244
1198
1249
1203
1202
1195
1196
1203
1195
1197
1203
1196
1203
1197
1204
1254
1204
1197
1245
1254
1197
1199
1249
1198
1249
1199
1250
1251
1250
1199
1200
1251
1199
1201
1251
1200
1251
1201
1252
1255
1252
1201
1205
1255
1201
1203
1207
1202
1207
1203
1208
1209
1208
1203
1204
1209
1203
1254
1209
1204
1209
1254
1257
1256
1255
1205
1206
1256
1205
1210
1256
1206
1256
1210
1258
1209
1211
1208
1211
1209
1212
1259
1212
1209
1257
1259
1209
1213
1258
1210
1258
1213
1260
1215
1214
1211
1212
1215
1211
1259
1215
1212
1215
1259
1261
1262
1260
1213
1216
1262
1213
1215
1217
1214
1217
1215
1218
1263
1218
1215
1261
1263
1215
1219
1262
1216
1262
1219
1265
1263
1220
1218
1220
1263
1266
1268
1265
1219
1222
1268
1219
1266
1223
1220
1223
1266
1269
1231
1222
1221
1230
1231
1221
1231
1268
1222
1268
1231
1277
1270
1224
1223
1269
1270
1223
1270
1225
1224
1225
1270
1271
1272
1226
1225
1271
1272
1225
1272
1227
1226
1227
1272
1273
1274
1228
1227
1273
1274
1227
1274
1229
1228
1229
1274
1275
1276
1230
1229
1275
1276
1229
1276
1231
1230
1231
1276
1277
1233
1236
1232
1236
1233
1237
1238
1237
1233
1234
1238
1233
1235
1238
1234
1238
1235
1239
1237
1240
1236
1240
1237
1241
1242
1241
1237
1238
1242
1237
1239
1242
1238
1242
1239
1243
1241
1245
1240
1245
1241
1246
1247
1246
1241
1242
1247
1241
1243
1247
1242
1247
1243
1248
1249
1248
1243
1244
1249
1243
1279
1278
1245
1246
1279
1245
1287
1254
1245
1278
1287
1245
1247
1279
1246
1279
1247
1280
1281
1280
1247
1248
1281
1247
1249
1281
1248
1281
1249
1282
1283
1282
1249
1250
1283
1249
1251
1283
1250
1283
1251
1284
1285
1284
1251
1252
1285
1251
1255
1253
1252
1253
1255
1256
1253
1285
1252
1285
1253
1286
1295
1286
1253
1256
1295
1253
1287
1257
1254
1257
1287
1296
1258
1295
1256
1295
1258
1304
1305
1259
1257
1296
1305
1257
1260
1304
1258
1304
1260
1309
1310
1261
1259
1305
1310
1259
1262
1309
1260
1309
1262
1314
1315
1263
1261
1310
1315
1261
1265
1314
1262
1314
1265
1319
1267
1266
1263
1264
1267
1263
1316
1264
1263
1315
1316
1263
1316
1267
1264
1267
1316
1320
1323
1319
1265
1268
1323
1265
1267
1269
1266
1269
1267
1270
1324
1270
1267
1320
1324
1267
1277
1323
1268
1323
1277
1331
1324
1271
1270
1271
1324
1325
1326
1272
1271
1325
1326
1271
1326
1273
1272
1273
1326
1327
1328
1274
1273
1327
1328
1273
1328
1275
1274
1275
1328
1329
1330
1276
1275
1329
1330
1275
1330
1277
1276
1277
1330
1331
1279
1287
1278
1287
1279
1288
1289
1288
1279
1280
1289
1279
1281
1289
1280
1289
1281
1290
1291
1290
1281
1282
1291
1281
1283
1291
1282
1291
1283
1292
1293
1292
1283
1284
1293
1283
1285
1293
1284
1293
1285
1294
1295
1294
1285
1286
1295
1285
1297
1296
1287
1288
1297
1287
1289
1297
1288
1297
1289
1298
1299
1298
1289
1290
1299
1289
1291
1299
1290
1299
1291
1300
1301
1300
1291
1292
1301
1291
1293
1301
1292
1301
1293
1302
1303
1302
1293
1294
1303
1293
1295
1303
1294
1303
1295
1304
1297
1305
1296
1305
1297
1306
1307
1306
1297
1298
1307
1297
1299
1332
1298
1332
1299
1333
1332
1307
1298
1307
1332
1338
1334
1333
1299
1300
1334
1299
1301
1334
1300
1334
1301
1335
1336
1335
1301
1302
1336
1301
1303
1336
1302
1336
1303
1337
1309
1308
1303
1304
1309
1303
1343
1337
1303
1308
1343
1303
1311
1310
1305
1306
1311
1305
1307
1311
1306
1311
1307
1312
1344
1312
1307
1338
1344
1307
1309
1313
1308
1313
1309
1314
1313
1343
1308
1343
1313
1348
1311
1315
1310
1315
1311
1316
1317
1316
1311
1312
1317
1311
1344
1317
1312
1317
1344
1349
1319
1318
1313
1314
1319
1313
1354
1348
1313
1318
1354
1313
1317
1320
1316
1320
1317
1321
1355
1321
1317
1349
1355
1317
1319
1322
1318
1322
1319
1323
1322
1354
1318
1354
1322
1360
1321
1324
1320
1324
1321
1325
1361
1325
1321
1355
1361
1321
1323
1330
1322
1330
1323
1331
1330
1360
1322
1360
1330
1366
1362
1326
1325
1361
1362
1325
1362
1327
1326
1327
1362
1363
1364
1328
1327
1363
1364
1327
1364
1329
1328
1329
1364
1365
1366
1330
1329
1365
1366
1329
1333
1367
1332
1367
1333
1368
1367
1338
1332
1338
1367
1370
1369
1368
1333
1334
1369
1333
1335
1340
1334
1340
1335
1341
1340
1369
1334
1369
1340
1372
1342
1341
1335
1336
1342
1335
1337
1342
1336
1342
1337
1343
1339
1344
1338
1344
1339
1345
1370
1339
1338
1339
1370
1371
1375
1345
1339
1371
1375
1339
1341
1372
1340
1372
1341
1373
1374
1373
1341
1342
1374
1341
1343
1347
1342
1347
1343
1348
1347
1374
1342
1374
1347
1378
1345
1349
1344
1349
1345
1350
1351
1350
1345
1346
1351
1345
1376
1346
1345
1375
1376
1345
1376
1351
1346
1351
1376
1379
1354
1353
1347
1348
1354
1347
1381
1378
1347
1353
1381
1347
1356
1355
1349
1350
1356
1349
1351
1356
1350
1356
1351
1357
1358
1357
1351
1352
1358
1351
1380
1352
1351
1379
1380
1351
1353
1358
1352
1358
1353
1359
1380
1353
1352
1353
1380
1381
1360
1359
1353
1354
1360
1353
1362
1361
1355
1356
1362
1355
1357
1362
1356
1362
1357
1363
1364
1363
1357
1358
1364
1357
1359
1364
1358
1364
1359
1365
1366
1365
1359
1360
1366
1359
1371
1370
1367
1368
1371
1367
1369
1371
1368
1371
1369
1372
1376
1375
1371
1372
1376
1371
1373
1376
1372
1376
1373
1377
1378
1377
1373
1374
1378
1373
1377
1379
1376
1379
1377
1380
1381
1380
1377
1378
1381
1377
