-11.95
-28.78
28.94
-12.66
-28.89
28.98
-13.55
-28.97
29.01
-14.48
-28.99
29.02
-15.38
-28.94
29.01
-16.18
-28.83
28.96
-16.76
-28.69
28.89
-10.12
-28.74
27.97
-10.72
-28.83
28.08
-11.59
-28.91
28.33
-12.58
-29.09
28.26
-13.53
-29.18
28.25
-14.48
-29.19
28.25
-15.39
-29.13
28.25
-16.23
-28.99
28.25
-16.93
-28.76
28.29
-10.03
-28.86
27.33
-10.76
-29.01
27.34
-11.62
-29.13
27.41
-12.55
-29.24
27.41
-13.51
-29.30
27.41
-14.48
-29.30
27.41
-15.42
-29.23
27.41
-16.32
-29.07
27.41
-17.19
-28.79
27.44
-17.65
-28.65
27.12
-10.00
-28.89
26.54
-10.76
-29.07
26.54
-11.62
-29.20
26.55
-12.54
-29.28
26.54
-13.51
-29.32
26.52
-14.48
-29.32
26.51
-15.43
-29.24
26.51
-16.34
-29.08
26.51
-17.18
-28.84
26.53
-17.66
-28.67
26.69
-10.04
-28.82
25.77
-10.77
-29.00
25.76
-11.61
-29.12
25.73
-12.53
-29.19
25.69
-13.50
-29.22
25.63
-14.47
-29.22
25.63
-15.41
-29.15
25.63
-16.36
-28.98
25.59
-17.00
-28.85
25.86
-10.12
-28.67
25.18
-10.76
-28.80
25.09
-11.59
-28.91
25.01
-12.50
-28.97
24.92
-13.49
-28.97
24.75
-14.47
-29.03
24.84
-15.34
-28.99
24.85
-16.10
-28.86
24.82
-13.84
-28.75
24.23
-14.54
-28.76
24.22
-15.32
-28.74
24.25
-15.95
-28.69
24.31
-8.19
-27.53
30.57
-8.78
-27.60
30.67
-9.62
-27.64
30.74
-10.53
-27.67
30.82
-11.48
-27.73
30.83
-12.49
-27.80
30.88
-13.50
-27.86
30.90
-14.47
-27.89
30.91
-15.40
-27.88
30.88
-16.24
-27.83
30.79
-16.87
-27.76
30.67
-8.02
-27.72
30.10
-8.74
-27.89
30.10
-9.66
-27.98
30.10
-10.52
-27.98
30.29
-11.42
-28.13
30.17
-12.50
-28.23
30.28
-13.50
-28.31
30.34
-14.47
-28.33
30.35
-15.39
-28.30
30.32
-16.24
-28.21
30.25
-16.98
-28.02
30.15
-7.19
-27.67
29.06
-7.76
-27.87
29.35
-8.62
-28.10
29.35
-9.46
-28.19
29.37
-11.61
-28.48
29.45
-12.57
-28.59
29.63
-13.53
-28.67
29.70
-14.47
-28.70
29.72
-15.39
-28.66
29.69
-16.24
-28.54
29.59
-17.08
-28.35
29.33
-7.10
-27.75
28.37
-7.78
-28.05
28.44
-8.62
-28.29
28.46
-9.66
-28.47
28.49
-10.48
-28.56
28.65
-11.13
-28.58
28.91
-17.46
-28.43
28.53
-7.08
-27.81
27.52
-7.75
-28.13
27.52
-8.53
-28.40
27.51
-9.35
-28.62
27.47
-17.72
-28.47
27.80
-18.04
-28.40
27.22
-7.11
-27.77
26.69
-7.75
-28.09
26.63
-8.50
-28.38
26.59
-9.28
-28.65
26.56
-17.57
-28.65
26.14
-18.05
-28.42
26.41
-7.18
-27.64
26.05
-7.75
-27.87
25.76
-8.54
-28.23
25.73
-9.35
-28.53
25.68
-16.84
-28.77
25.22
-17.40
-28.61
25.48
-18.10
-28.27
25.53
-8.02
-27.72
25.14
-8.67
-27.97
25.00
-9.65
-28.24
24.77
-10.64
-28.45
24.53
-11.53
-28.57
24.40
-12.41
-28.66
24.32
-13.13
-28.71
24.27
-16.69
-28.62
24.65
-17.37
-28.38
24.69
-18.05
-28.09
24.71
-9.97
-27.88
24.12
-10.68
-28.02
23.97
-11.55
-28.15
23.86
-12.49
-28.26
23.79
-13.49
-28.41
23.81
-14.49
-28.38
23.70
-15.42
-28.37
23.74
-16.37
-28.35
23.96
-17.28
-28.10
24.00
-17.95
-27.90
24.08
-7.28
-26.85
30.64
-7.86
-27.10
30.79
-8.69
-27.13
31.08
-9.58
-27.17
31.22
-10.52
-27.20
31.29
-11.49
-27.24
31.34
-12.50
-27.27
31.39
-13.51
-27.34
31.41
-14.49
-27.39
31.40
-15.45
-27.39
31.36
-16.38
-27.37
31.25
-17.31
-27.33
30.96
-18.20
-27.01
30.89
-18.78
-26.76
30.80
-7.03
-27.02
30.17
-7.53
-27.39
30.23
-10.04
-28.08
29.85
-10.50
-28.09
29.91
-10.97
-28.16
29.89
-17.66
-27.66
30.21
-18.40
-27.29
30.19
-19.06
-26.89
30.19
-6.82
-27.25
29.40
-7.33
-27.55
29.69
-9.99
-28.18
29.45
-10.48
-28.20
29.50
-10.98
-28.29
29.52
-17.87
-27.91
29.40
-18.63
-27.51
29.36
-19.50
-27.06
29.28
-20.25
-26.93
28.81
-20.69
-26.83
28.61
-6.02
-26.92
28.10
-6.48
-27.26
28.44
-10.02
-28.32
29.02
-10.46
-28.34
29.09
-10.86
-28.38
29.17
-18.05
-28.08
28.61
-18.72
-27.75
28.49
-19.52
-27.40
28.37
-20.29
-27.14
28.20
-20.95
-26.82
28.14
-21.44
-26.58
27.84
-6.01
-26.93
27.47
-6.50
-27.38
27.51
-18.15
-28.19
27.99
-18.65
-27.99
27.54
-19.54
-27.60
27.46
-20.35
-27.31
27.38
-21.04
-27.01
27.33
-21.56
-26.64
27.25
-6.09
-26.84
26.72
-6.59
-27.33
26.65
-18.79
-28.00
26.50
-19.60
-27.66
26.50
-20.39
-27.38
26.49
-21.10
-27.08
26.46
-21.64
-26.68
26.44
-6.26
-26.77
26.11
-6.80
-27.13
25.76
-7.39
-27.44
25.40
-18.82
-27.91
25.54
-19.61
-27.61
25.56
-20.41
-27.35
25.58
-21.11
-27.07
25.58
-21.66
-26.68
25.57
-7.10
-26.93
25.09
-7.74
-27.19
24.76
-8.57
-27.51
24.47
-9.26
-27.71
24.28
-18.74
-27.75
24.61
-19.58
-27.48
24.66
-20.39
-27.24
24.71
-21.09
-26.99
24.75
-21.61
-26.64
24.75
-8.08
-26.89
24.20
-8.69
-27.04
23.97
-9.63
-27.27
23.71
-10.63
-27.49
23.50
-11.55
-27.62
23.35
-12.51
-27.72
23.24
-13.51
-27.81
23.17
-14.50
-27.88
23.13
-15.47
-27.90
23.15
-16.42
-27.86
23.24
-17.39
-27.70
23.35
-18.46
-27.49
23.58
-19.53
-27.25
23.80
-20.38
-27.04
23.92
-21.07
-26.82
24.03
-21.52
-26.58
24.14
-10.05
-26.88
23.22
-10.71
-26.96
23.05
-11.56
-27.04
22.89
-12.50
-27.11
22.72
-13.53
-27.17
22.55
-14.54
-27.36
22.57
-15.49
-27.41
22.57
-16.43
-27.39
22.60
-17.33
-27.31
22.66
-18.15
-27.15
22.70
-13.92
-26.81
22.15
-14.63
-26.88
22.09
-15.51
-26.92
22.04
-16.44
-26.91
22.02
-17.31
-26.91
22.08
-17.97
-26.87
22.17
-12.88
-26.25
32.31
-13.62
-26.30
32.34
-14.54
-26.34
32.36
-15.50
-26.36
32.35
-16.46
-26.35
32.31
-17.38
-26.29
32.22
-18.21
-26.17
32.08
-18.83
-26.03
31.90
-7.06
-26.32
30.86
-7.77
-26.40
31.25
-8.63
-26.51
31.51
-9.55
-26.60
31.65
-10.50
-26.65
31.73
-11.47
-26.67
31.80
-12.50
-26.63
31.92
-13.53
-26.78
31.88
-14.51
-26.85
31.87
-15.48
-26.87
31.85
-16.43
-26.85
31.77
-17.36
-26.78
31.63
-18.22
-26.59
31.48
-19.01
-26.32
31.22
-6.60
-26.44
30.27
-19.53
-26.40
30.40
-5.32
-25.76
28.94
-5.67
-26.13
29.15
-6.21
-26.55
29.52
-20.02
-26.48
29.59
-20.44
-26.61
29.08
-20.77
-26.63
28.79
-5.27
-25.84
28.37
-5.70
-26.45
28.40
-6.10
-26.79
28.80
-20.37
-26.30
29.37
-20.67
-26.32
29.09
-21.08
-26.36
28.62
-21.60
-26.14
28.06
-5.25
-25.83
27.68
-5.61
-26.38
27.56
-21.87
-26.11
27.31
-5.30
-25.77
27.12
-5.65
-26.14
26.72
-22.00
-26.11
26.44
-6.02
-26.22
25.91
-6.46
-26.41
25.39
-22.01
-26.11
25.53
-6.86
-26.37
24.83
-7.39
-26.47
24.42
-21.92
-26.10
24.63
-7.88
-26.36
23.96
-8.55
-26.41
23.60
-9.27
-26.50
23.31
-18.97
-27.11
23.04
-19.63
-26.95
23.11
-20.40
-26.76
23.22
-21.10
-26.51
23.38
-21.67
-26.12
23.71
-9.87
-26.34
22.96
-10.64
-26.33
22.68
-11.51
-26.41
22.47
-12.44
-26.44
22.24
-13.19
-26.66
22.20
-18.79
-26.86
22.49
-19.57
-26.65
22.47
-20.37
-26.43
22.53
-21.06
-26.20
22.70
-21.52
-25.88
22.86
-12.87
-26.07
21.87
-13.62
-26.33
21.85
-14.56
-26.36
21.67
-15.49
-26.38
21.56
-16.48
-26.34
21.45
-17.45
-26.44
21.60
-18.43
-26.50
21.84
-19.43
-26.27
21.85
-20.31
-26.00
21.89
-21.02
-25.85
22.18
-21.41
-25.77
22.40
-16.85
-25.93
21.11
-17.57
-25.93
21.16
-18.45
-25.91
21.28
-19.32
-25.84
21.37
-19.97
-25.76
21.47
-9.89
-24.69
33.75
-10.51
-24.78
33.83
-11.14
-24.85
33.90
-12.88
-24.94
34.08
-13.63
-25.00
34.11
-14.55
-25.02
34.13
-15.53
-25.00
34.13
-16.51
-24.98
34.05
-17.45
-24.94
33.97
-18.33
-24.86
33.87
-19.07
-24.73
33.73
-19.54
-24.57
33.60
-8.93
-24.93
33.09
-9.63
-24.99
33.30
-10.53
-25.15
33.34
-11.48
-25.17
33.50
-12.53
-25.25
33.56
-13.56
-25.39
33.50
-14.53
-25.44
33.50
-15.51
-25.45
33.50
-16.49
-25.43
33.46
-17.44
-25.39
33.39
-18.33
-25.30
33.29
-19.11
-25.11
33.14
-19.70
-24.73
33.11
-7.89
-25.11
32.33
-8.63
-25.23
32.59
-9.57
-25.46
32.68
-10.51
-25.60
32.74
-11.47
-25.69
32.79
-12.51
-25.84
32.74
-13.55
-25.85
32.85
-14.53
-25.88
32.89
-15.51
-25.89
32.90
-16.48
-25.88
32.87
-17.42
-25.83
32.80
-18.31
-25.73
32.64
-19.18
-25.53
32.31
-19.89
-24.95
32.36
-6.09
-25.00
30.98
-6.70
-25.50
31.16
-7.62
-25.57
31.76
-8.59
-25.84
32.00
-9.53
-26.00
32.12
-10.48
-26.10
32.19
-11.39
-26.16
32.24
-12.13
-26.20
32.28
-19.62
-25.72
31.41
-20.20
-25.10
31.49
-5.25
-24.90
29.90
-5.69
-25.15
30.35
-6.22
-25.79
30.44
-20.02
-25.85
30.55
-20.62
-25.21
30.55
-21.21
-24.92
30.02
-21.54
-24.76
29.70
-5.15
-25.20
29.27
-5.60
-25.65
29.68
-5.98
-26.02
29.90
-20.30
-26.02
29.84
-20.73
-25.64
29.79
-21.23
-25.34
29.50
-21.64
-24.97
29.22
-4.99
-25.18
28.46
-20.46
-26.09
29.48
-20.77
-25.96
29.32
-21.24
-25.77
28.97
-21.75
-25.37
28.42
-5.00
-25.18
27.70
-22.05
-25.38
27.42
-5.14
-25.20
27.01
-5.45
-25.33
26.34
-22.18
-25.38
26.47
-5.87
-25.41
25.51
-6.29
-25.82
25.12
-22.20
-25.38
25.52
-6.14
-25.14
24.85
-6.62
-25.57
24.51
-7.18
-25.90
24.19
-22.13
-25.38
24.59
-6.98
-25.28
23.94
-7.59
-25.62
23.70
-8.43
-25.68
23.23
-9.07
-25.93
23.06
-21.94
-25.36
23.67
-8.84
-25.33
22.82
-9.54
-25.61
22.67
-10.52
-25.57
22.29
-11.43
-25.77
22.12
-12.14
-25.88
21.97
-21.44
-25.03
22.30
-21.69
-25.28
22.78
-10.86
-25.11
21.91
-11.55
-25.22
21.75
-12.56
-25.40
21.57
-13.60
-25.64
21.42
-14.54
-25.75
21.27
-15.41
-25.84
21.17
-16.13
-25.90
21.12
-20.56
-25.58
21.66
-21.06
-25.31
21.91
-21.46
-25.48
22.31
-13.02
-24.95
21.20
-13.71
-25.02
21.06
-14.60
-25.11
20.90
-15.52
-25.27
20.81
-16.50
-25.45
20.83
-17.49
-25.34
20.82
-18.44
-25.26
20.94
-19.36
-25.30
21.12
-20.18
-25.35
21.35
-20.67
-25.19
21.52
-12.99
-23.78
35.79
-13.63
-23.81
35.89
-14.39
-23.86
35.91
-15.02
-23.86
35.88
-12.82
-24.10
35.32
-13.61
-24.21
35.34
-14.43
-24.23
35.39
-15.20
-24.14
35.45
-8.09
-23.81
33.72
-8.69
-23.99
33.89
-9.57
-24.24
34.07
-10.50
-24.36
34.29
-11.44
-24.54
34.34
-12.49
-24.55
34.59
-13.56
-24.61
34.71
-14.52
-24.61
34.77
-15.56
-24.50
34.84
-16.56
-24.52
34.64
-17.48
-24.46
34.52
-18.35
-24.36
34.39
-19.11
-24.23
34.17
-19.70
-24.09
33.82
-7.87
-24.13
33.29
-8.58
-24.50
33.36
-9.25
-24.60
33.59
-11.72
-24.88
33.96
-12.25
-24.90
34.03
-20.09
-24.15
33.19
-6.19
-23.97
31.94
-6.70
-24.19
32.25
-7.49
-24.52
32.62
-8.22
-24.76
32.86
-20.35
-24.32
32.42
-5.95
-24.32
31.37
-6.62
-24.75
31.72
-7.22
-24.95
32.04
-20.61
-24.45
31.62
-5.00
-24.28
30.03
-5.41
-24.35
30.67
-20.92
-24.49
30.88
-21.31
-24.32
30.31
-21.63
-24.33
29.78
-4.80
-24.37
29.31
-21.81
-24.37
29.18
-4.71
-24.36
28.50
-21.98
-24.52
28.37
-4.78
-24.39
27.68
-22.14
-24.57
27.44
-4.98
-24.42
26.92
-5.26
-24.46
26.18
-22.22
-24.58
26.49
-5.62
-24.46
25.39
-22.23
-24.59
25.53
-6.02
-24.40
24.56
-6.45
-24.87
24.22
-22.16
-24.59
24.60
-6.31
-24.05
23.84
-6.81
-24.62
23.66
-7.56
-24.88
23.26
-8.17
-25.09
23.01
-22.00
-24.58
23.73
-6.50
-23.79
23.40
-6.95
-23.97
23.15
-7.76
-24.16
22.74
-8.58
-24.70
22.59
-9.46
-24.88
22.29
-10.15
-24.99
22.08
-21.37
-24.49
22.37
-21.75
-24.55
22.96
-8.20
-23.92
22.34
-8.75
-24.04
22.15
-9.61
-24.21
21.87
-10.51
-24.54
21.70
-11.39
-24.58
21.45
-12.18
-24.61
21.26
-18.93
-24.04
21.03
-19.54
-24.16
21.25
-20.24
-24.32
21.52
-20.87
-24.60
21.82
-12.82
-24.40
21.02
-13.67
-24.35
20.83
-14.68
-24.35
20.59
-15.60
-24.61
20.49
-16.50
-24.72
20.48
-17.42
-24.65
20.53
-18.39
-24.40
20.75
-19.39
-24.67
21.05
-20.14
-24.81
21.30
-20.61
-24.87
21.48
-15.15
-24.01
20.34
-15.74
-24.09
20.27
-16.49
-24.14
20.26
-17.24
-24.12
20.31
-17.82
-24.05
20.43
-13.89
-22.87
36.80
-14.60
-22.90
36.82
-15.48
-22.89
36.77
-16.37
-22.80
36.74
-17.14
-22.68
36.66
-17.65
-22.56
36.57
-10.24
-22.77
35.80
-10.78
-22.90
35.91
-11.57
-23.08
36.04
-12.55
-23.34
36.10
-13.55
-23.27
36.41
-14.50
-23.41
36.37
-15.45
-23.50
36.21
-16.43
-23.30
36.23
-17.26
-23.09
36.21
-17.92
-22.77
36.19
-9.98
-23.02
35.39
-10.67
-23.34
35.42
-11.44
-23.57
35.48
-12.20
-23.80
35.49
-15.82
-23.89
35.64
-16.60
-23.71
35.67
-17.45
-23.49
35.63
-18.36
-23.10
35.55
-19.16
-22.99
35.10
-19.65
-22.87
34.74
-7.18
-22.91
33.75
-7.76
-23.23
33.92
-8.59
-23.33
34.34
-9.53
-23.42
34.76
-10.51
-23.80
34.86
-11.35
-24.02
34.93
-12.01
-24.13
35.01
-16.01
-24.17
35.20
-16.67
-24.10
35.14
-17.51
-23.97
35.06
-18.37
-23.78
34.92
-19.17
-23.60
34.62
-19.87
-23.27
34.18
-6.87
-23.13
33.32
-7.39
-23.61
33.38
-20.45
-23.29
33.27
-20.81
-22.88
32.86
-5.98
-23.39
32.17
-6.56
-23.50
32.72
-7.13
-23.89
32.92
-20.70
-23.63
32.42
-20.96
-23.02
32.27
-5.53
-23.49
31.53
-20.90
-23.82
31.64
-21.14
-23.19
31.47
-4.31
-22.88
29.99
-4.67
-23.42
30.21
-5.11
-23.57
30.88
-21.09
-23.95
31.01
-21.37
-23.50
30.49
-21.64
-23.83
29.87
-4.20
-22.92
29.46
-4.48
-23.55
29.38
-21.56
-23.19
29.73
-21.78
-23.64
29.25
-4.17
-22.91
28.92
-4.40
-23.41
28.53
-21.95
-23.75
28.36
-4.57
-23.53
27.63
-22.05
-23.80
27.44
-4.81
-23.57
26.83
-5.09
-23.59
26.09
-22.10
-23.82
26.49
-5.39
-23.55
25.33
-22.09
-23.83
25.54
-5.72
-23.46
24.55
-22.02
-23.85
24.62
-6.06
-23.32
23.84
-21.88
-23.88
23.80
-6.40
-23.29
23.34
-6.90
-23.25
22.95
-7.66
-23.27
22.47
-8.14
-22.97
22.12
-20.63
-23.50
22.37
-21.16
-23.80
22.56
-21.64
-23.89
23.12
-8.16
-23.51
22.20
-8.72
-23.26
21.88
-9.77
-23.37
21.39
-10.56
-23.81
21.23
-11.32
-23.95
21.12
-11.97
-24.07
21.07
-18.79
-23.59
21.21
-19.52
-23.64
21.56
-20.28
-23.73
21.90
-20.82
-24.02
22.05
-10.26
-23.15
20.86
-10.69
-23.36
20.83
-11.36
-23.38
20.81
-12.42
-23.66
20.90
-13.52
-23.63
20.79
-14.47
-23.64
20.60
-18.24
-23.71
20.78
-10.41
-23.07
20.61
-10.67
-23.12
20.59
-11.00
-23.14
20.60
-15.11
-23.62
20.36
-15.75
-23.62
20.26
-16.47
-23.64
20.24
-17.17
-23.65
20.30
-17.75
-23.67
20.45
-11.88
-22.02
36.98
-12.60
-22.15
37.04
-13.54
-22.35
37.07
-14.53
-22.29
37.18
-15.47
-22.24
37.18
-16.36
-22.18
37.12
-17.15
-22.11
36.97
-17.79
-22.09
36.72
-10.01
-22.33
36.04
-10.69
-22.38
36.33
-11.55
-22.43
36.59
-12.46
-22.70
36.64
-13.18
-22.80
36.74
-18.29
-22.18
36.30
-9.53
-22.49
35.57
-18.75
-22.35
35.82
-19.30
-22.27
35.37
-19.79
-22.26
34.87
-6.96
-22.33
33.94
-7.65
-22.44
34.35
-8.39
-22.59
34.72
-9.07
-22.67
35.09
-20.17
-22.36
34.27
-5.91
-22.14
33.07
-6.42
-22.45
33.38
-20.57
-22.37
33.56
-20.88
-22.28
32.94
-5.69
-22.56
32.47
-6.21
-22.84
32.87
-21.07
-22.31
32.24
-4.29
-21.94
30.85
-4.62
-22.20
31.24
-5.14
-22.64
31.67
-21.21
-22.39
31.43
-4.18
-22.25
30.27
-4.57
-22.73
30.71
-4.92
-22.99
31.09
-21.32
-22.48
30.49
-4.00
-22.25
29.48
-21.12
-21.91
28.92
-21.40
-22.44
29.39
-21.69
-23.05
29.00
-4.00
-22.36
28.76
-4.18
-22.65
28.19
-21.07
-21.94
28.26
-21.44
-22.50
28.36
-21.76
-23.09
28.31
-4.37
-22.73
27.47
-21.00
-21.98
27.42
-21.43
-22.53
27.44
-21.80
-23.12
27.43
-4.62
-22.75
26.69
-4.92
-22.80
26.02
-20.90
-22.02
26.51
-21.39
-22.56
26.50
-21.81
-23.14
26.49
-5.18
-22.71
25.31
-20.72
-22.08
25.59
-21.29
-22.61
25.55
-21.77
-23.17
25.54
-5.49
-22.54
24.54
-16.46
-21.66
23.43
-16.90
-21.69
23.53
-17.64
-21.75
23.68
-18.50
-21.83
23.87
-19.40
-21.97
24.13
-20.33
-22.18
24.59
-21.14
-22.71
24.61
-21.69
-23.23
24.63
-5.96
-22.44
23.74
-6.29
-22.09
23.30
-16.21
-21.73
23.04
-16.81
-21.99
23.06
-17.61
-22.14
23.13
-18.50
-22.27
23.23
-19.43
-22.41
23.40
-20.32
-22.63
23.60
-21.08
-22.95
23.75
-21.60
-23.34
23.84
-6.33
-22.73
23.31
-6.73
-22.40
22.95
-7.47
-22.38
22.45
-8.12
-22.29
22.04
-14.13
-21.79
21.75
-14.76
-21.86
21.92
-15.69
-21.92
22.31
-16.62
-22.25
22.36
-17.53
-22.45
22.40
-18.47
-22.64
22.47
-19.41
-22.80
22.64
-20.32
-23.07
22.75
-21.07
-23.28
23.06
-21.50
-23.45
23.30
-8.86
-22.33
21.66
-9.83
-22.40
21.21
-10.65
-22.12
21.03
-11.51
-22.08
21.05
-12.51
-22.09
21.19
-13.64
-22.10
21.39
-14.64
-22.35
21.42
-15.60
-22.43
21.55
-16.52
-22.57
21.60
-17.43
-22.76
21.62
-18.41
-23.06
21.62
-19.36
-23.17
21.98
-20.02
-23.29
22.18
-10.28
-22.79
20.81
-10.73
-22.65
20.76
-11.40
-22.78
20.80
-12.46
-22.86
20.94
-13.56
-22.89
20.97
-14.67
-22.99
20.84
-15.60
-22.86
20.90
-16.46
-22.89
20.92
-17.25
-23.01
20.94
-17.91
-23.25
20.92
-10.42
-22.92
20.60
-10.68
-22.91
20.58
-11.01
-22.94
20.60
-15.15
-23.25
20.49
-15.73
-23.21
20.46
-16.46
-23.22
20.46
-17.15
-23.28
20.49
-17.63
-23.36
20.55
-9.20
-20.85
37.35
-9.36
-20.89
37.39
-9.17
-20.88
37.09
-9.63
-21.05
37.15
-10.52
-21.22
37.20
-11.52
-21.44
37.25
-12.54
-21.48
37.39
-13.52
-21.57
37.47
-14.50
-21.56
37.52
-15.45
-21.51
37.52
-16.37
-21.41
37.44
-17.20
-21.36
37.22
-17.92
-21.34
36.87
-8.92
-21.11
36.47
-9.62
-21.65
36.44
-10.49
-21.80
36.73
-11.18
-21.90
36.87
-18.58
-21.38
36.37
-19.04
-21.08
36.04
-7.79
-21.17
35.32
-8.43
-21.35
35.72
-9.10
-21.91
35.75
-18.93
-21.74
35.96
-19.36
-21.42
35.61
-19.87
-21.44
34.98
-6.04
-21.11
33.92
-6.64
-21.49
34.21
-7.50
-21.58
34.79
-8.29
-21.92
35.13
-8.82
-22.17
35.31
-20.27
-21.48
34.33
-5.15
-20.98
32.98
-5.66
-21.39
33.31
-6.22
-21.78
33.65
-20.61
-21.50
33.65
-20.89
-21.52
32.98
-4.88
-21.16
32.45
-5.29
-21.77
32.56
-21.07
-21.54
32.25
-4.14
-21.32
31.02
-4.57
-21.45
31.71
-4.99
-21.96
31.98
-21.17
-21.57
31.46
-3.89
-21.39
30.27
-21.18
-21.59
30.61
-3.72
-21.43
29.40
-20.86
-21.34
29.07
-21.10
-21.53
29.77
-3.76
-21.59
28.41
-4.01
-22.08
27.99
-20.70
-21.35
28.28
-3.78
-21.39
27.45
-4.13
-22.03
27.34
-20.56
-21.41
27.43
-3.89
-21.24
26.56
-4.37
-21.94
26.44
-4.74
-22.23
25.94
-20.43
-21.48
26.56
-3.99
-21.01
25.79
-4.44
-21.50
25.64
-4.88
-21.99
25.37
-20.25
-21.55
25.74
-4.10
-20.80
25.25
-4.52
-21.09
25.00
-5.12
-21.56
24.57
-16.40
-21.40
23.51
-16.84
-21.20
23.74
-17.63
-21.21
24.04
-18.47
-21.25
24.36
-19.26
-21.44
24.66
-19.90
-21.59
25.06
-5.71
-21.51
23.80
-6.22
-21.42
23.27
-16.05
-21.20
23.18
-16.42
-20.97
23.51
-6.77
-21.48
22.83
-7.42
-21.48
22.39
-8.08
-21.43
21.97
-14.05
-21.33
21.88
-14.68
-21.30
22.15
-15.40
-21.23
22.57
-8.83
-21.29
21.54
-9.71
-21.32
21.24
-10.61
-21.30
21.16
-11.53
-21.29
21.23
-12.49
-21.29
21.39
-13.42
-21.31
21.61
-9.07
-20.81
21.32
-9.44
-20.82
21.20
-9.15
-20.70
37.41
-9.34
-20.73
37.48
-11.87
-20.03
38.03
-12.62
-20.09
38.09
-13.52
-20.13
38.16
-14.45
-20.14
38.21
-15.33
-20.08
38.23
-16.02
-20.03
38.17
-8.99
-20.48
37.22
-9.58
-20.54
37.46
-10.50
-20.56
37.58
-11.51
-20.55
37.73
-12.54
-20.74
37.76
-13.52
-20.82
37.82
-14.48
-20.83
37.86
-15.42
-20.75
37.86
-16.37
-20.51
37.81
-17.25
-20.46
37.48
-17.98
-20.45
37.04
-8.51
-20.56
36.61
-18.59
-20.45
36.54
-19.08
-20.40
36.07
-6.85
-20.30
35.24
-7.44
-20.60
35.49
-8.05
-20.66
36.00
-19.50
-20.50
35.56
-19.91
-20.57
34.97
-5.87
-20.45
34.22
-6.54
-20.62
34.72
-7.16
-20.92
34.99
-20.25
-20.60
34.32
-4.95
-20.39
33.15
-5.41
-20.53
33.65
-20.54
-20.63
33.59
-20.81
-20.77
32.95
-4.58
-20.44
32.52
-20.96
-20.80
32.26
-3.91
-20.50
31.19
-4.27
-20.58
31.85
-21.02
-20.82
31.49
-3.61
-20.50
30.36
-20.99
-20.84
30.71
-3.05
-19.95
28.96
-3.35
-20.45
29.39
-20.14
-19.98
29.02
-20.52
-20.55
29.26
-20.85
-20.79
29.98
-3.01
-20.01
28.30
-3.35
-20.69
28.40
-19.93
-20.01
28.30
-20.31
-20.69
28.33
-3.01
-20.00
27.45
-3.38
-20.68
27.47
-19.31
-19.77
26.88
-19.65
-20.06
27.34
-20.12
-20.79
27.42
-3.07
-19.95
26.58
-3.46
-20.60
26.59
-19.17
-19.89
26.32
-19.54
-20.39
26.50
-19.99
-20.94
26.57
-3.20
-19.89
25.77
-3.59
-20.46
25.77
-18.92
-20.08
25.59
-19.39
-20.62
25.75
-19.84
-21.08
25.83
-3.38
-19.81
25.17
-3.83
-20.26
25.02
-4.43
-20.50
24.57
-5.00
-20.70
24.18
-16.99
-20.55
23.84
-17.65
-20.52
24.22
-18.49
-20.45
24.79
-19.22
-20.93
25.12
-19.68
-21.19
25.32
-5.53
-20.65
23.65
-6.13
-20.62
23.17
-15.96
-20.50
23.07
-16.49
-20.43
23.47
-6.72
-20.62
22.72
-7.36
-20.62
22.29
-7.94
-20.63
21.92
-14.05
-20.85
21.94
-14.58
-20.69
22.16
-15.31
-20.41
22.53
-8.47
-20.47
21.55
-9.95
-20.68
21.16
-10.60
-20.41
21.15
-11.57
-20.42
21.28
-12.53
-20.43
21.47
-13.56
-20.45
21.73
-14.34
-20.13
21.99
-14.91
-19.98
22.21
-8.96
-20.27
21.26
-9.58
-20.27
21.12
-10.10
-20.04
21.07
-15.70
-18.88
38.99
-16.25
-18.86
38.91
-16.69
-18.69
38.83
-8.03
-18.81
37.70
-8.68
-18.98
37.85
-9.55
-19.10
38.06
-10.48
-19.23
38.19
-11.51
-19.44
38.26
-12.54
-19.43
38.41
-13.49
-19.46
38.50
-14.43
-19.46
38.58
-15.38
-19.36
38.65
-16.28
-19.44
38.44
-16.91
-18.99
38.40
-7.81
-19.17
37.29
-8.61
-19.69
37.38
-9.53
-19.81
37.71
-10.40
-19.89
37.88
-11.14
-19.96
37.96
-16.69
-19.82
38.02
-17.33
-19.46
37.79
-18.04
-19.50
37.16
-6.14
-18.95
36.03
-6.65
-19.22
36.24
-7.38
-19.47
36.63
-8.08
-19.97
36.71
-18.61
-19.52
36.59
-19.09
-19.56
36.04
-5.92
-19.21
35.45
-6.59
-19.73
35.56
-7.31
-19.99
35.96
-7.82
-20.20
36.21
-19.50
-19.63
35.46
-19.86
-19.77
34.92
-4.92
-19.23
34.10
-5.53
-19.57
34.58
-6.22
-19.96
34.95
-20.13
-19.77
34.25
-4.72
-19.60
33.45
-5.21
-19.89
33.90
-20.10
-19.03
33.06
-20.35
-19.69
33.34
-20.68
-20.18
32.88
-3.85
-19.27
32.20
-4.25
-19.65
32.60
-20.12
-18.96
32.35
-20.43
-19.59
32.38
-20.75
-20.16
32.27
-3.68
-19.59
31.49
-4.06
-19.93
31.98
-20.11
-18.97
31.47
-20.45
-19.60
31.51
-20.78
-20.18
31.51
-3.35
-19.65
30.57
-20.07
-19.08
30.53
-20.43
-19.71
30.68
-20.75
-20.23
30.77
-2.83
-19.36
29.16
-3.10
-19.62
29.78
-19.99
-19.34
29.49
-20.42
-19.97
29.90
-20.70
-20.31
30.21
-2.71
-19.32
28.35
-19.70
-19.27
28.47
-2.67
-19.26
27.46
-19.18
-19.29
26.93
-19.43
-19.28
27.57
-2.75
-19.23
26.54
-18.98
-19.27
26.28
-2.91
-19.20
25.65
-18.68
-19.32
25.49
-3.21
-19.19
24.78
-3.79
-19.65
24.44
-4.39
-19.93
24.14
-4.89
-20.14
23.93
-17.06
-20.00
23.78
-17.55
-19.80
24.10
-18.16
-19.41
24.62
-3.35
-18.87
24.12
-3.83
-19.14
23.87
-4.49
-19.44
23.64
-5.24
-19.84
23.44
-5.97
-19.88
22.99
-16.11
-19.90
23.00
-16.69
-19.62
23.33
-17.35
-19.25
23.72
-17.80
-19.02
24.08
-6.59
-19.82
22.53
-7.29
-19.80
22.08
-7.81
-20.02
21.84
-15.74
-19.56
22.57
-16.31
-19.24
22.83
-7.60
-19.42
21.71
-8.13
-19.68
21.51
-10.83
-19.53
21.08
-11.66
-19.54
21.23
-12.56
-19.52
21.40
-13.49
-19.48
21.61
-14.34
-19.37
21.84
-15.10
-19.35
22.14
-8.76
-19.48
21.15
-9.48
-19.44
20.98
-10.16
-19.41
20.98
-15.72
-17.84
39.63
-16.21
-17.83
39.59
-16.59
-17.78
39.46
-11.88
-17.98
38.98
-12.60
-18.04
39.08
-13.49
-18.11
39.19
-14.42
-18.20
39.29
-15.39
-18.32
39.33
-16.19
-18.32
39.27
-16.77
-18.12
39.06
-6.18
-17.73
37.57
-6.76
-17.91
37.73
-7.63
-18.23
37.88
-8.58
-18.26
38.19
-9.52
-18.33
38.39
-10.48
-18.46
38.54
-11.51
-18.50
38.70
-12.53
-18.70
38.76
-13.47
-18.79
38.85
-14.35
-18.84
38.93
-15.06
-18.86
38.99
-17.19
-18.27
38.46
-6.01
-18.03
37.13
-6.63
-18.37
37.27
-7.27
-18.70
37.36
-17.62
-18.46
37.80
-18.12
-18.55
37.15
-5.86
-18.43
36.40
-6.54
-18.76
36.72
-7.05
-18.98
36.92
-18.61
-18.59
36.51
-19.05
-18.73
35.93
-5.45
-18.60
35.61
-19.45
-18.75
35.22
-19.78
-19.18
34.85
-4.02
-18.04
34.01
-4.53
-18.54
34.27
-5.08
-18.72
34.90
-19.64
-18.43
34.41
-19.92
-19.09
34.34
-3.84
-18.28
33.36
-4.28
-18.85
33.49
-19.83
-18.44
33.44
-20.05
-19.06
33.73
-3.64
-18.60
32.50
-4.05
-19.03
32.86
-19.83
-18.27
32.45
-2.82
-18.11
31.15
-3.24
-18.63
31.53
-19.82
-18.24
31.48
-2.69
-18.30
30.46
-3.04
-18.89
30.63
-19.78
-18.29
30.50
-2.19
-17.96
29.17
-2.53
-18.52
29.51
-2.89
-19.01
29.98
-19.70
-18.38
29.50
-2.12
-17.95
28.52
-2.41
-18.56
28.47
-19.52
-18.40
28.49
-2.11
-17.91
27.88
-2.34
-18.39
27.50
-19.12
-18.75
26.92
-19.28
-18.41
27.47
-2.45
-18.39
26.51
-18.95
-18.50
26.33
-19.11
-18.12
26.80
-2.61
-18.38
25.57
-18.67
-18.47
25.48
-2.82
-18.33
24.66
-18.29
-18.45
24.63
-3.12
-18.19
23.76
-3.79
-18.56
23.35
-4.53
-18.88
23.12
-5.28
-19.16
22.93
-5.86
-19.34
22.75
-16.85
-18.90
23.09
-17.35
-18.54
23.34
-17.86
-18.38
23.90
-3.21
-17.81
23.10
-3.80
-17.97
22.72
-4.61
-18.34
22.56
-5.44
-18.64
22.38
-6.28
-19.08
22.27
-6.98
-19.22
21.97
-15.88
-18.86
22.38
-16.50
-18.55
22.62
-17.05
-18.26
22.87
-4.10
-17.69
22.25
-4.71
-17.82
22.06
-5.61
-17.98
21.77
-6.48
-18.45
21.69
-7.32
-18.84
21.55
-7.98
-19.01
21.32
-10.96
-18.75
20.95
-11.71
-18.71
21.09
-12.58
-18.62
21.24
-13.51
-18.57
21.43
-14.44
-18.50
21.66
-15.40
-18.47
22.00
-16.10
-18.16
22.21
-6.10
-17.70
21.36
-6.70
-17.90
21.25
-7.52
-18.16
21.10
-8.46
-18.53
20.95
-9.44
-18.58
20.78
-10.27
-18.63
20.81
-14.81
-17.05
39.83
-15.46
-17.28
39.79
-16.15
-17.27
39.74
-16.63
-17.30
39.52
-9.90
-16.99
38.98
-10.60
-17.12
39.07
-11.53
-17.36
39.16
-12.51
-17.34
39.35
-13.45
-17.37
39.50
-14.39
-17.44
39.64
-15.10
-17.70
39.63
-16.96
-17.40
39.08
-5.27
-16.84
37.55
-5.85
-17.16
37.70
-6.68
-17.23
38.04
-7.57
-17.35
38.27
-8.52
-17.42
38.52
-9.51
-17.47
38.73
-10.43
-17.74
38.82
-11.16
-17.88
38.90
-17.31
-17.45
38.45
-4.93
-16.96
37.12
-5.48
-17.51
37.13
-17.70
-17.51
37.73
-18.13
-17.63
37.05
-4.04
-16.76
36.07
-4.55
-17.13
36.40
-5.20
-17.79
36.43
-18.58
-17.60
36.28
-18.95
-18.05
35.86
-3.92
-16.98
35.40
-4.45
-17.52
35.60
-4.97
-18.03
35.70
-18.90
-17.26
35.52
-19.16
-17.88
35.31
-3.24
-16.87
33.92
-3.71
-17.30
34.39
-4.37
-17.90
34.85
-4.81
-18.21
35.15
-19.07
-17.15
35.03
-19.30
-17.48
34.56
-3.05
-16.99
33.30
-3.44
-17.61
33.41
-19.51
-17.45
33.51
-2.81
-17.16
32.48
-3.22
-17.84
32.57
-19.59
-17.40
32.49
-2.15
-16.97
30.99
-2.55
-17.40
31.47
-3.00
-17.96
31.86
-19.61
-17.39
31.49
-2.04
-17.12
30.34
-2.38
-17.68
30.53
-19.60
-17.41
30.50
-1.98
-17.37
29.47
-2.28
-17.87
29.84
-19.55
-17.45
29.50
-1.89
-17.30
28.54
-19.44
-17.46
28.51
-1.94
-17.31
27.64
-2.13
-17.75
27.20
-19.29
-17.45
27.53
-1.97
-17.09
26.96
-2.17
-17.50
26.46
-18.95
-17.83
26.12
-19.10
-17.41
26.59
-2.34
-17.52
25.50
-18.77
-17.56
25.45
-18.97
-17.14
25.91
-2.47
-17.46
24.60
-18.40
-17.51
24.55
-2.36
-16.79
23.31
-2.57
-17.26
23.67
-17.54
-17.91
23.20
-17.93
-17.50
23.60
-2.47
-16.75
22.95
-2.84
-17.18
22.90
-3.40
-17.32
22.44
-16.72
-17.89
22.44
-17.24
-17.69
22.72
-17.63
-17.22
22.90
-3.89
-17.18
22.05
-4.58
-17.18
21.75
-5.35
-17.20
21.47
-11.06
-18.15
20.80
-11.70
-17.97
20.86
-12.58
-17.73
20.97
-13.54
-17.71
21.18
-14.48
-17.59
21.40
-15.43
-17.52
21.72
-16.35
-17.45
22.09
-17.08
-17.16
22.37
-17.45
-17.04
22.54
-6.03
-17.17
21.17
-6.75
-17.23
20.97
-7.61
-17.34
20.78
-8.63
-17.43
20.55
-9.58
-17.71
20.51
-10.56
-17.77
20.57
-11.48
-17.35
20.56
-12.20
-17.28
20.69
-9.13
-17.01
20.30
-9.72
-17.07
20.26
-10.49
-17.05
20.29
-11.15
-16.93
20.32
-13.82
-16.13
39.94
-14.53
-16.39
39.93
-15.40
-16.45
39.87
-16.12
-16.60
39.76
-16.61
-16.70
39.53
-8.91
-16.09
39.01
-9.62
-16.33
39.10
-10.56
-16.34
39.29
-11.52
-16.43
39.46
-12.47
-16.53
39.61
-13.40
-16.56
39.77
-14.12
-16.81
39.81
-16.93
-16.67
39.08
-5.14
-16.31
37.69
-5.79
-16.35
37.98
-6.62
-16.39
38.28
-7.52
-16.45
38.54
-8.46
-16.52
38.78
-9.19
-16.79
38.89
-17.23
-16.57
38.40
-3.57
-15.57
36.86
-3.89
-15.81
36.95
-4.52
-16.22
37.24
-17.62
-16.51
37.54
-18.02
-16.88
37.00
-3.49
-15.66
36.62
-3.72
-16.09
36.35
-4.24
-16.52
36.69
-17.83
-16.10
36.92
-18.26
-16.50
36.35
-3.53
-16.25
35.50
-18.72
-16.46
35.42
-18.89
-16.28
34.93
-3.01
-16.26
34.05
-3.32
-16.36
34.71
-18.97
-16.71
34.99
-19.10
-16.54
34.47
-2.73
-16.29
33.34
-19.29
-16.48
33.50
-2.46
-16.39
32.55
-19.42
-16.47
32.49
-1.90
-16.36
31.14
-2.21
-16.51
31.78
-19.48
-16.47
31.49
-1.72
-16.43
30.34
-19.49
-16.49
30.50
-1.63
-16.53
29.46
-19.46
-16.51
29.50
-1.60
-16.51
28.54
-19.40
-16.52
28.52
-1.66
-16.45
27.63
-19.30
-16.51
27.55
-1.81
-16.45
26.80
-2.00
-16.68
26.17
-19.15
-16.49
26.61
-2.13
-16.72
25.41
-18.78
-16.84
25.23
-18.96
-16.45
25.71
-2.21
-16.69
24.63
-18.52
-16.53
24.58
-18.78
-16.19
25.12
-2.19
-16.28
23.38
-2.23
-16.57
23.92
-17.77
-16.04
23.18
-18.03
-16.47
23.59
-2.35
-16.20
22.74
-2.78
-16.60
22.45
-3.21
-16.81
22.22
-17.51
-16.18
22.74
-17.71
-16.65
22.89
-2.48
-15.88
22.28
-2.88
-16.10
22.06
-3.57
-16.42
21.86
-4.44
-16.39
21.54
-5.26
-16.41
21.28
-12.91
-17.15
20.81
-13.59
-16.99
20.91
-14.49
-16.66
21.07
-15.41
-16.58
21.47
-16.30
-16.54
21.89
-17.09
-16.46
22.31
-17.47
-16.72
22.53
-5.99
-16.45
21.05
-6.75
-16.48
20.84
-7.59
-16.52
20.65
-8.48
-16.54
20.44
-11.84
-16.84
20.42
-12.56
-16.78
20.54
-13.38
-16.49
20.59
-14.07
-16.19
20.66
-9.10
-16.52
20.24
-9.76
-16.49
20.17
-10.56
-16.44
20.17
-11.50
-16.40
20.24
-12.46
-16.20
20.29
-13.27
-16.02
20.35
-13.84
-15.90
20.42
-12.01
-14.98
39.93
-12.65
-15.14
39.99
-13.50
-15.43
40.01
-14.45
-15.45
39.97
-15.40
-15.49
39.77
-16.13
-15.96
39.63
-16.54
-16.22
39.49
-8.02
-15.08
38.97
-8.67
-15.37
39.09
-9.58
-15.41
39.30
-10.52
-15.43
39.50
-11.54
-15.43
39.72
-12.44
-15.77
39.82
-13.12
-15.93
39.89
-15.86
-15.07
39.37
-16.32
-15.55
39.26
-16.72
-16.02
39.11
-5.10
-15.72
37.82
-5.64
-15.43
38.09
-6.55
-15.46
38.43
-7.50
-15.47
38.74
-8.20
-15.80
38.89
-16.11
-14.86
39.00
-16.46
-15.17
38.76
-16.91
-15.67
38.43
-3.51
-15.12
36.91
-3.92
-15.19
37.21
-4.59
-15.34
37.58
-5.09
-15.06
37.88
-17.08
-14.98
37.42
-17.23
-15.50
37.61
-3.33
-15.19
36.56
-3.32
-15.38
36.13
-17.23
-14.87
37.08
-17.58
-15.28
36.83
-18.08
-15.49
36.10
-3.21
-15.48
35.50
-18.54
-15.53
35.25
-18.81
-15.86
34.86
-2.78
-15.47
34.21
-3.05
-15.57
34.85
-18.74
-15.20
34.55
-18.95
-15.76
34.35
-2.44
-15.46
33.43
-18.87
-15.01
33.99
-19.09
-15.46
33.51
-1.74
-15.17
32.15
-2.10
-15.55
32.59
-19.28
-15.51
32.46
-1.24
-14.93
31.04
-1.59
-15.47
31.41
-1.96
-15.85
31.93
-19.37
-15.53
31.48
-1.12
-14.99
30.34
-1.41
-15.68
30.40
-19.39
-15.54
30.49
-1.05
-15.01
29.49
-1.32
-15.75
29.48
-19.37
-15.57
29.50
-1.06
-15.00
28.64
-1.31
-15.70
28.55
-19.33
-15.60
28.52
-1.11
-14.95
27.95
-1.36
-15.50
27.55
-19.24
-15.62
27.55
-1.61
-15.57
26.45
-1.86
-16.08
26.00
-19.12
-15.62
26.64
-1.72
-15.33
25.45
-1.94
-16.02
25.37
-18.93
-15.62
25.79
-1.82
-15.31
24.55
-2.00
-16.00
24.64
-18.42
-15.67
24.53
-18.73
-15.63
25.13
-1.95
-15.49
23.65
-2.05
-16.02
24.05
-17.65
-15.48
23.32
-18.04
-15.66
23.84
-2.11
-15.36
22.78
-17.28
-15.57
22.75
-2.38
-15.26
22.15
-2.88
-15.39
21.78
-3.58
-15.50
21.55
-4.43
-15.47
21.35
-5.31
-15.54
21.18
-14.79
-16.01
20.99
-15.32
-15.64
21.32
-16.20
-15.70
21.85
-16.86
-15.72
22.27
-6.02
-15.69
21.00
-6.77
-15.71
20.85
-7.64
-15.71
20.69
-8.66
-15.71
20.49
-9.57
-15.42
20.42
-10.43
-15.28
20.37
-11.14
-15.21
20.35
-14.47
-15.76
20.68
-14.80
-15.39
20.81
-9.14
-16.05
20.26
-9.74
-15.94
20.21
-10.55
-15.82
20.19
-11.50
-15.63
20.22
-12.47
-15.61
20.23
-13.32
-15.54
20.29
-14.07
-15.50
20.43
-14.50
-15.31
20.54
-11.87
-14.33
40.00
-12.63
-14.35
40.09
-13.47
-14.45
40.10
-14.30
-14.51
39.99
-15.04
-14.52
39.73
-7.93
-14.39
39.04
-8.68
-14.43
39.24
-9.54
-14.46
39.44
-10.43
-14.48
39.65
-11.23
-14.53
39.84
-15.55
-14.38
39.30
-5.75
-14.46
38.23
-6.51
-14.52
38.53
-7.26
-14.51
38.80
-15.97
-14.35
38.78
-16.44
-14.63
38.29
-16.77
-15.11
38.17
-3.43
-14.39
36.90
-3.87
-14.39
37.27
-4.47
-14.40
37.62
-5.09
-14.36
37.94
-16.78
-14.56
37.61
-16.94
-15.05
37.79
-3.18
-14.49
36.45
-3.10
-14.68
36.03
-17.05
-14.33
37.00
-17.47
-14.46
36.46
-17.90
-14.66
35.90
-2.77
-14.28
35.13
-2.98
-14.70
35.46
-18.25
-14.65
35.25
-2.60
-14.55
34.49
-2.89
-14.94
34.94
-18.51
-14.49
34.57
-1.76
-14.13
33.07
-2.15
-14.52
33.54
-18.73
-14.38
33.88
-18.98
-14.53
33.20
-1.23
-14.04
32.01
-1.56
-14.45
32.42
-1.93
-14.85
32.86
-19.15
-14.59
32.35
-1.10
-14.29
31.32
-1.39
-14.75
31.73
-19.24
-14.61
31.44
-0.92
-14.25
30.41
-19.24
-14.61
30.48
-0.85
-14.24
29.50
-19.21
-14.68
29.49
-0.87
-14.25
28.59
-19.16
-14.75
28.51
-0.99
-14.30
27.67
-1.20
-14.77
27.22
-19.08
-14.80
27.56
-1.07
-14.06
26.98
-1.29
-14.48
26.45
-18.95
-14.85
26.66
-1.48
-14.44
25.44
-17.85
-14.15
25.08
-18.28
-14.46
25.34
-18.72
-14.84
25.80
-1.61
-14.42
24.50
-17.68
-14.40
24.48
-18.21
-14.92
24.69
-18.61
-15.10
25.18
-1.74
-14.46
23.58
-16.76
-14.30
23.29
-17.35
-14.71
23.62
-17.90
-15.08
24.02
-1.92
-14.41
22.70
-15.75
-14.21
22.31
-16.38
-14.46
22.67
-16.96
-14.97
22.81
-2.27
-14.32
21.91
-2.85
-14.59
21.52
-3.55
-14.63
21.32
-4.44
-14.41
21.19
-5.61
-14.55
21.14
-6.61
-14.27
21.11
-7.56
-14.15
21.09
-8.53
-14.10
21.06
-9.51
-14.05
21.05
-10.50
-14.04
21.03
-11.50
-14.06
21.02
-12.48
-14.05
21.05
-13.40
-14.10
21.13
-14.29
-14.24
21.29
-15.23
-14.61
21.63
-16.16
-14.97
22.09
-16.70
-15.20
22.35
-2.43
-13.86
21.46
-2.84
-13.93
21.26
-3.42
-13.95
21.14
-3.96
-13.90
21.10
-6.11
-15.07
21.02
-6.75
-14.99
20.95
-7.61
-14.92
20.86
-8.57
-14.87
20.77
-9.52
-14.76
20.71
-10.48
-14.71
20.66
-11.50
-14.74
20.57
-12.49
-14.62
20.63
-13.37
-14.60
20.70
-14.15
-14.69
20.80
-14.71
-14.92
20.90
-11.86
-15.15
20.33
-12.56
-15.10
20.34
-13.35
-15.06
20.39
-14.06
-15.07
20.49
-14.48
-15.08
20.58
-11.02
-13.12
39.96
-11.64
-13.45
40.05
-12.55
-13.46
40.13
-13.41
-13.52
40.09
-14.19
-13.60
39.93
-14.82
-13.70
39.66
-7.80
-13.52
39.11
-8.62
-13.49
39.33
-9.50
-13.49
39.55
-10.46
-13.48
39.79
-11.10
-13.83
39.91
-15.29
-13.61
39.19
-5.79
-13.50
38.33
-6.49
-13.63
38.62
-7.15
-13.67
38.88
-15.75
-13.51
38.47
-16.20
-13.97
38.11
-3.35
-13.52
36.82
-3.83
-13.47
37.27
-4.43
-13.47
37.64
-5.09
-13.46
37.99
-16.04
-13.16
37.74
-16.43
-13.78
37.58
-3.00
-13.67
36.20
-2.99
-14.16
35.98
-16.29
-12.97
37.23
-16.73
-13.42
36.88
-17.34
-13.56
36.08
-17.76
-14.04
35.76
-2.72
-13.63
35.42
-2.89
-14.15
35.64
-17.67
-13.26
35.32
-17.99
-13.92
35.24
-2.38
-13.56
34.60
-17.93
-13.11
34.63
-18.24
-13.75
34.55
-1.27
-13.03
32.80
-1.59
-13.39
33.20
-2.01
-13.58
33.85
-18.13
-13.02
34.07
-18.47
-13.52
33.74
-18.81
-13.73
33.02
-1.11
-13.33
32.22
-1.40
-13.74
32.63
-18.99
-13.78
32.27
-0.89
-13.37
31.36
-19.05
-13.77
31.44
-0.75
-13.38
30.44
-18.73
-13.16
30.15
-18.99
-13.68
30.48
-0.70
-13.38
29.50
-18.60
-13.19
29.42
-18.95
-13.87
29.47
-0.73
-13.39
28.57
-18.00
-12.89
28.12
-18.41
-13.25
28.48
-18.86
-13.97
28.50
-0.83
-13.39
27.65
-17.84
-13.01
27.43
-18.34
-13.51
27.52
-18.78
-14.10
27.57
-0.96
-13.38
26.84
-1.14
-13.57
26.17
-16.95
-12.88
26.05
-17.53
-13.16
26.49
-18.21
-13.71
26.65
-18.68
-14.22
26.73
-1.29
-13.52
25.36
-16.21
-12.78
25.03
-16.73
-13.08
25.34
-17.52
-13.65
25.47
-18.18
-14.02
25.88
-18.57
-14.33
26.11
-1.44
-13.50
24.45
-16.03
-12.97
24.39
-16.62
-13.44
24.48
-17.22
-13.89
24.58
-1.57
-13.49
23.54
-15.80
-13.24
23.58
-16.48
-13.80
23.64
-17.03
-14.12
23.93
-1.75
-13.45
22.67
-15.54
-13.62
22.73
-16.15
-13.94
22.99
-2.01
-13.38
21.93
-4.71
-13.42
21.14
-5.62
-13.46
21.21
-6.57
-13.38
21.25
-7.53
-13.32
21.29
-8.50
-13.29
21.32
-9.50
-13.29
21.36
-10.50
-13.30
21.41
-11.50
-13.39
21.45
-12.47
-13.45
21.50
-13.39
-13.53
21.60
-14.23
-13.65
21.76
-14.96
-13.77
22.08
-2.33
-13.24
21.41
-2.81
-13.22
21.14
-3.41
-13.24
21.03
-4.03
-13.29
21.05
-10.99
-12.43
39.98
-11.71
-12.50
40.08
-12.53
-12.53
40.11
-13.37
-12.59
39.99
-14.16
-12.71
39.75
-14.67
-13.08
39.58
-6.24
-11.98
38.76
-6.76
-12.18
38.95
-7.54
-12.54
39.14
-8.51
-12.51
39.39
-9.42
-12.50
39.60
-10.28
-12.49
39.80
-14.55
-12.32
39.33
-14.96
-12.86
39.18
-5.84
-12.45
38.47
-6.53
-12.81
38.75
-7.06
-13.00
38.94
-14.80
-12.02
38.90
-15.28
-12.43
38.51
-3.28
-12.52
36.80
-3.79
-12.50
37.27
-4.41
-12.49
37.67
-5.08
-12.48
38.05
-15.75
-12.34
37.73
-2.88
-12.56
36.19
-16.15
-12.31
37.09
-16.60
-12.47
36.53
-17.05
-12.60
35.93
-2.55
-12.54
35.45
-17.37
-12.48
35.27
-1.83
-12.10
34.15
-2.16
-12.50
34.61
-17.66
-12.42
34.53
-1.20
-12.34
32.91
-1.58
-12.43
33.59
-1.91
-12.84
34.03
-17.96
-12.46
33.80
-18.34
-12.75
33.13
-18.68
-13.18
32.81
-0.94
-12.40
32.20
-18.45
-12.58
32.30
-18.78
-13.13
32.24
-0.75
-12.44
31.37
-18.49
-12.55
31.46
-18.83
-13.11
31.51
-0.64
-12.45
30.45
-18.48
-12.66
30.53
-18.81
-13.12
30.85
-0.60
-12.46
29.50
-17.78
-12.20
29.19
-18.19
-12.55
29.57
-0.63
-12.46
28.53
-17.71
-12.43
28.45
-18.12
-12.74
28.83
-0.72
-12.46
27.57
-17.42
-12.50
27.62
-0.87
-12.47
26.56
-1.04
-12.88
26.03
-16.12
-12.02
26.05
-16.60
-12.39
26.31
-17.10
-12.55
26.89
-0.95
-12.16
25.83
-1.12
-12.60
25.36
-15.90
-12.25
25.34
-16.40
-12.59
25.67
-1.28
-12.55
24.43
-15.51
-12.41
24.49
-1.43
-12.52
23.52
-13.76
-12.07
23.14
-14.35
-12.28
23.31
-15.09
-12.60
23.63
-1.62
-12.49
22.65
-10.90
-11.99
22.13
-11.62
-12.08
22.28
-12.49
-12.24
22.43
-13.41
-12.36
22.66
-14.24
-12.69
22.72
-14.92
-13.03
22.83
-1.89
-12.45
21.91
-4.75
-12.48
21.15
-5.62
-12.48
21.27
-6.55
-12.45
21.37
-7.51
-12.43
21.46
-8.48
-12.43
21.55
-9.48
-12.45
21.66
-10.52
-12.46
21.81
-11.53
-12.70
21.86
-12.48
-12.84
21.96
-13.38
-12.95
22.08
-14.17
-13.12
22.20
-14.72
-13.28
22.34
-2.27
-12.40
21.38
-2.79
-12.39
21.09
-3.42
-12.42
21.00
-4.06
-12.52
21.04
-10.99
-11.62
39.96
-11.69
-11.60
40.04
-12.48
-11.62
40.01
-13.32
-11.61
39.81
-13.92
-12.00
39.68
-6.18
-11.31
38.79
-6.82
-11.36
39.06
-7.60
-11.47
39.26
-8.50
-11.50
39.45
-9.41
-11.52
39.62
-10.28
-11.54
39.80
-13.79
-11.16
39.41
-14.22
-11.69
39.34
-5.61
-11.45
38.45
-14.11
-10.92
39.05
-14.55
-11.30
38.81
-15.10
-11.44
38.23
-3.24
-11.51
36.81
-3.77
-11.51
37.29
-4.38
-11.52
37.69
-5.00
-11.52
38.07
-15.56
-11.45
37.57
-2.81
-11.52
36.21
-16.01
-11.46
36.91
-16.49
-11.52
36.19
-16.88
-11.92
35.80
-2.46
-11.50
35.53
-16.72
-11.22
35.58
-17.06
-11.66
35.22
-1.78
-11.37
34.21
-2.12
-11.47
34.82
-17.36
-11.68
34.38
-1.11
-11.45
32.95
-1.45
-11.44
33.61
-17.63
-11.72
33.41
-18.04
-12.14
32.96
-0.85
-11.46
32.21
-17.62
-11.49
32.43
-18.07
-12.02
32.30
-0.68
-11.48
31.37
-17.60
-11.45
31.50
-18.07
-11.98
31.48
-0.59
-11.48
30.46
-17.53
-11.51
30.58
-18.02
-12.03
30.62
-0.55
-11.49
29.49
-16.85
-11.21
29.20
-17.38
-11.64
29.55
-17.88
-12.06
29.91
-0.57
-11.48
28.51
-16.21
-10.87
28.13
-16.62
-11.24
28.46
-17.18
-11.83
28.54
-0.64
-11.48
27.53
-16.07
-11.03
27.44
-16.53
-11.54
27.62
-17.00
-12.00
27.73
-0.75
-11.46
26.55
-15.87
-11.37
26.49
-16.46
-11.87
26.89
-16.85
-12.14
27.16
-0.89
-11.42
25.58
-1.04
-11.87
25.12
-14.75
-11.02
25.11
-15.32
-11.40
25.48
-0.96
-11.14
24.87
-1.13
-11.59
24.41
-12.94
-10.83
23.86
-13.54
-11.01
24.08
-14.34
-11.22
24.49
-15.00
-11.78
24.61
-1.30
-11.55
23.49
-11.96
-10.99
23.20
-12.63
-11.15
23.42
-13.47
-11.58
23.48
-14.25
-11.79
23.81
-14.80
-12.05
24.01
-1.52
-11.51
22.64
-9.85
-11.16
22.20
-10.57
-11.39
22.34
-11.55
-11.36
22.73
-12.45
-11.66
22.89
-13.12
-11.87
23.00
-1.81
-11.49
21.90
-4.02
-11.11
21.08
-4.61
-11.48
21.17
-5.58
-11.49
21.34
-6.52
-11.49
21.48
-7.48
-11.50
21.61
-8.45
-11.53
21.76
-9.41
-11.57
21.93
-10.17
-11.82
22.01
-2.22
-11.47
21.37
-2.78
-11.46
21.08
-3.51
-11.47
21.01
-4.05
-11.83
21.05
-11.02
-10.96
39.91
-11.61
-10.73
39.93
-12.37
-10.77
39.90
-13.01
-10.72
39.70
-6.11
-10.45
38.81
-6.81
-10.45
39.10
-7.62
-10.49
39.30
-8.52
-10.52
39.45
-9.47
-10.54
39.59
-10.48
-10.57
39.75
-11.18
-10.29
39.80
-13.47
-10.44
39.33
-5.49
-10.51
38.44
-13.97
-10.29
38.86
-14.49
-10.43
38.45
-14.98
-10.55
37.98
-3.22
-10.52
36.82
-3.77
-10.53
37.31
-4.38
-10.55
37.73
-4.94
-10.62
38.09
-15.41
-10.57
37.42
-2.79
-10.51
36.23
-15.82
-10.55
36.78
-16.23
-10.55
36.08
-2.43
-10.50
35.57
-16.57
-10.51
35.28
-16.90
-11.03
34.96
-1.74
-10.47
34.24
-2.09
-10.49
34.88
-16.66
-10.26
34.39
-17.03
-10.96
34.30
-1.07
-10.52
32.95
-1.39
-10.49
33.61
-16.67
-10.17
33.45
-17.12
-10.92
33.42
-0.83
-10.51
32.22
-16.25
-9.75
32.05
-16.58
-10.15
32.45
-17.11
-10.86
32.46
-0.66
-10.50
31.38
-16.21
-9.82
31.36
-16.60
-10.36
31.47
-17.10
-10.91
31.52
-0.57
-10.50
30.46
-16.16
-9.93
30.48
-16.58
-10.51
30.55
-17.06
-11.01
30.64
-0.53
-10.50
29.49
-16.09
-10.08
29.52
-16.57
-10.74
29.61
-17.00
-11.12
29.93
-0.54
-10.49
28.50
-15.98
-10.30
28.51
-16.38
-10.77
28.85
-0.58
-10.49
27.52
-15.70
-10.33
27.54
-0.65
-10.47
26.53
-15.41
-10.46
26.64
-0.76
-10.44
25.56
-14.55
-10.41
25.37
-15.03
-10.55
25.88
-0.90
-10.40
24.61
-1.06
-10.86
24.16
-12.00
-10.03
23.88
-12.64
-10.28
24.08
-13.40
-10.35
24.48
-14.07
-10.47
24.86
-0.99
-10.13
23.91
-1.17
-10.58
23.47
-11.72
-10.43
23.46
-12.32
-10.64
23.66
-1.41
-10.52
22.62
-8.87
-10.16
22.26
-9.56
-10.51
22.37
-10.40
-10.62
22.67
-11.13
-10.64
23.00
-1.74
-10.50
21.89
-4.00
-10.38
21.11
-4.72
-10.46
21.25
-5.58
-10.49
21.42
-6.51
-10.51
21.60
-7.45
-10.55
21.78
-8.41
-10.60
21.98
-9.13
-10.90
22.08
-2.16
-10.49
21.36
-2.71
-10.48
21.08
-3.35
-10.46
21.02
-11.80
-10.13
39.81
-12.33
-10.10
39.74
-12.81
-10.12
39.60
-6.05
-9.50
38.79
-6.79
-9.50
39.09
-7.62
-9.53
39.28
-8.54
-9.56
39.39
-9.49
-9.59
39.48
-10.47
-9.61
39.57
-11.43
-9.63
39.63
-12.27
-9.49
39.48
-13.05
-9.62
39.20
-4.89
-9.28
38.09
-5.32
-9.54
38.36
-13.78
-9.38
38.54
-14.43
-9.58
38.10
-14.89
-9.80
37.76
-3.24
-9.55
36.82
-3.80
-9.55
37.32
-4.49
-9.56
37.80
-4.91
-9.90
38.09
-14.02
-8.93
38.09
-14.33
-9.09
37.92
-15.24
-9.77
37.29
-2.80
-9.54
36.24
-15.60
-9.65
36.65
-15.97
-9.66
36.01
-2.43
-9.52
35.58
-16.21
-9.54
35.29
-1.74
-9.51
34.22
-2.09
-9.51
34.89
-16.32
-9.43
34.44
-1.07
-9.62
32.94
-1.38
-9.53
33.56
-16.07
-8.99
33.00
-16.29
-9.35
33.50
-0.85
-9.54
32.24
-16.05
-9.20
32.32
-16.29
-9.58
32.77
-0.68
-9.51
31.38
-15.92
-9.18
31.40
-0.57
-9.51
30.46
-15.83
-9.23
30.47
-0.53
-9.50
29.49
-15.73
-9.31
29.52
-0.52
-9.50
28.50
-15.59
-9.41
28.54
-0.54
-9.50
27.51
-15.34
-9.47
27.59
-0.59
-9.49
26.52
-14.58
-9.22
26.28
-15.00
-9.59
26.69
-0.67
-9.47
25.55
-13.69
-9.22
25.39
-14.28
-9.58
25.68
-14.79
-9.91
26.07
-0.79
-9.44
24.61
-10.99
-8.98
23.90
-11.67
-9.35
24.08
-12.53
-9.50
24.48
-13.33
-9.59
24.91
-13.91
-9.88
25.14
-0.95
-9.39
23.70
-1.12
-9.82
23.24
-9.08
-8.90
22.88
-9.67
-9.05
23.12
-10.48
-9.24
23.46
-11.18
-9.79
23.55
-1.07
-9.10
23.10
-1.30
-9.48
22.62
-7.87
-9.10
22.23
-8.64
-9.35
22.47
-9.54
-9.72
22.74
-10.32
-9.93
23.01
-10.88
-10.12
23.18
-1.68
-9.49
21.86
-3.97
-9.46
21.14
-4.73
-9.48
21.31
-5.57
-9.50
21.51
-6.49
-9.51
21.72
-7.42
-9.57
21.96
-8.15
-9.84
22.12
-2.12
-9.49
21.35
-2.66
-9.49
21.08
-3.29
-9.48
21.04
-6.04
-8.54
38.74
-6.79
-8.55
39.03
-7.63
-8.57
39.18
-8.55
-8.65
39.27
-9.50
-8.69
39.31
-10.46
-8.72
39.34
-11.37
-8.73
39.32
-12.18
-8.71
39.18
-12.85
-8.72
38.90
-4.90
-8.76
38.06
-5.33
-8.51
38.31
-13.40
-8.50
38.39
-14.61
-9.22
37.77
-14.84
-9.36
37.61
-3.27
-8.63
36.78
-3.81
-8.61
37.26
-4.49
-8.54
37.74
-4.92
-8.16
37.99
-13.95
-8.33
37.78
-14.51
-8.78
37.53
-14.99
-9.13
37.24
-2.85
-8.60
36.21
-14.22
-7.96
37.24
-14.66
-8.20
36.93
-15.29
-8.66
36.48
-15.74
-8.96
35.97
-2.49
-8.55
35.55
-15.52
-8.26
35.84
-15.87
-8.61
35.36
-1.77
-8.55
34.15
-2.14
-8.54
34.84
-16.05
-8.58
34.52
-1.10
-8.88
32.91
-1.38
-8.53
33.40
-15.91
-8.39
33.14
-16.05
-8.57
33.77
-0.94
-8.52
32.32
-1.16
-8.16
32.86
-15.80
-8.39
32.34
-0.72
-8.52
31.39
-15.68
-8.40
31.43
-0.60
-8.51
30.45
-15.58
-8.42
30.49
-0.55
-8.51
29.48
-15.47
-8.47
29.54
-0.53
-8.51
28.50
-15.30
-8.53
28.58
-0.54
-8.51
27.50
-14.66
-8.21
27.16
-15.01
-8.56
27.62
-0.57
-8.51
26.52
-13.82
-8.19
26.16
-14.36
-8.50
26.53
-14.82
-8.88
26.93
-0.63
-8.50
25.55
-12.06
-7.98
25.01
-12.62
-8.19
25.26
-13.41
-8.51
25.61
-14.04
-8.86
25.92
-0.73
-8.49
24.62
-10.86
-8.32
24.12
-11.67
-8.38
24.57
-12.47
-8.76
24.85
-13.08
-8.95
25.12
-0.88
-8.46
23.76
-8.97
-8.25
23.03
-9.61
-8.30
23.39
-10.26
-8.42
23.73
-1.05
-8.41
23.06
-1.30
-8.48
22.44
-6.97
-8.07
22.07
-7.57
-8.36
22.27
-8.34
-8.36
22.64
-1.66
-8.49
21.80
-3.95
-8.49
21.15
-4.71
-8.49
21.35
-5.54
-8.49
21.57
-6.47
-8.47
21.84
-7.15
-8.81
22.02
-2.10
-8.49
21.32
-2.64
-8.50
21.06
-3.26
-8.50
21.03
-6.10
-7.64
38.67
-6.79
-7.64
38.91
-7.64
-7.60
39.01
-8.58
-7.80
39.08
-9.52
-7.87
39.09
-10.46
-7.91
39.08
-11.35
-7.95
39.03
-12.13
-8.01
38.90
-12.67
-8.10
38.71
-5.50
-7.58
38.29
-7.97
-7.07
38.87
-8.66
-7.10
38.85
-9.54
-7.12
38.83
-10.46
-7.16
38.78
-11.36
-7.22
38.70
-12.18
-7.36
38.53
-12.94
-7.64
38.25
-3.33
-7.85
36.70
-3.81
-7.78
37.10
-4.40
-7.64
37.48
-4.97
-7.47
37.86
-13.56
-7.50
37.62
-2.97
-7.75
36.18
-14.04
-7.36
37.02
-14.60
-7.44
36.46
-15.08
-7.87
36.20
-2.64
-7.60
35.50
-14.88
-7.18
35.92
-15.30
-7.57
35.65
-15.68
-7.77
35.12
-1.88
-7.63
34.11
-2.24
-7.57
34.75
-15.69
-7.37
34.06
-15.83
-7.76
34.45
-1.55
-7.53
33.45
-15.71
-7.59
33.40
-15.89
-7.96
33.89
-0.98
-7.53
32.13
-1.24
-7.44
32.79
-15.59
-7.56
32.43
-0.78
-7.55
31.32
-15.48
-7.56
31.48
-0.65
-7.54
30.42
-15.38
-7.57
30.52
-0.58
-7.54
29.47
-15.24
-7.60
29.57
-0.56
-7.54
28.49
-15.07
-7.69
28.68
-0.56
-7.54
27.50
-14.49
-7.62
27.38
-14.84
-7.75
27.93
-0.59
-7.54
26.52
-13.64
-7.59
26.38
-14.13
-7.69
26.82
-0.65
-7.54
25.55
-11.92
-7.36
25.22
-12.55
-7.51
25.57
-13.16
-7.67
25.92
-0.75
-7.56
24.62
-10.03
-7.10
24.05
-10.56
-7.46
24.29
-11.31
-7.46
24.76
-0.88
-7.57
23.76
-8.88
-7.40
23.20
-9.60
-7.42
23.66
-10.13
-7.78
23.90
-1.05
-7.60
23.06
-1.30
-7.53
22.43
-6.90
-7.35
22.12
-7.54
-7.41
22.41
-8.22
-7.42
22.78
-1.65
-7.50
21.77
-3.94
-7.52
21.14
-4.68
-7.51
21.35
-5.46
-7.49
21.59
-6.24
-7.45
21.85
-2.09
-7.49
21.27
-2.63
-7.50
21.01
-3.26
-7.51
21.00
-6.15
-6.89
38.57
-6.73
-6.84
38.74
-7.32
-6.97
38.84
-5.67
-6.77
38.18
-7.02
-6.43
38.61
-7.68
-6.54
38.67
-8.58
-6.43
38.59
-9.51
-6.38
38.52
-10.45
-6.41
38.46
-11.36
-6.47
38.33
-12.15
-6.64
38.17
-12.79
-6.79
37.90
-3.41
-7.31
36.61
-3.80
-7.11
36.85
-4.38
-6.85
37.17
-5.07
-6.53
37.58
-13.28
-6.71
37.40
-3.22
-7.04
36.19
-3.69
-6.59
36.43
-4.28
-6.14
36.72
-4.78
-6.11
37.13
-13.75
-6.58
36.78
-14.27
-6.63
36.22
-2.94
-6.58
35.45
-3.52
-6.11
35.91
-3.95
-5.84
36.21
-14.69
-6.58
35.64
-15.20
-6.86
35.10
-15.55
-7.26
34.95
-1.99
-6.91
34.04
-2.37
-6.56
34.52
-15.42
-6.84
34.30
-15.65
-7.25
34.58
-1.76
-6.57
33.45
-2.11
-6.20
33.91
-15.41
-6.77
33.40
-1.08
-6.67
32.01
-1.37
-6.58
32.67
-15.35
-6.73
32.46
-0.89
-6.63
31.27
-15.26
-6.73
31.51
-0.75
-6.62
30.40
-15.15
-6.74
30.56
-0.67
-6.61
29.46
-14.62
-6.18
29.23
-14.95
-6.69
29.59
-0.63
-6.61
28.49
-13.90
-5.99
28.08
-14.36
-6.31
28.50
-14.80
-6.95
28.70
-0.64
-6.61
27.51
-13.05
-5.90
27.06
-13.59
-6.21
27.44
-14.23
-6.87
27.68
-14.66
-7.17
28.08
-0.67
-6.61
26.53
-12.11
-5.99
26.04
-12.69
-6.17
26.47
-13.38
-6.83
26.69
-13.93
-7.12
27.05
-0.74
-6.60
25.55
-11.78
-6.46
25.53
-12.50
-6.81
25.93
-13.02
-7.10
26.17
-0.83
-6.66
24.61
-9.97
-6.40
24.20
-10.53
-6.58
24.57
-11.14
-6.62
24.99
-0.97
-6.67
23.72
-1.14
-6.21
23.26
-8.79
-6.46
23.30
-9.41
-6.46
23.76
-1.08
-6.93
23.10
-1.30
-6.53
22.60
-6.84
-6.45
22.16
-7.50
-6.46
22.49
-8.15
-6.47
22.87
-1.66
-6.49
21.77
-3.96
-6.57
21.08
-4.67
-6.54
21.31
-5.41
-6.51
21.57
-6.15
-6.48
21.86
-2.10
-6.46
21.18
-2.65
-6.49
20.90
-3.29
-6.54
20.91
-6.20
-6.45
38.48
-6.52
-6.39
38.56
-6.03
-6.16
38.15
-6.73
-6.00
38.32
-7.59
-5.84
38.31
-8.50
-5.72
38.26
-9.47
-5.56
38.17
-10.44
-5.65
38.11
-11.37
-5.66
37.89
-12.17
-6.02
37.80
-12.67
-6.26
37.67
-5.12
-5.10
37.01
-5.59
-5.53
37.50
-6.60
-5.27
37.83
-7.52
-5.14
37.94
-8.39
-5.07
37.96
-9.10
-5.04
37.95
-11.79
-5.15
37.38
-12.40
-5.58
37.32
-12.95
-6.04
37.23
-4.62
-5.33
36.64
-4.99
-5.65
37.09
-12.12
-4.88
36.95
-12.62
-5.18
36.78
-13.36
-5.66
36.44
-14.00
-5.99
35.99
-3.06
-5.66
35.07
-3.54
-5.45
35.55
-4.05
-5.26
36.01
-13.70
-5.29
35.72
-14.31
-5.73
35.29
-14.87
-6.19
34.90
-2.64
-5.59
34.40
-14.55
-5.43
34.35
-15.00
-6.08
34.26
-1.86
-5.68
33.14
-2.25
-5.51
33.72
-14.65
-5.23
33.45
-15.05
-5.99
33.41
-1.18
-6.01
31.91
-1.49
-5.67
32.37
-14.70
-5.19
32.49
-15.05
-5.95
32.48
-1.08
-5.74
31.27
-1.36
-5.31
31.70
-14.66
-5.22
31.54
-15.00
-5.96
31.54
-0.90
-5.76
30.38
-14.56
-5.33
30.60
-14.91
-6.01
30.66
-0.81
-5.75
29.45
-14.45
-5.60
29.66
-14.81
-6.08
29.95
-0.77
-5.74
28.49
-13.71
-5.46
28.34
-14.12
-5.60
28.88
-0.77
-5.74
27.52
-12.88
-5.30
27.29
-13.34
-5.47
27.76
-0.81
-5.72
26.55
-11.87
-5.32
26.12
-12.41
-5.33
26.69
-0.90
-5.65
25.55
-1.06
-5.09
25.16
-10.24
-5.11
24.76
-10.63
-5.20
25.05
-11.28
-5.49
25.50
-0.95
-5.87
24.63
-1.12
-5.20
24.44
-9.96
-5.46
24.42
-10.51
-5.81
24.78
-10.97
-5.98
25.09
-1.02
-5.99
23.94
-1.21
-5.47
23.53
-8.72
-5.50
23.38
-9.32
-5.51
23.87
-1.42
-5.49
22.58
-6.82
-5.49
22.17
-7.48
-5.49
22.53
-8.11
-5.50
22.93
-1.71
-5.46
21.71
-3.99
-5.70
20.97
-4.66
-5.60
21.20
-5.40
-5.54
21.51
-6.13
-5.51
21.83
-2.13
-5.35
20.97
-2.71
-5.45
20.67
-3.37
-5.61
20.76
-2.28
-4.89
20.58
-2.54
-4.92
20.47
-9.78
-5.02
37.92
-10.40
-5.03
37.84
-11.01
-5.05
37.70
-5.20
-4.46
36.84
-5.80
-4.54
37.23
-6.62
-4.47
37.49
-7.52
-4.41
37.61
-8.45
-4.41
37.66
-9.42
-4.51
37.69
-10.34
-4.43
37.52
-11.22
-4.52
37.26
-4.69
-4.46
36.35
-11.95
-4.31
36.66
-12.59
-4.64
36.35
-13.12
-4.93
36.07
-3.18
-5.04
34.85
-3.57
-4.79
35.19
-4.11
-4.41
35.64
-12.22
-3.97
36.20
-12.68
-4.15
35.89
-13.38
-4.52
35.40
-13.96
-4.98
35.03
-2.96
-4.68
34.27
-3.47
-4.26
34.71
-3.86
-4.02
35.08
-13.71
-4.19
34.55
-14.13
-4.74
34.37
-2.02
-5.04
32.96
-2.45
-4.62
33.37
-13.88
-4.00
33.95
-14.21
-4.40
33.50
-1.80
-4.87
32.33
-2.18
-4.24
32.50
-14.33
-4.42
32.50
-1.23
-5.09
31.02
-1.59
-4.57
31.41
-1.97
-4.06
31.83
-14.27
-4.45
31.55
-1.12
-5.02
30.32
-1.43
-4.33
30.40
-13.73
-4.15
30.16
-14.10
-4.54
30.57
-1.03
-4.97
29.44
-1.31
-4.24
29.45
-13.16
-3.93
29.14
-13.54
-4.30
29.49
-14.01
-4.87
29.68
-0.98
-4.95
28.49
-1.24
-4.20
28.49
-13.00
-4.15
28.50
-13.46
-4.78
28.67
-13.88
-5.08
29.06
-0.97
-4.95
27.54
-1.21
-4.18
27.52
-12.73
-4.48
27.68
-13.18
-4.91
28.03
-0.98
-4.97
26.62
-1.20
-4.24
26.54
-11.71
-4.47
26.29
-12.22
-4.48
26.91
-1.01
-5.01
25.89
-1.19
-4.43
25.51
-10.18
-4.66
24.80
-10.53
-4.39
25.14
-11.15
-4.48
25.69
-1.29
-4.40
24.49
-9.80
-4.47
24.47
-10.12
-4.10
24.83
-1.39
-4.47
23.52
-8.68
-4.54
23.46
-9.23
-4.60
23.93
-1.54
-4.51
22.56
-6.82
-4.52
22.16
-7.46
-4.52
22.55
-8.08
-4.52
22.98
-1.75
-4.53
21.70
-4.05
-5.03
20.84
-4.60
-4.64
21.01
-5.39
-4.55
21.39
-6.13
-4.52
21.78
-2.02
-4.49
20.99
-2.99
-4.88
20.48
-3.56
-4.78
20.58
-4.09
-4.20
20.64
-2.31
-4.38
20.54
-2.77
-4.41
20.37
-3.35
-4.17
20.35
-3.77
-3.95
20.41
-5.30
-3.76
36.69
-5.87
-3.75
37.00
-6.64
-3.70
37.20
-7.53
-3.66
37.30
-8.47
-3.66
37.34
-9.40
-3.70
37.32
-10.26
-3.70
37.19
-10.99
-3.71
36.94
-4.87
-3.66
36.22
-11.58
-3.55
36.48
-4.44
-3.51
35.58
-12.06
-3.47
36.05
-12.52
-3.47
35.60
-13.04
-3.62
35.11
-3.12
-3.96
33.96
-3.53
-3.57
34.27
-4.01
-3.41
34.87
-13.39
-3.51
34.46
-2.90
-3.66
33.31
-3.31
-3.31
33.69
-13.66
-3.43
33.78
-13.92
-3.64
33.20
-2.55
-3.47
32.44
-14.00
-3.68
32.45
-1.84
-3.83
31.12
-2.20
-3.40
31.53
-13.21
-2.87
30.81
-13.50
-3.17
31.15
-13.89
-3.66
31.59
-1.78
-3.55
30.37
-2.08
-3.14
30.79
-13.11
-3.06
30.26
-13.51
-3.62
30.45
-13.85
-3.93
30.87
-1.62
-3.52
29.42
-12.96
-3.34
29.44
-13.34
-3.75
29.79
-1.53
-3.45
28.48
-12.65
-3.41
28.56
-1.48
-3.38
27.50
-12.36
-3.56
27.74
-1.45
-3.40
26.50
-11.58
-3.60
26.46
-12.02
-3.66
27.04
-1.44
-3.47
25.50
-10.54
-3.52
25.35
-11.07
-3.58
25.87
-1.49
-3.49
24.50
-9.06
-3.17
24.04
-9.51
-3.52
24.39
-10.05
-3.46
24.89
-1.57
-3.54
23.52
-8.69
-3.53
23.61
-9.15
-3.88
23.96
-1.70
-3.57
22.56
-6.83
-3.56
22.14
-7.44
-3.55
22.56
-8.05
-3.54
23.04
-1.87
-3.66
21.69
-4.81
-3.86
20.98
-5.39
-3.51
21.28
-6.17
-3.54
21.74
-2.09
-3.73
20.98
-4.39
-3.43
20.70
-4.94
-3.12
20.96
-2.37
-3.75
20.53
-2.79
-3.69
20.34
-3.33
-3.57
20.30
-3.84
-3.48
20.40
-5.40
-3.25
36.57
-5.86
-3.08
36.72
-6.63
-2.98
36.87
-7.53
-2.93
36.96
-8.48
-2.94
36.99
-9.40
-2.99
36.97
-10.23
-3.06
36.86
-10.86
-3.15
36.71
-5.16
-2.97
36.18
-5.68
-2.44
36.26
-6.58
-2.28
36.46
-7.52
-2.23
36.55
-8.50
-2.25
36.58
-9.45
-2.35
36.57
-10.35
-2.49
36.46
-11.28
-2.75
36.22
-11.75
-2.46
35.75
-4.81
-2.60
35.52
-5.23
-2.28
35.87
-11.88
-2.94
35.88
-12.27
-2.65
35.33
-12.82
-3.03
34.94
-3.76
-2.94
34.10
-4.25
-2.57
34.54
-12.67
-2.32
34.53
-13.07
-2.85
34.36
-3.12
-2.99
33.06
-3.53
-2.72
33.48
-4.01
-2.20
33.71
-12.91
-2.17
33.94
-13.31
-2.62
33.49
-13.70
-3.09
33.07
-2.98
-2.63
32.36
-3.49
-2.22
32.82
-3.87
-1.95
33.14
-13.39
-2.50
32.56
-13.73
-3.07
32.50
-2.61
-2.54
31.42
-13.01
-2.39
31.01
-13.34
-2.58
31.71
-13.69
-3.08
31.94
-1.98
-2.95
30.07
-2.30
-2.48
30.44
-12.78
-2.42
30.29
-1.89
-2.85
29.37
-2.18
-2.20
29.47
-12.56
-2.53
29.47
-1.81
-2.72
28.49
-2.07
-2.07
28.60
-12.29
-2.61
28.60
-1.78
-2.49
27.51
-2.00
-1.98
27.90
-11.63
-2.41
27.29
-12.00
-2.72
27.72
-1.70
-2.53
26.48
-11.44
-2.75
26.71
-11.84
-3.02
27.13
-1.66
-2.57
25.49
-10.44
-2.70
25.55
-10.96
-2.78
26.05
-1.70
-2.58
24.51
-8.96
-2.50
24.17
-9.48
-2.66
24.61
-9.98
-2.72
25.05
-1.77
-2.64
23.53
-8.48
-2.58
23.62
-1.93
-2.61
22.55
-2.17
-2.06
22.21
-6.85
-2.68
22.16
-7.38
-2.62
22.57
-7.95
-2.62
23.06
-2.08
-2.86
21.66
-2.38
-2.18
21.60
-5.59
-2.52
21.37
-6.27
-2.59
21.78
-2.31
-3.05
20.97
-2.78
-2.42
20.91
-3.49
-2.36
20.65
-4.20
-2.55
20.68
-4.95
-2.43
21.00
-2.45
-3.27
20.58
-2.82
-3.07
20.48
-3.36
-2.98
20.39
-3.82
-2.99
20.42
-5.37
-1.58
35.61
-5.71
-1.72
35.88
-6.55
-1.57
36.00
-7.52
-1.52
36.06
-8.54
-1.57
36.09
-9.49
-1.75
36.13
-10.36
-1.88
36.04
-11.13
-2.03
35.86
-11.61
-2.07
35.62
-5.08
-1.80
35.32
-5.30
-1.90
35.73
-6.79
-1.20
35.72
-7.27
-1.18
35.75
-8.89
-1.22
35.75
-9.58
-1.27
35.71
-10.39
-1.37
35.60
-11.15
-1.53
35.41
-11.83
-1.82
35.15
-4.71
-1.76
34.50
-12.29
-1.69
34.44
-4.43
-1.59
33.67
-12.63
-1.64
33.75
-12.96
-1.83
33.21
-3.18
-1.96
32.00
-3.62
-1.59
32.31
-4.11
-1.47
32.92
-13.04
-1.83
32.54
-3.02
-1.68
31.32
-3.43
-1.34
31.70
-12.67
-1.73
31.20
-12.96
-1.84
31.86
-2.71
-1.56
30.39
-12.42
-1.75
30.40
-2.49
-1.43
29.45
-12.18
-1.82
29.55
-2.32
-1.36
28.53
-10.95
-1.11
28.04
-11.38
-1.43
28.26
-11.88
-1.83
28.67
-1.95
-1.84
27.17
-2.16
-1.39
27.59
-10.79
-1.28
27.42
-11.35
-1.83
27.52
-11.77
-2.10
27.95
-1.93
-1.67
26.42
-2.12
-1.20
26.84
-10.54
-1.52
26.66
-11.05
-2.05
26.74
-1.88
-1.73
25.48
-9.01
-1.23
25.08
-9.52
-1.48
25.41
-10.19
-1.86
25.84
-10.76
-2.20
26.18
-1.93
-1.66
24.51
-2.11
-1.13
24.15
-8.81
-1.64
24.47
-9.43
-1.96
24.91
-9.89
-2.16
25.24
-1.96
-1.86
23.59
-2.18
-1.22
23.45
-8.28
-1.75
23.72
-2.04
-1.96
22.89
-2.30
-1.44
22.57
-6.85
-2.00
22.20
-7.22
-1.71
22.58
-7.80
-1.79
23.12
-2.62
-1.43
21.76
-5.68
-1.58
21.51
-6.42
-1.69
21.94
-6.84
-1.45
22.26
-3.04
-1.51
21.17
-3.63
-1.54
20.89
-4.30
-1.60
20.89
-4.99
-1.58
21.12
-5.46
-1.34
35.49
-5.79
-1.29
35.59
-6.28
-1.23
35.67
-7.77
-1.17
35.76
-8.28
-1.18
35.77
-5.35
-1.30
35.12
-5.85
-1.04
35.14
-6.59
-0.95
35.31
-7.54
-0.87
35.37
-8.55
-0.86
35.39
-9.50
-0.81
35.24
-10.36
-0.88
35.10
-11.12
-1.03
34.91
-11.65
-1.28
34.80
-5.17
-1.18
34.41
-5.78
-0.78
34.42
-6.58
-0.50
34.48
-7.55
-0.28
34.53
-8.55
-0.30
34.70
-9.47
-0.32
34.67
-10.33
-0.39
34.52
-11.16
-0.56
34.20
-11.87
-1.10
34.23
-4.94
-0.99
33.55
-5.63
-0.48
33.57
-6.46
-0.04
33.61
-7.21
0.08
33.90
-11.50
-0.37
33.35
-12.22
-1.03
33.39
-12.67
-1.35
33.04
-3.95
-1.03
32.11
-4.56
-0.76
32.57
-5.41
-0.14
32.67
-6.05
0.14
32.93
-11.58
-0.28
32.48
-12.22
-0.88
32.49
-12.69
-1.31
32.51
-3.26
-1.04
31.04
-3.73
-0.78
31.45
-4.45
-0.20
31.64
-5.10
0.08
32.00
-10.35
0.36
30.75
-10.75
0.11
31.01
-11.38
-0.27
31.49
-12.21
-1.04
31.54
-12.66
-1.36
31.97
-3.12
-0.72
30.31
-3.64
-0.32
30.75
-4.12
0.00
30.98
-10.25
0.27
30.20
-10.76
-0.15
30.30
-11.36
-0.58
30.49
-11.97
-1.13
30.53
-2.82
-0.63
29.38
-10.12
0.14
29.41
-10.69
-0.37
29.45
-11.29
-0.79
29.62
-11.80
-1.25
29.69
-2.61
-0.58
28.46
-9.94
-0.01
28.50
-10.62
-0.65
28.47
-11.26
-1.04
28.84
-11.67
-1.34
29.06
-2.44
-0.57
27.50
-9.04
0.19
27.03
-9.57
-0.11
27.50
-10.26
-0.76
27.52
-2.08
-1.09
26.13
-2.31
-0.60
26.49
-8.25
0.27
25.86
-8.76
0.01
26.31
-9.44
-0.51
26.59
-10.04
-1.00
26.71
-2.06
-1.07
25.48
-2.31
-0.46
25.49
-8.06
0.05
25.25
-8.71
-0.60
25.40
-9.39
-0.95
25.87
-9.89
-1.25
26.12
-2.07
-1.08
24.83
-2.30
-0.56
24.50
-7.79
-0.22
24.47
-8.32
-0.87
24.52
-2.44
-0.51
23.53
-7.48
-0.47
23.69
-7.95
-1.05
23.77
-2.61
-0.59
22.65
-5.95
-0.19
22.23
-6.47
-0.41
22.50
-7.10
-0.80
22.89
-7.64
-1.19
23.23
-2.89
-0.65
21.89
-5.62
-0.64
21.76
-6.35
-0.91
22.11
-6.79
-1.03
22.38
-3.23
-0.77
21.35
-3.73
-0.79
21.10
-4.33
-0.80
21.09
-4.95
-0.78
21.30
-7.93
0.16
34.09
-8.62
0.19
34.14
-9.44
0.17
34.13
-10.22
0.08
34.02
-10.79
-0.05
33.85
-6.87
0.53
33.12
-7.65
0.54
33.53
-8.57
0.68
33.57
-9.42
0.63
33.57
-10.19
0.48
33.48
-10.87
0.23
33.25
-5.71
0.35
32.30
-6.29
0.62
32.52
-11.05
0.28
32.55
-4.81
0.44
31.20
-5.45
0.57
31.71
-6.04
0.90
31.90
-10.08
0.76
30.98
-10.52
0.54
31.45
-10.93
0.33
31.91
-3.30
-0.11
29.95
-3.71
0.17
30.23
-4.30
0.50
30.54
-9.85
0.80
30.28
-3.19
0.15
29.26
-3.68
0.54
29.64
-4.14
0.79
29.90
-9.65
0.75
29.45
-2.93
0.16
28.37
-9.47
0.62
28.61
-2.78
0.20
27.45
-8.82
0.72
27.30
-9.21
0.57
27.86
-2.69
0.24
26.49
-7.98
0.81
26.00
-8.43
0.74
26.63
-2.66
0.28
25.50
-7.07
1.10
24.91
-7.54
0.77
25.25
-2.68
0.25
24.53
-6.81
0.94
24.36
-7.29
0.40
24.44
-2.79
0.22
23.58
-5.84
0.84
23.16
-6.43
0.70
23.59
-7.03
0.13
23.70
-2.95
0.13
22.72
-5.68
0.40
22.54
-6.38
0.16
22.92
-6.86
-0.15
23.14
-3.25
0.05
21.97
-3.78
0.27
21.75
-4.38
0.29
21.73
-5.08
0.13
21.89
-3.38
-0.25
21.49
-3.78
-0.19
21.35
-4.32
-0.19
21.34
-4.80
-0.23
21.44
-7.11
0.99
32.79
-7.72
1.21
32.87
-8.57
1.26
32.95
-9.40
1.07
32.97
-10.12
0.83
32.98
-10.59
0.63
32.94
-6.78
1.18
32.29
-7.34
1.53
32.32
-8.82
1.56
32.51
-9.41
1.40
32.27
-10.14
1.00
32.42
-10.65
0.69
32.52
-5.07
0.87
30.90
-5.58
1.11
31.14
-6.38
1.52
31.47
-7.08
1.78
31.80
-9.64
1.34
31.38
-10.26
0.91
31.85
-10.65
0.68
32.10
-4.82
1.04
30.35
-5.42
1.47
30.45
-5.97
1.85
30.60
-9.43
1.45
30.42
-3.39
0.65
28.90
-3.81
0.95
29.11
-4.49
1.28
29.52
-5.29
1.84
29.69
-5.74
2.00
30.09
-8.89
1.86
29.04
-9.21
1.50
29.47
-3.29
0.76
28.27
-3.79
1.24
28.35
-4.47
1.72
28.50
-5.04
2.00
28.91
-8.77
1.71
28.45
-9.11
1.23
28.64
-3.19
0.86
27.43
-3.70
1.42
27.46
-4.25
1.86
27.57
-8.60
1.43
27.67
-8.98
1.08
28.05
-3.13
0.95
26.48
-3.71
1.61
26.50
-4.17
1.97
26.86
-7.74
1.48
26.24
-8.17
1.45
26.89
-3.09
0.96
25.51
-3.59
1.56
25.52
-6.85
1.58
25.10
-7.30
1.50
25.62
-3.12
0.93
24.56
-3.64
1.49
24.61
-6.44
1.52
24.53
-3.23
0.85
23.64
-3.86
1.37
23.71
-4.59
1.47
23.46
-5.38
1.33
23.43
-6.03
1.37
23.92
-3.31
0.69
22.83
-3.83
1.02
22.83
-4.46
1.09
22.74
-5.10
0.91
22.69
-3.42
0.54
22.28
-3.82
0.70
22.20
-4.37
0.74
22.17
-4.85
0.65
22.20
-7.95
1.60
32.61
-8.32
1.62
32.63
-7.81
1.84
32.20
-8.45
1.86
32.20
-8.95
1.82
31.95
-6.82
2.19
31.03
-7.52
2.18
31.51
-8.29
2.22
31.50
-8.92
2.03
31.27
-6.15
2.52
29.88
-6.34
2.34
30.33
-9.00
2.08
30.48
-5.79
2.38
29.48
-5.95
2.26
29.98
-8.62
2.28
29.19
-8.89
2.14
29.77
-4.85
2.15
28.16
-5.39
2.40
28.52
-8.41
2.25
28.47
-4.73
2.25
27.46
-5.27
2.56
27.61
-8.20
2.14
27.72
-4.10
2.03
26.16
-4.62
2.35
26.53
-5.16
2.61
26.91
-7.48
2.12
26.48
-7.90
2.10
27.05
-4.07
2.01
25.49
-4.62
2.37
25.61
-6.58
2.14
25.37
-7.07
2.11
25.89
-4.14
1.94
24.75
-4.78
2.26
24.84
-5.42
2.26
24.68
-6.05
2.09
24.78
-4.20
1.79
24.15
-4.70
1.90
24.10
-5.33
1.88
24.08
-5.81
1.82
24.23
-7.07
2.57
30.69
-7.58
2.60
30.85
-8.18
2.57
30.91
-8.62
2.45
30.89
-6.38
2.72
29.76
-6.81
2.72
30.08
-7.51
2.81
30.17
-8.16
2.72
30.26
-8.63
2.51
30.40
-6.23
2.74
29.27
-6.79
2.90
29.31
-7.47
2.90
29.38
-8.19
2.69
29.46
-8.61
2.51
29.89
-6.03
2.78
28.46
-6.68
2.95
28.47
-7.35
2.92
28.51
-7.96
2.68
28.55
-5.86
2.82
27.56
-6.55
2.93
27.58
-7.23
2.84
27.65
-7.79
2.61
27.76
-5.10
2.65
26.26
-5.62
2.78
26.62
-6.41
2.80
26.68
-7.15
2.62
26.80
-7.64
2.51
27.18
-5.10
2.64
25.69
-5.63
2.72
25.80
-6.30
2.60
25.82
-6.86
2.51
26.14
-5.12
2.56
25.20
-5.53
2.58
25.19
-5.97
2.49
25.23
