0
1
6
7
6
1
0
44
1
45
1
44
0
6
44
58
44
6
1
2
8
1
8
7
1
45
46
1
46
2
2
3
8
9
8
3
2
46
3
47
3
46
3
47
59
3
59
9
4
5
10
11
10
5
4
50
5
51
5
50
4
10
50
62
50
10
5
51
63
5
63
11
6
7
12
13
12
7
6
12
58
67
58
12
7
8
14
7
14
13
8
9
14
15
14
9
9
59
70
9
70
15
10
11
16
17
16
11
10
16
62
73
62
16
11
63
74
11
74
17
12
13
67
68
67
13
13
14
69
13
69
68
14
15
69
70
69
15
16
17
73
74
73
17
18
19
23
24
23
19
18
98
19
99
19
98
18
23
98
109
98
23
19
20
25
19
25
24
19
99
100
19
100
20
20
100
25
110
25
100
21
22
34
21
34
33
21
107
108
21
108
22
21
33
119
21
119
107
22
23
34
35
34
23
22
108
23
109
23
108
23
24
36
23
36
35
24
25
36
37
36
25
25
26
38
25
38
37
25
110
111
25
111
26
26
111
38
120
38
111
27
28
41
27
41
40
27
113
114
27
114
28
27
40
123
27
123
113
28
29
41
42
41
29
28
114
29
115
29
114
29
30
43
29
43
42
29
115
116
29
116
30
30
31
43
44
43
31
30
116
31
117
31
116
31
32
45
31
45
44
31
117
118
31
118
32
32
33
45
46
45
33
32
118
33
119
33
118
33
34
47
33
47
46
34
35
47
48
47
35
35
36
49
35
49
48
36
37
49
50
49
37
37
38
51
37
51
50
38
39
51
52
51
39
38
120
39
121
39
120
39
121
124
39
124
52
40
41
54
55
54
41
40
54
123
126
123
54
41
42
56
41
56
55
42
43
56
57
56
43
43
44
58
43
58
57
47
48
60
47
60
59
48
49
60
61
60
49
49
50
62
49
62
61
51
52
64
51
64
63
52
53
64
65
64
53
52
124
53
125
53
124
53
125
131
53
131
65
54
55
126
127
126
55
55
56
128
55
128
127
56
57
128
129
128
57
57
58
130
57
130
129
58
67
130
136
130
67
59
60
71
59
71
70
60
61
71
72
71
61
61
62
73
61
73
72
63
64
75
63
75
74
64
65
75
76
75
65
65
66
77
65
77
76
65
131
132
65
132
66
66
132
77
137
77
132
67
68
79
67
79
78
67
78
140
67
140
136
68
69
79
80
79
69
69
70
81
69
81
80
70
71
81
82
81
71
71
72
83
71
83
82
72
73
83
84
83
73
73
74
85
73
85
84
74
75
85
86
85
75
75
76
87
75
87
86
76
77
87
88
87
77
77
137
149
77
149
88
78
79
140
141
140
79
79
80
142
79
142
141
80
81
142
143
142
81
81
82
144
81
144
143
82
83
144
145
144
83
83
84
146
83
146
145
84
85
146
147
146
85
85
86
148
85
148
147
86
87
91
92
91
87
86
91
148
158
148
91
87
88
93
87
93
92
88
89
93
94
93
89
88
149
89
150
89
149
89
90
95
89
95
94
89
150
151
89
151
90
90
151
95
162
95
151
91
92
159
91
159
158
92
93
159
160
159
93
93
94
161
93
161
160
94
95
161
162
161
95
96
97
98
99
98
97
96
179
97
180
97
179
96
98
179
185
179
98
97
180
186
97
186
99
98
109
185
197
185
109
99
186
187
99
187
100
100
187
110
198
110
187
101
102
114
101
114
113
101
189
190
101
190
102
101
113
201
101
201
189
102
103
114
115
114
103
102
190
103
191
103
190
103
104
116
103
116
115
103
191
192
103
192
104
104
105
116
117
116
105
104
192
105
193
105
192
105
106
118
105
118
117
105
193
194
105
194
106
106
107
118
119
118
107
106
194
107
195
107
194
107
195
196
107
196
108
108
196
109
197
109
196
110
198
111
199
111
198
111
112
121
111
121
120
111
199
200
111
200
112
112
200
121
202
121
200
113
123
204
113
204
201
121
122
125
121
125
124
121
202
203
121
203
122
122
203
125
205
125
203
123
126
207
123
207
204
125
205
209
125
209
131
126
127
207
208
207
127
127
128
134
127
134
133
127
133
212
127
212
208
128
129
134
135
134
129
129
130
136
129
136
135
131
209
210
131
210
132
132
210
137
215
137
210
133
134
213
133
213
212
134
135
213
214
213
135
135
136
140
135
140
139
135
139
218
135
218
214
137
138
150
137
150
149
137
215
216
137
216
138
138
216
150
222
150
216
139
140
219
139
219
218
140
141
219
220
219
141
141
142
221
141
221
220
142
143
152
153
152
143
142
152
221
228
221
152
143
144
154
143
154
153
144
145
154
155
154
145
145
146
156
145
156
155
146
147
156
157
156
147
147
148
158
147
158
157
150
222
151
223
151
222
151
223
231
151
231
162
152
153
228
229
228
153
153
154
230
153
230
229
154
155
163
164
163
155
154
163
230
237
230
163
155
156
165
155
165
164
156
157
165
166
165
157
157
158
167
157
167
166
158
159
167
168
167
159
159
160
169
159
169
168
160
161
169
170
169
161
161
162
171
161
171
170
162
231
171
242
171
231
163
164
238
163
238
237
164
165
238
239
238
165
165
166
240
165
240
239
166
167
240
241
240
167
167
168
174
167
174
173
167
173
252
167
252
241
168
169
174
175
174
169
169
170
176
169
176
175
170
171
176
177
176
171
171
172
178
171
178
177
171
242
243
171
243
172
172
243
178
257
178
243
173
174
253
173
253
252
174
175
253
254
253
175
175
176
255
175
255
254
176
177
255
256
255
177
177
178
257
177
257
256
179
185
186
179
186
180
181
182
194
181
194
193
181
268
269
181
269
182
181
193
280
181
280
268
182
183
194
195
194
183
182
269
183
270
183
269
183
184
196
183
196
195
183
270
271
183
271
184
184
185
196
197
196
185
184
271
185
272
185
271
185
272
273
185
273
186
186
273
187
274
187
273
187
188
199
187
199
198
187
274
275
187
275
188
188
275
199
282
199
275
189
276
277
189
277
190
189
201
286
189
286
276
190
277
191
278
191
277
191
278
279
191
279
192
192
279
193
280
193
279
199
282
283
199
283
200
200
283
202
287
202
283
201
204
291
201
291
286
202
287
203
288
203
287
203
288
292
203
292
205
204
207
291
296
291
207
205
206
210
205
210
209
205
292
293
205
293
206
206
293
210
297
210
293
207
208
212
207
212
211
207
211
298
207
298
296
210
297
215
301
215
297
211
212
299
211
299
298
212
213
299
300
299
213
213
214
218
213
218
217
213
217
305
213
305
300
215
301
302
215
302
216
216
302
222
306
222
302
217
218
225
217
225
224
217
224
308
217
308
305
218
219
225
226
225
219
219
220
227
219
227
226
220
221
227
228
227
221
222
306
223
307
223
306
223
307
310
223
310
231
224
225
308
309
308
225
225
226
233
225
233
232
225
232
311
225
311
309
226
227
233
234
233
227
227
228
235
227
235
234
228
229
235
236
235
229
229
230
237
229
237
236
231
310
313
231
313
242
232
233
311
312
311
233
233
234
245
233
245
244
233
244
315
233
315
312
234
235
245
246
245
235
235
236
247
235
247
246
236
237
247
248
247
237
237
238
249
237
249
248
238
239
249
250
249
239
239
240
251
239
251
250
240
241
251
252
251
241
242
313
243
314
243
313
243
314
323
243
323
257
244
245
315
316
315
245
245
246
317
245
317
316
246
247
317
318
317
247
247
248
319
247
319
318
248
249
319
320
319
249
249
250
321
249
321
320
250
251
258
259
258
251
250
258
321
325
321
258
251
252
260
251
260
259
252
253
260
261
260
253
253
254
262
253
262
261
254
255
262
263
262
255
255
256
264
255
264
263
256
257
264
265
264
257
257
323
332
257
332
265
258
259
325
326
325
259
259
260
327
259
327
326
260
261
327
328
327
261
261
262
329
261
329
328
262
263
329
330
329
263
263
264
331
263
331
330
264
265
331
332
331
265
266
267
278
279
278
267
266
339
267
340
267
339
266
278
339
350
339
278
267
268
280
267
280
279
267
340
341
267
341
268
268
341
269
342
269
341
269
342
343
269
343
270
270
343
271
344
271
343
271
344
345
271
345
272
272
345
273
346
273
345
273
346
347
273
347
274
274
281
275
282
275
281
274
347
281
351
281
347
276
348
277
349
277
348
276
286
348
356
348
286
277
349
350
277
350
278
281
351
352
281
352
282
282
352
283
353
283
352
283
353
357
283
357
287
284
285
289
290
289
285
284
354
285
355
285
354
284
289
354
359
354
289
285
286
291
285
291
290
285
355
356
285
356
286
287
357
358
287
358
288
288
358
292
362
292
358
289
290
295
289
295
294
289
294
364
289
364
359
290
291
360
361
360
291
290
360
295
365
295
360
291
296
366
291
366
361
292
362
293
363
293
362
293
363
367
293
367
297
294
295
364
365
364
295
296
298
366
370
366
298
297
367
371
297
371
301
298
299
303
304
303
299
298
303
370
375
370
303
299
300
305
299
305
304
301
371
372
301
372
302
302
372
306
378
306
372
303
304
376
303
376
375
304
305
376
377
376
305
305
308
382
305
382
377
306
378
307
379
307
378
307
379
385
307
385
310
308
309
382
383
382
309
309
311
388
309
388
383
310
385
313
390
313
385
311
312
389
311
389
388
312
315
389
393
389
315
313
322
323
313
323
314
313
390
399
313
399
322
315
316
394
315
394
393
316
317
394
395
394
317
317
318
396
317
396
395
318
319
396
397
396
319
319
320
398
319
398
397
320
321
324
325
324
321
320
324
398
407
398
324
322
399
323
400
323
399
323
400
411
323
411
332
324
325
407
408
407
325
325
326
409
325
409
408
326
327
333
334
333
327
326
333
409
418
409
333
327
328
335
327
335
334
328
329
335
336
335
329
329
330
337
329
337
336
330
331
337
338
337
331
331
332
411
331
411
410
331
410
423
331
423
338
333
334
419
333
419
418
334
335
419
420
419
335
335
336
421
335
421
420
336
337
421
422
421
337
337
338
423
337
423
422
339
434
435
339
435
340
339
350
445
339
445
434
340
435
341
436
341
435
341
436
437
341
437
342
342
437
343
438
343
437
343
438
439
343
439
344
344
439
345
440
345
439
345
440
441
345
441
346
346
441
347
442
347
441
347
442
453
347
453
351
348
443
349
444
349
443
348
356
443
458
443
356
349
444
445
349
445
350
351
453
454
351
454
352
352
454
353
455
353
454
353
455
470
353
470
357
354
456
355
457
355
456
354
359
456
472
456
359
355
457
458
355
458
356
357
470
471
357
471
358
358
471
362
481
362
471
359
364
483
359
483
472
360
361
365
366
365
361
362
481
363
482
363
481
363
482
489
363
489
367
364
365
368
369
368
365
364
368
483
490
483
368
365
366
370
365
370
369
367
489
495
367
495
371
368
369
373
374
373
369
368
373
490
497
490
373
369
370
375
369
375
374
371
495
496
371
496
372
372
496
378
503
378
496
373
374
498
373
498
497
374
375
498
499
498
375
375
376
381
375
381
380
375
380
505
375
505
499
376
377
381
382
381
377
378
384
379
385
379
384
378
503
384
509
384
503
380
381
505
506
505
381
381
382
507
381
507
506
382
383
507
508
507
383
383
388
516
383
516
508
384
509
385
510
385
509
385
386
391
385
391
390
385
510
511
385
511
386
386
387
391
392
391
387
386
511
387
512
387
511
387
512
518
387
518
392
388
389
516
517
516
389
389
393
520
389
520
517
390
391
399
400
399
391
391
392
401
391
401
400
392
518
401
521
401
518
393
394
403
393
403
402
393
402
523
393
523
520
394
395
403
404
403
395
395
396
405
395
405
404
396
397
405
406
405
397
397
398
407
397
407
406
400
401
411
412
411
401
401
521
527
401
527
412
402
403
523
524
523
403
403
404
525
403
525
524
404
405
525
526
525
405
405
406
415
405
415
414
405
414
529
405
529
526
406
407
415
416
415
407
407
408
417
407
417
416
408
409
417
418
417
409
410
411
423
424
423
411
411
412
425
411
425
424
412
413
425
426
425
413
412
527
413
528
413
527
413
528
536
413
536
426
414
415
529
530
529
415
415
416
531
415
531
530
416
417
531
532
531
417
417
418
533
417
533
532
418
419
533
534
533
419
419
420
535
419
535
534
420
421
427
428
427
421
420
427
535
541
535
427
421
422
429
421
429
428
422
423
429
430
429
423
423
424
431
423
431
430
424
425
431
432
431
425
425
426
433
425
433
432
426
536
433
547
433
536
427
428
542
427
542
541
428
429
542
543
542
429
429
430
544
429
544
543
430
431
544
545
544
431
431
432
546
431
546
545
432
433
546
547
546
433
434
445
435
446
435
445
435
446
447
435
447
436
436
447
437
448
437
447
437
448
449
437
449
438
438
449
439
450
439
449
439
450
451
439
451
440
440
451
441
452
441
451
441
452
453
441
453
442
443
458
459
443
459
444
444
459
445
460
445
459
445
460
461
445
461
446
446
461
447
462
447
461
447
462
463
447
463
448
448
463
449
464
449
463
449
464
465
449
465
450
450
465
451
466
451
465
451
466
467
451
467
452
452
467
453
468
453
467
453
468
469
453
469
454
454
469
455
470
455
469
456
472
457
473
457
472
457
473
474
457
474
458
458
557
459
558
459
557
458
474
557
565
557
474
459
558
559
459
559
460
460
559
461
560
461
559
461
560
561
461
561
462
462
561
463
562
463
561
463
562
563
463
563
464
464
563
465
564
465
563
465
475
476
465
476
466
465
564
572
465
572
475
466
476
467
477
467
476
467
477
478
467
478
468
468
478
469
479
469
478
469
479
480
469
480
470
470
480
471
481
471
480
472
483
473
484
473
483
473
484
485
473
485
474
474
485
565
579
565
485
475
572
573
475
573
476
476
573
477
574
477
573
477
574
575
477
575
478
478
575
479
576
479
575
479
486
487
479
487
480
479
576
590
479
590
486
480
487
481
488
481
487
481
488
489
481
489
482
483
577
578
483
578
484
483
490
592
483
592
577
484
491
485
492
485
491
484
578
491
593
491
578
485
492
594
485
594
579
486
590
487
591
487
590
487
493
494
487
494
488
487
591
603
487
603
493
488
494
489
495
489
494
490
497
592
604
592
497
491
593
594
491
594
492
493
500
501
493
501
494
493
603
615
493
615
500
494
501
495
502
495
501
495
502
503
495
503
496
497
498
605
497
605
604
498
499
504
505
504
499
498
504
605
619
605
504
500
615
501
616
501
615
501
616
617
501
617
502
502
617
503
618
503
617
503
618
627
503
627
509
504
505
619
620
619
505
505
506
514
505
514
513
505
513
631
505
631
620
506
507
514
515
514
507
507
508
516
507
516
515
509
627
628
509
628
510
510
628
511
629
511
628
511
629
630
511
630
512
512
630
518
636
518
630
513
514
632
513
632
631
514
515
632
633
632
515
515
516
634
515
634
633
516
517
519
520
519
517
516
519
634
640
634
519
518
636
521
642
521
636
519
520
641
519
641
640
520
523
641
648
641
523
521
522
528
521
528
527
521
642
643
521
643
522
522
643
528
652
528
643
523
524
649
523
649
648
524
525
649
650
649
525
525
526
651
525
651
650
526
529
651
656
651
529
528
652
536
659
536
652
529
530
657
529
657
656
530
531
657
658
657
531
531
532
538
531
538
537
531
537
663
531
663
658
532
533
538
539
538
533
533
534
540
533
540
539
534
535
540
541
540
535
536
659
547
666
547
659
537
538
664
537
664
663
538
539
664
665
664
539
539
540
549
539
549
548
539
548
667
539
667
665
540
541
549
550
549
541
541
542
551
541
551
550
542
543
551
552
551
543
543
544
553
543
553
552
544
545
553
554
553
545
545
546
555
545
555
554
546
547
555
556
555
547
547
666
675
547
675
556
548
549
667
668
667
549
549
550
669
549
669
668
550
551
669
670
669
551
551
552
671
551
671
670
552
553
671
672
671
553
553
554
673
553
673
672
554
555
673
674
673
555
555
556
675
555
675
674
557
565
566
557
566
558
558
566
559
567
559
566
559
567
568
559
568
560
560
568
561
569
561
568
561
569
570
561
570
562
562
570
563
571
563
570
563
571
572
563
572
564
565
579
580
565
580
566
566
580
567
581
567
580
567
581
582
567
582
568
568
582
569
583
569
582
569
583
584
569
584
570
570
584
571
585
571
584
571
585
586
571
586
572
572
586
573
587
573
586
573
676
677
573
677
574
573
587
679
573
679
676
574
588
575
589
575
588
574
677
588
680
588
677
575
589
590
575
590
576
577
592
593
577
593
578
579
594
595
579
595
580
580
595
581
596
581
595
581
596
597
581
597
582
582
597
583
598
583
597
583
598
599
583
599
584
584
599
585
600
585
599
585
600
601
585
601
586
586
678
587
679
587
678
586
601
678
683
678
601
588
680
589
681
589
680
589
681
682
589
682
590
590
602
591
603
591
602
590
682
602
686
602
682
592
604
593
605
593
604
593
605
606
593
606
594
594
606
595
607
595
606
595
607
608
595
608
596
596
608
597
609
597
608
597
609
610
597
610
598
598
610
599
611
599
610
599
611
612
599
612
600
600
612
601
613
601
612
601
613
693
601
693
683
602
686
603
687
603
686
603
687
696
603
696
615
605
688
689
605
689
606
605
619
700
605
700
688
606
689
607
690
607
689
607
690
691
607
691
608
608
691
609
692
609
691
609
621
622
609
622
610
609
692
704
609
704
621
610
622
611
623
611
622
611
623
624
611
624
612
612
624
613
625
613
624
613
625
626
613
626
614
613
614
694
613
694
693
614
626
694
709
694
626
615
696
697
615
697
616
616
697
617
698
617
697
617
698
699
617
699
618
618
699
627
710
627
699
619
620
701
619
701
700
620
631
701
713
701
631
621
704
705
621
705
622
622
705
623
706
623
705
623
706
707
623
707
624
624
707
625
708
625
707
625
708
709
625
709
626
627
710
711
627
711
628
628
711
629
712
629
711
629
635
636
629
636
630
629
712
714
629
714
635
631
632
638
631
638
637
631
637
716
631
716
713
632
633
638
639
638
633
633
634
640
633
640
639
635
714
715
635
715
636
636
715
642
717
642
715
637
638
645
637
645
644
637
644
719
637
719
716
638
639
645
646
645
639
639
640
647
639
647
646
640
641
647
648
647
641
642
717
643
718
643
717
643
718
724
643
724
652
644
645
719
720
719
645
645
646
721
645
721
720
646
647
721
722
721
647
647
648
723
647
723
722
648
649
653
654
653
649
648
653
723
730
723
653
649
650
655
649
655
654
650
651
655
656
655
651
652
724
659
733
659
724
653
654
731
653
731
730
654
655
731
732
731
655
655
656
661
655
661
660
655
660
739
655
739
732
656
657
661
662
661
657
657
658
663
657
663
662
659
733
745
659
745
666
660
661
739
740
739
661
661
662
741
661
741
740
662
663
741
742
741
663
663
664
743
663
743
742
664
665
743
744
743
665
665
667
750
665
750
744
666
745
675
758
675
745
667
668
751
667
751
750
668
669
751
752
751
669
669
670
753
669
753
752
670
671
753
754
753
671
671
672
755
671
755
754
672
673
755
756
755
673
673
674
757
673
757
756
674
675
757
758
757
675
676
679
677
680
677
679
678
683
679
684
679
683
679
770
771
679
771
680
679
684
773
679
773
770
680
771
681
772
681
771
681
685
686
681
686
682
681
772
775
681
775
685
683
693
694
683
694
684
684
694
773
777
773
694
685
775
776
685
776
686
686
695
687
696
687
695
686
776
695
780
695
776
688
700
689
701
689
700
689
701
702
689
702
690
690
702
691
703
691
702
691
703
704
691
704
692
694
709
777
793
777
709
695
780
781
695
781
696
696
781
697
782
697
781
697
782
783
697
783
698
698
783
699
784
699
783
699
784
800
699
800
710
701
785
786
701
786
702
701
713
803
701
803
785
702
786
703
787
703
786
703
787
788
703
788
704
704
788
705
789
705
788
705
789
790
705
790
706
706
790
707
791
707
790
707
791
792
707
792
708
708
792
709
793
709
792
710
800
711
801
711
800
711
801
802
711
802
712
712
802
714
813
714
802
713
716
815
713
815
803
714
813
715
814
715
813
715
814
825
715
825
717
716
719
815
827
815
719
717
825
826
717
826
718
718
826
724
830
724
826
719
720
727
719
727
726
719
726
832
719
832
827
720
721
727
728
727
721
721
722
729
721
729
728
722
723
729
730
729
723
724
725
733
734
733
725
724
830
725
831
725
830
725
831
838
725
838
734
726
727
735
736
735
727
726
735
832
839
832
735
727
728
737
727
737
736
728
729
834
835
834
729
728
834
737
841
737
834
729
730
836
729
836
835
730
731
836
837
836
731
731
732
739
731
739
738
731
738
844
731
844
837
733
734
746
733
746
745
734
838
746
848
746
838
735
736
840
735
840
839
736
737
840
841
840
737
738
739
844
845
844
739
739
740
846
739
846
845
740
741
846
847
846
741
741
742
748
741
748
747
741
747
850
741
850
847
742
743
748
749
748
743
743
744
750
743
750
749
745
746
759
745
759
758
746
848
759
854
759
848
747
748
851
747
851
850
748
749
851
852
851
749
749
750
853
749
853
852
750
751
760
761
760
751
750
760
853
856
853
760
751
752
762
751
762
761
752
753
762
763
762
753
753
754
764
753
764
763
754
755
764
765
764
755
755
756
766
755
766
765
756
757
766
767
766
757
757
758
768
757
768
767
758
759
768
769
768
759
759
854
865
759
865
769
760
761
856
857
856
761
761
762
858
761
858
857
762
763
858
859
858
763
763
764
860
763
860
859
764
765
860
861
860
765
765
766
862
765
862
861
766
767
862
863
862
767
767
768
864
767
864
863
768
769
864
865
864
769
770
773
771
774
771
773
771
774
775
771
775
772
773
777
778
773
778
774
774
778
775
779
775
778
775
779
780
775
780
776
777
793
794
777
794
778
778
794
779
795
779
794
779
795
796
779
796
780
780
796
781
797
781
796
781
797
798
781
798
782
782
798
783
799
783
798
783
882
883
783
883
784
783
799
890
783
890
882
784
883
800
891
800
883
785
803
804
785
804
786
786
804
787
805
787
804
787
805
806
787
806
788
788
806
789
807
789
806
789
807
808
789
808
790
790
808
791
809
791
808
791
809
810
791
810
792
792
810
793
811
793
810
793
884
885
793
885
794
793
811
895
793
895
884
794
885
795
886
795
885
795
886
887
795
887
796
796
887
797
888
797
887
797
888
889
797
889
798
798
889
799
890
799
889
800
891
801
892
801
891
801
812
813
801
813
802
801
892
903
801
903
812
803
815
816
803
816
804
804
816
805
817
805
816
805
893
894
805
894
806
805
817
905
805
905
893
806
818
807
819
807
818
806
894
818
906
818
894
807
819
820
807
820
808
808
820
809
821
809
820
809
821
822
809
822
810
810
822
811
823
811
822
811
823
911
811
911
895
812
903
813
904
813
903
813
824
825
813
825
814
813
904
920
813
920
824
815
827
828
815
828
816
816
828
817
829
817
828
817
829
924
817
924
905
818
906
819
907
819
906
819
907
908
819
908
820
820
908
821
909
821
908
821
909
910
821
910
822
822
910
823
911
823
910
824
920
825
921
825
920
825
921
922
825
922
826
826
922
830
930
830
922
827
832
833
827
833
828
828
923
829
924
829
923
828
833
923
933
923
833
830
930
831
931
831
930
831
931
935
831
935
838
832
932
833
933
833
932
832
839
932
936
932
839
834
835
841
842
841
835
835
836
843
835
843
842
836
837
843
844
843
837
838
935
848
944
848
935
839
840
937
839
937
936
840
841
937
938
937
841
841
842
939
841
939
938
842
843
939
940
939
843
843
844
941
843
941
940
844
845
941
942
941
845
845
846
943
845
943
942
846
847
849
850
849
847
846
849
943
950
943
849
848
944
854
954
854
944
849
850
951
849
951
950
850
851
951
952
951
851
851
852
953
851
953
952
852
853
855
856
855
853
852
855
953
958
953
855
854
954
865
961
865
954
855
856
959
855
959
958
856
857
959
960
959
857
857
858
868
857
868
867
857
867
966
857
966
960
858
859
868
869
868
859
859
860
870
859
870
869
860
861
870
871
870
861
861
862
872
861
872
871
862
863
872
873
872
863
863
864
874
863
874
873
864
865
874
875
874
865
865
866
876
865
876
875
865
961
962
865
962
866
866
962
876
972
876
962
867
868
967
867
967
966
868
869
967
968
967
869
869
870
878
869
878
877
869
877
975
869
975
968
870
871
878
879
878
871
871
872
880
871
880
879
872
873
880
881
880
873
873
874
970
873
970
969
873
969
979
873
979
881
874
875
970
971
970
875
875
876
972
875
972
971
877
878
976
877
976
975
878
879
976
977
976
879
879
880
978
879
978
977
880
881
978
979
978
881
882
890
883
891
883
890
884
895
885
896
885
895
885
896
897
885
897
886
886
897
887
898
887
897
887
898
899
887
899
888
888
899
889
900
889
899
889
900
901
889
901
890
890
901
891
902
891
901
891
902
903
891
903
892
893
905
906
893
906
894
895
911
912
895
912
896
896
912
897
913
897
912
897
913
914
897
914
898
898
914
899
915
899
914
899
915
916
899
916
900
900
916
901
917
901
916
901
917
918
901
918
902
902
918
903
919
903
918
903
919
920
903
920
904
905
981
982
905
982
906
905
924
996
905
996
981
906
982
907
983
907
982
907
983
984
907
984
908
908
984
909
985
909
984
909
925
926
909
926
910
909
985
1000
909
1000
925
910
926
911
927
911
926
911
927
928
911
928
912
912
928
913
929
913
928
913
986
987
913
987
914
913
929
1004
913
1004
986
914
987
915
988
915
987
915
988
989
915
989
916
916
989
917
990
917
989
917
990
991
917
991
918
918
991
919
992
919
991
919
992
993
919
993
920
920
993
921
994
921
993
921
994
995
921
995
922
922
995
930
1008
930
995
923
933
934
923
934
924
924
934
996
1010
996
934
925
1000
1001
925
1001
926
926
1001
927
1002
927
1001
927
1002
1003
927
1003
928
928
1003
929
1004
929
1003
930
1008
931
1009
931
1008
931
1009
1015
931
1015
935
932
936
933
937
933
936
933
937
938
933
938
934
934
938
1010
1016
1010
938
935
1015
1017
935
1017
944
938
939
945
946
945
939
938
945
1016
1018
1016
945
939
940
947
939
947
946
940
941
947
948
947
941
941
942
949
941
949
948
942
943
949
950
949
943
944
1017
954
1025
954
1017
945
946
1019
945
1019
1018
946
947
1019
1020
1019
947
947
948
1021
947
1021
1020
948
949
1021
1022
1021
949
949
950
1023
949
1023
1022
950
951
1023
1024
1023
951
951
952
957
951
957
956
951
956
1033
951
1033
1024
952
953
957
958
957
953
954
955
961
962
961
955
954
1025
955
1026
955
1025
955
1026
1035
955
1035
962
956
957
1033
1034
1033
957
957
958
964
957
964
963
957
963
1038
957
1038
1034
958
959
964
965
964
959
959
960
966
959
966
965
962
1035
972
1044
972
1035
963
964
1039
963
1039
1038
964
965
1039
1040
1039
965
965
966
1041
965
1041
1040
966
967
973
974
973
967
966
973
1041
1046
1041
973
967
968
975
967
975
974
969
970
980
969
980
979
970
971
1042
1043
1042
971
970
1042
980
1053
980
1042
971
972
1044
971
1044
1043
973
974
1047
973
1047
1046
974
975
1047
1048
1047
975
975
976
1049
975
1049
1048
976
977
1049
1050
1049
977
977
978
1051
977
1051
1050
978
979
1051
1052
1051
979
979
980
1053
979
1053
1052
981
996
997
981
997
982
982
997
983
998
983
997
983
998
999
983
999
984
984
999
985
1000
985
999
986
1004
987
1005
987
1004
987
1061
1062
987
1062
988
987
1005
1076
987
1076
1061
988
1062
989
1063
989
1062
989
1063
1064
989
1064
990
990
1064
991
1065
991
1064
991
1065
1066
991
1066
992
992
1066
993
1067
993
1066
993
1006
1007
993
1007
994
993
1067
1082
993
1082
1006
994
1007
995
1008
995
1007
996
1010
997
1011
997
1010
997
1068
1069
997
1069
998
997
1011
1084
997
1084
1068
998
1069
999
1070
999
1069
999
1070
1071
999
1071
1000
1000
1071
1001
1072
1001
1071
1001
1072
1073
1001
1073
1002
1002
1073
1003
1074
1003
1073
1003
1074
1075
1003
1075
1004
1004
1075
1005
1076
1005
1075
1006
1012
1007
1013
1007
1012
1006
1082
1012
1093
1012
1082
1007
1013
1014
1007
1014
1008
1008
1014
1009
1015
1009
1014
1010
1083
1011
1084
1011
1083
1010
1016
1083
1097
1083
1016
1012
1093
1013
1094
1013
1093
1013
1094
1095
1013
1095
1014
1014
1095
1015
1096
1015
1095
1015
1096
1103
1015
1103
1017
1016
1018
1097
1104
1097
1018
1017
1103
1106
1017
1106
1025
1018
1019
1027
1028
1027
1019
1018
1027
1104
1108
1104
1027
1019
1020
1029
1019
1029
1028
1020
1021
1029
1030
1029
1021
1021
1022
1031
1021
1031
1030
1022
1023
1031
1032
1031
1023
1023
1024
1033
1023
1033
1032
1025
1106
1107
1025
1107
1026
1026
1107
1035
1114
1035
1107
1027
1028
1109
1027
1109
1108
1028
1029
1109
1110
1109
1029
1029
1030
1111
1029
1111
1110
1030
1031
1111
1112
1111
1031
1031
1032
1113
1031
1113
1112
1032
1033
1036
1037
1036
1033
1032
1036
1113
1120
1113
1036
1033
1034
1038
1033
1038
1037
1035
1114
1125
1035
1125
1044
1036
1037
1120
1121
1120
1037
1037
1038
1122
1037
1122
1121
1038
1039
1122
1123
1122
1039
1039
1040
1124
1039
1124
1123
1040
1041
1045
1046
1045
1041
1040
1045
1124
1127
1124
1045
1042
1043
1053
1054
1053
1043
1043
1044
1055
1043
1055
1054
1044
1125
1055
1134
1055
1125
1045
1046
1128
1045
1128
1127
1046
1047
1056
1057
1056
1047
1046
1056
1128
1136
1128
1056
1047
1048
1058
1047
1058
1057
1048
1049
1058
1059
1058
1049
1049
1050
1060
1049
1060
1059
1050
1051
1129
1130
1129
1051
1050
1129
1060
1140
1060
1129
1051
1052
1131
1051
1131
1130
1052
1053
1131
1132
1131
1053
1053
1054
1133
1053
1133
1132
1054
1055
1133
1134
1133
1055
1056
1057
1136
1137
1136
1057
1057
1058
1138
1057
1138
1137
1058
1059
1138
1139
1138
1059
1059
1060
1140
1059
1140
1139
1061
1076
1077
1061
1077
1062
1062
1077
1063
1078
1063
1077
1063
1078
1079
1063
1079
1064
1064
1079
1065
1080
1065
1079
1065
1080
1081
1065
1081
1066
1066
1151
1067
1152
1067
1151
1066
1081
1151
1158
1151
1081
1067
1152
1159
1067
1159
1082
1068
1084
1069
1085
1069
1084
1069
1085
1086
1069
1086
1070
1070
1086
1071
1087
1071
1086
1071
1087
1088
1071
1088
1072
1072
1088
1073
1089
1073
1088
1073
1089
1090
1073
1090
1074
1074
1090
1075
1091
1075
1090
1075
1091
1092
1075
1092
1076
1076
1153
1077
1154
1077
1153
1076
1092
1153
1165
1153
1092
1077
1154
1155
1077
1155
1078
1078
1155
1079
1156
1079
1155
1079
1156
1157
1079
1157
1080
1080
1157
1081
1158
1081
1157
1082
1159
1093
1167
1093
1159
1083
1097
1098
1083
1098
1084
1084
1098
1085
1099
1085
1098
1085
1099
1100
1085
1100
1086
1086
1100
1087
1101
1087
1100
1087
1160
1161
1087
1161
1088
1087
1101
1173
1087
1173
1160
1088
1161
1089
1162
1089
1161
1089
1162
1163
1089
1163
1090
1090
1163
1091
1164
1091
1163
1091
1164
1165
1091
1165
1092
1093
1167
1168
1093
1168
1094
1094
1168
1095
1169
1095
1168
1095
1102
1103
1095
1103
1096
1095
1169
1174
1095
1174
1102
1097
1104
1105
1097
1105
1098
1098
1170
1099
1171
1099
1170
1098
1105
1170
1177
1170
1105
1099
1171
1172
1099
1172
1100
1100
1172
1101
1173
1101
1172
1102
1174
1103
1175
1103
1174
1103
1175
1180
1103
1180
1106
1104
1176
1105
1177
1105
1176
1104
1108
1176
1182
1176
1108
1106
1180
1107
1181
1107
1180
1107
1181
1184
1107
1184
1114
1108
1109
1115
1116
1115
1109
1108
1115
1182
1185
1182
1115
1109
1110
1117
1109
1117
1116
1110
1111
1117
1118
1117
1111
1111
1112
1119
1111
1119
1118
1112
1113
1119
1120
1119
1113
1114
1184
1125
1194
1125
1184
1115
1116
1186
1115
1186
1185
1116
1117
1186
1187
1186
1117
1117
1118
1188
1117
1188
1187
1118
1119
1188
1189
1188
1119
1119
1120
1190
1119
1190
1189
1120
1121
1190
1191
1190
1121
1121
1122
1192
1121
1192
1191
1122
1123
1192
1193
1192
1123
1123
1124
1127
1123
1127
1126
1123
1126
1199
1123
1199
1193
1125
1194
1202
1125
1202
1134
1126
1127
1199
1200
1199
1127
1127
1128
1136
1127
1136
1135
1127
1135
1205
1127
1205
1200
1129
1130
1141
1129
1141
1140
1130
1131
1141
1142
1141
1131
1131
1132
1143
1131
1143
1142
1132
1133
1143
1144
1143
1133
1133
1134
1202
1133
1202
1201
1133
1201
1210
1133
1210
1144
1135
1136
1206
1135
1206
1205
1136
1137
1145
1146
1145
1137
1136
1145
1206
1214
1206
1145
1137
1138
1147
1137
1147
1146
1138
1139
1147
1148
1147
1139
1139
1140
1149
1139
1149
1148
1140
1141
1149
1150
1149
1141
1141
1142
1208
1141
1208
1207
1141
1207
1219
1141
1219
1150
1142
1143
1208
1209
1208
1143
1143
1144
1210
1143
1210
1209
1145
1146
1215
1145
1215
1214
1146
1147
1215
1216
1215
1147
1147
1148
1217
1147
1217
1216
1148
1149
1217
1218
1217
1149
1149
1150
1219
1149
1219
1218
1151
1158
1159
1151
1159
1152
1153
1165
1166
1153
1166
1154
1154
1221
1155
1222
1155
1221
1154
1166
1221
1233
1221
1166
1155
1222
1223
1155
1223
1156
1156
1223
1157
1224
1157
1223
1157
1224
1225
1157
1225
1158
1158
1225
1159
1226
1159
1225
1159
1226
1237
1159
1237
1167
1160
1227
1161
1228
1161
1227
1160
1173
1227
1241
1227
1173
1161
1228
1229
1161
1229
1162
1162
1229
1163
1230
1163
1229
1163
1230
1231
1163
1231
1164
1164
1231
1165
1232
1165
1231
1165
1232
1233
1165
1233
1166
1167
1237
1238
1167
1238
1168
1168
1238
1169
1239
1169
1238
1169
1239
1251
1169
1251
1174
1170
1177
1171
1178
1171
1177
1171
1178
1179
1171
1179
1172
1172
1240
1173
1241
1173
1240
1172
1179
1240
1255
1240
1179
1174
1251
1175
1252
1175
1251
1175
1252
1260
1175
1260
1180
1176
1182
1177
1183
1177
1182
1177
1253
1254
1177
1254
1178
1177
1183
1263
1177
1263
1253
1178
1254
1179
1255
1179
1254
1180
1260
1181
1261
1181
1260
1181
1261
1267
1181
1267
1184
1182
1262
1183
1263
1183
1262
1182
1185
1262
1268
1262
1185
1184
1267
1194
1273
1194
1267
1185
1186
1269
1185
1269
1268
1186
1187
1269
1270
1269
1187
1187
1188
1271
1187
1271
1270
1188
1189
1271
1272
1271
1189
1189
1190
1196
1189
1196
1195
1189
1195
1277
1189
1277
1272
1190
1191
1196
1197
1196
1191
1191
1192
1198
1191
1198
1197
1192
1193
1198
1199
1198
1193
1194
1273
1202
1282
1202
1273
1195
1196
1278
1195
1278
1277
1196
1197
1278
1279
1278
1197
1197
1198
1280
1197
1280
1279
1198
1199
1280
1281
1280
1199
1199
1200
1205
1199
1205
1204
1199
1204
1290
1199
1290
1281
1201
1202
1211
1201
1211
1210
1202
1203
1211
1212
1211
1203
1202
1282
1203
1283
1203
1282
1203
1283
1296
1203
1296
1212
1204
1205
1290
1291
1290
1205
1205
1206
1214
1205
1214
1213
1205
1213
1298
1205
1298
1291
1207
1208
1220
1207
1220
1219
1208
1209
1292
1293
1292
1209
1208
1292
1220
1305
1220
1292
1209
1210
1294
1209
1294
1293
1210
1211
1294
1295
1294
1211
1211
1212
1296
1211
1296
1295
1213
1214
1299
1213
1299
1298
1214
1215
1299
1300
1299
1215
1215
1216
1301
1215
1301
1300
1216
1217
1301
1302
1301
1217
1217
1218
1303
1217
1303
1302
1218
1219
1303
1304
1303
1219
1219
1220
1305
1219
1305
1304
1221
1233
1234
1221
1234
1222
1222
1234
1223
1235
1223
1234
1223
1235
1236
1223
1236
1224
1224
1315
1225
1316
1225
1315
1224
1236
1315
1318
1315
1236
1225
1316
1317
1225
1317
1226
1226
1317
1237
1320
1237
1317
1227
1241
1242
1227
1242
1228
1228
1242
1229
1243
1229
1242
1229
1243
1244
1229
1244
1230
1230
1244
1231
1245
1231
1244
1231
1245
1246
1231
1246
1232
1232
1246
1233
1247
1233
1246
1233
1247
1248
1233
1248
1234
1234
1248
1235
1249
1235
1248
1235
1249
1250
1235
1250
1236
1236
1250
1318
1330
1318
1250
1237
1320
1321
1237
1321
1238
1238
1321
1239
1322
1239
1321
1239
1322
1334
1239
1334
1251
1240
1255
1241
1256
1241
1255
1241
1256
1257
1241
1257
1242
1242
1257
1243
1258
1243
1257
1243
1323
1324
1243
1324
1244
1243
1258
1337
1243
1337
1323
1244
1324
1245
1325
1245
1324
1245
1325
1326
1245
1326
1246
1246
1326
1247
1327
1247
1326
1247
1327
1328
1247
1328
1248
1248
1328
1249
1329
1249
1328
1249
1329
1330
1249
1330
1250
1251
1259
1260
1251
1260
1252
1251
1334
1339
1251
1339
1259
1253
1263
1264
1253
1264
1254
1254
1264
1255
1265
1255
1264
1255
1265
1266
1255
1266
1256
1256
1335
1257
1336
1257
1335
1256
1266
1335
1344
1335
1266
1257
1336
1337
1257
1337
1258
1259
1339
1340
1259
1340
1260
1260
1340
1261
1341
1261
1340
1261
1341
1348
1261
1348
1267
1262
1268
1263
1269
1263
1268
1263
1269
1270
1263
1270
1264
1264
1342
1265
1343
1265
1342
1264
1270
1342
1349
1342
1270
1265
1343
1344
1265
1344
1266
1267
1348
1350
1267
1350
1273
1270
1271
1275
1276
1275
1271
1270
1275
1349
1352
1349
1275
1271
1272
1277
1271
1277
1276
1273
1274
1283
1273
1283
1282
1273
1350
1351
1273
1351
1274
1274
1351
1283
1353
1283
1351
1275
1276
1285
1275
1285
1284
1275
1284
1354
1275
1354
1352
1276
1277
1285
1286
1285
1277
1277
1278
1287
1277
1287
1286
1278
1279
1287
1288
1287
1279
1279
1280
1289
1279
1289
1288
1280
1281
1289
1290
1289
1281
1283
1353
1363
1283
1363
1296
1284
1285
1354
1355
1354
1285
1285
1286
1356
1285
1356
1355
1286
1287
1356
1357
1356
1287
1287
1288
1358
1287
1358
1357
1288
1289
1358
1359
1358
1289
1289
1290
1360
1289
1360
1359
1290
1291
1297
1298
1297
1291
1290
1297
1360
1367
1360
1297
1292
1293
1305
1306
1305
1293
1293
1294
1307
1293
1307
1306
1294
1295
1361
1362
1361
1295
1294
1361
1307
1372
1307
1361
1295
1296
1363
1295
1363
1362
1297
1298
1368
1297
1368
1367
1298
1299
1368
1369
1368
1299
1299
1300
1309
1299
1309
1308
1299
1308
1377
1299
1377
1369
1300
1301
1309
1310
1309
1301
1301
1302
1311
1301
1311
1310
1302
1303
1311
1312
1311
1303
1303
1304
1313
1303
1313
1312
1304
1305
1313
1314
1313
1305
1305
1306
1371
1305
1371
1370
1305
1370
1383
1305
1383
1314
1306
1307
1371
1372
1371
1307
1308
1309
1377
1378
1377
1309
1309
1310
1379
1309
1379
1378
1310
1311
1379
1380
1379
1311
1311
1312
1381
1311
1381
1380
1312
1313
1381
1382
1381
1313
1313
1314
1383
1313
1383
1382
1315
1318
1319
1315
1319
1316
1316
1319
1317
1320
1317
1319
1318
1330
1319
1331
1319
1330
1319
1331
1332
1319
1332
1320
1320
1332
1321
1333
1321
1332
1321
1333
1334
1321
1334
1322
1323
1337
1338
1323
1338
1324
1324
1388
1325
1389
1325
1388
1324
1338
1388
1399
1388
1338
1325
1389
1390
1325
1390
1326
1326
1390
1327
1391
1327
1390
1327
1391
1392
1327
1392
1328
1328
1392
1329
1393
1329
1392
1329
1393
1394
1329
1394
1330
1330
1394
1331
1395
1331
1394
1331
1395
1396
1331
1396
1332
1332
1396
1333
1397
1333
1396
1333
1397
1398
1333
1398
1334
1334
1398
1339
1401
1339
1398
1335
1344
1345
1335
1345
1336
1336
1345
1337
1346
1337
1345
1337
1346
1347
1337
1347
1338
1338
1347
1399
1409
1399
1347
1339
1401
1402
1339
1402
1340
1340
1402
1341
1403
1341
1402
1341
1403
1411
1341
1411
1348
1342
1404
1343
1405
1343
1404
1342
1349
1404
1412
1404
1349
1343
1405
1406
1343
1406
1344
1344
1406
1345
1407
1345
1406
1345
1407
1408
1345
1408
1346
1346
1408
1347
1409
1347
1408
1348
1411
1350
1417
1350
1411
1349
1352
1419
1349
1419
1412
1350
1417
1351
1418
1351
1417
1351
1418
1421
1351
1421
1353
1352
1354
1419
1422
1419
1354
1353
1421
1428
1353
1428
1363
1354
1355
1422
1423
1422
1355
1355
1356
1424
1355
1424
1423
1356
1357
1424
1425
1424
1357
1357
1358
1365
1357
1365
1364
1357
1364
1431
1357
1431
1425
1358
1359
1365
1366
1365
1359
1359
1360
1367
1359
1367
1366
1361
1362
1427
1361
1427
1426
1361
1426
1436
1361
1436
1372
1362
1363
1373
1374
1373
1363
1362
1373
1427
1437
1427
1373
1363
1428
1438
1363
1438
1374
1364
1365
1431
1432
1431
1365
1365
1366
1433
1365
1433
1432
1366
1367
1433
1434
1433
1367
1367
1368
1376
1367
1376
1375
1367
1375
1440
1367
1440
1434
1368
1369
1376
1377
1376
1369
1370
1371
1383
1384
1383
1371
1371
1372
1436
1371
1436
1435
1371
1435
1448
1371
1448
1384
1373
1374
1438
1373
1438
1437
1375
1376
1441
1375
1441
1440
1376
1377
1441
1442
1441
1377
1377
1378
1443
1377
1443
1442
1378
1379
1385
1386
1385
1379
1378
1385
1443
1452
1443
1385
1379
1380
1387
1379
1387
1386
1380
1381
1444
1445
1444
1381
1380
1444
1387
1454
1387
1444
1381
1382
1446
1381
1446
1445
1382
1383
1446
1447
1446
1383
1383
1384
1448
1383
1448
1447
1385
1386
1453
1385
1453
1452
1386
1387
1453
1454
1453
1387
1388
1456
1389
1457
1389
1456
1388
1399
1456
1466
1456
1399
1389
1457
1458
1389
1458
1390
1390
1458
1391
1459
1391
1458
1391
1459
1460
1391
1460
1392
1392
1460
1393
1461
1393
1460
1393
1461
1462
1393
1462
1394
1394
1462
1395
1463
1395
1462
1395
1463
1464
1395
1464
1396
1396
1464
1397
1465
1397
1464
1397
1400
1401
1397
1401
1398
1397
1465
1473
1397
1473
1400
1399
1409
1478
1399
1478
1466
1400
1473
1401
1474
1401
1473
1401
1474
1475
1401
1475
1402
1402
1410
1403
1411
1403
1410
1402
1475
1410
1481
1410
1475
1404
1412
1405
1413
1405
1412
1405
1413
1414
1405
1414
1406
1406
1414
1407
1415
1407
1414
1407
1476
1477
1407
1477
1408
1407
1415
1484
1407
1484
1476
1408
1477
1409
1478
1409
1477
1410
1416
1411
1417
1411
1416
1410
1481
1416
1488
1416
1481
1412
1419
1413
1420
1413
1419
1413
1482
1483
1413
1483
1414
1413
1420
1491
1413
1491
1482
1414
1483
1415
1484
1415
1483
1416
1488
1417
1489
1417
1488
1417
1489
1490
1417
1490
1418
1418
1490
1421
1494
1421
1490
1419
1422
1423
1419
1423
1420
1420
1423
1491
1495
1491
1423
1421
1494
1498
1421
1498
1428
1423
1424
1430
1423
1430
1429
1423
1429
1499
1423
1499
1495
1424
1425
1430
1431
1430
1425
1426
1427
1436
1437
1436
1427
1428
1498
1438
1506
1438
1498
1429
1430
1500
1429
1500
1499
1430
1431
1500
1501
1500
1431
1431
1432
1502
1431
1502
1501
1432
1433
1502
1503
1502
1433
1433
1434
1440
1433
1440
1439
1433
1439
1512
1433
1512
1503
1435
1436
1449
1435
1449
1448
1436
1437
1504
1505
1504
1437
1436
1504
1449
1519
1449
1504
1437
1438
1506
1437
1506
1505
1439
1440
1513
1439
1513
1512
1440
1441
1513
1514
1513
1441
1441
1442
1451
1441
1451
1450
1441
1450
1526
1441
1526
1514
1442
1443
1451
1452
1451
1443
1444
1445
1454
1455
1454
1445
1445
1446
1516
1445
1516
1515
1445
1515
1531
1445
1531
1455
1446
1447
1516
1517
1516
1447
1447
1448
1518
1447
1518
1517
1448
1449
1518
1519
1518
1449
1450
1451
1526
1527
1526
1451
1451
1452
1528
1451
1528
1527
1452
1453
1528
1529
1528
1453
1453
1454
1530
1453
1530
1529
1454
1455
1530
1531
1530
1455
1456
1466
1457
1467
1457
1466
1457
1467
1468
1457
1468
1458
1458
1468
1459
1469
1459
1468
1459
1469
1470
1459
1470
1460
1460
1470
1461
1471
1461
1470
1461
1535
1536
1461
1536
1462
1461
1471
1542
1461
1542
1535
1462
1536
1463
1537
1463
1536
1463
1537
1538
1463
1538
1464
1464
1472
1465
1473
1465
1472
1464
1538
1472
1544
1472
1538
1466
1478
1467
1479
1467
1478
1467
1479
1480
1467
1480
1468
1468
1539
1469
1540
1469
1539
1468
1480
1539
1549
1539
1480
1469
1540
1541
1469
1541
1470
1470
1541
1471
1542
1471
1541
1472
1544
1473
1545
1473
1544
1473
1545
1546
1473
1546
1474
1474
1546
1475
1547
1475
1546
1475
1547
1552
1475
1552
1481
1476
1484
1477
1485
1477
1484
1477
1485
1486
1477
1486
1478
1478
1486
1479
1487
1479
1486
1479
1548
1549
1479
1549
1480
1479
1487
1557
1479
1557
1548
1481
1552
1558
1481
1558
1488
1482
1491
1483
1492
1483
1491
1483
1492
1493
1483
1493
1484
1484
1554
1485
1555
1485
1554
1484
1493
1554
1561
1554
1493
1485
1555
1556
1485
1556
1486
1486
1556
1487
1557
1487
1556
1488
1558
1489
1559
1489
1558
1489
1559
1560
1489
1560
1490
1490
1560
1494
1565
1494
1560
1491
1495
1496
1491
1496
1492
1492
1496
1493
1497
1493
1496
1493
1497
1568
1493
1568
1561
1494
1565
1498
1569
1498
1565
1495
1566
1567
1495
1567
1496
1495
1499
1570
1495
1570
1566
1496
1567
1497
1568
1497
1567
1498
1569
1506
1572
1506
1569
1499
1500
1509
1499
1509
1508
1499
1508
1574
1499
1574
1570
1500
1501
1509
1510
1509
1501
1501
1502
1511
1501
1511
1510
1502
1503
1511
1512
1511
1503
1504
1505
1519
1520
1519
1505
1505
1506
1521
1505
1521
1520
1506
1572
1521
1583
1521
1572
1507
1508
1523
1507
1523
1522
1507
1573
1574
1507
1574
1508
1507
1522
1584
1507
1584
1573
1508
1509
1523
1524
1523
1509
1509
1510
1525
1509
1525
1524
1510
1511
1575
1576
1575
1511
1510
1575
1525
1587
1525
1575
1511
1512
1577
1511
1577
1576
1512
1513
1577
1578
1577
1513
1513
1514
1579
1513
1579
1578
1514
1526
1579
1591
1579
1526
1515
1516
1532
1515
1532
1531
1516
1517
1532
1533
1532
1517
1517
1518
1534
1517
1534
1533
1518
1519
1580
1581
1580
1519
1518
1580
1534
1599
1534
1580
1519
1520
1582
1519
1582
1581
1520
1521
1582
1583
1582
1521
1522
1523
1584
1585
1584
1523
1523
1524
1586
1523
1586
1585
1524
1525
1586
1587
1586
1525
1526
1527
1591
1592
1591
1527
1527
1528
1593
1527
1593
1592
1528
1529
1593
1594
1593
1529
1529
1530
1595
1529
1595
1594
1530
1531
1595
1596
1595
1531
1531
1532
1597
1531
1597
1596
1532
1533
1597
1598
1597
1533
1533
1534
1599
1533
1599
1598
1535
1613
1614
1535
1614
1536
1535
1542
1617
1535
1617
1613
1536
1614
1537
1615
1537
1614
1537
1543
1544
1537
1544
1538
1537
1615
1619
1537
1619
1543
1539
1549
1550
1539
1550
1540
1540
1550
1541
1551
1541
1550
1541
1616
1617
1541
1617
1542
1541
1551
1627
1541
1627
1616
1543
1619
1620
1543
1620
1544
1544
1620
1545
1621
1545
1620
1545
1621
1622
1545
1622
1546
1546
1622
1547
1623
1547
1622
1547
1623
1628
1547
1628
1552
1548
1624
1549
1625
1549
1624
1548
1557
1624
1630
1624
1557
1549
1625
1626
1549
1626
1550
1550
1626
1551
1627
1551
1626
1552
1553
1558
1559
1558
1553
1552
1628
1553
1629
1553
1628
1553
1629
1632
1553
1632
1559
1554
1561
1555
1562
1555
1561
1555
1562
1563
1555
1563
1556
1556
1563
1557
1564
1557
1563
1557
1564
1637
1557
1637
1630
1559
1632
1633
1559
1633
1560
1560
1633
1565
1639
1565
1633
1561
1634
1635
1561
1635
1562
1561
1568
1641
1561
1641
1634
1562
1635
1563
1636
1563
1635
1563
1636
1637
1563
1637
1564
1565
1639
1643
1565
1643
1569
1566
1570
1567
1571
1567
1570
1567
1640
1641
1567
1641
1568
1567
1571
1645
1567
1645
1640
1569
1643
1647
1569
1647
1572
1570
1644
1571
1645
1571
1644
1570
1574
1644
1648
1644
1574
1572
1647
1583
1651
1583
1647
1573
1584
1585
1573
1585
1574
1574
1585
1648
1652
1648
1585
1575
1576
1588
1575
1588
1587
1576
1577
1588
1589
1588
1577
1577
1578
1590
1577
1590
1589
1578
1579
1590
1591
1590
1579
1580
1581
1599
1600
1599
1581
1581
1582
1650
1581
1650
1649
1581
1649
1662
1581
1662
1600
1582
1583
1650
1651
1650
1583
1585
1586
1653
1585
1653
1652
1586
1587
1653
1654
1653
1587
1587
1588
1655
1587
1655
1654
1588
1589
1655
1656
1655
1589
1589
1590
1657
1589
1657
1656
1590
1591
1657
1658
1657
1591
1591
1592
1659
1591
1659
1658
1592
1593
1601
1602
1601
1593
1592
1601
1659
1670
1659
1601
1593
1594
1603
1593
1603
1602
1594
1595
1603
1604
1603
1595
1595
1596
1605
1595
1605
1604
1596
1597
1605
1606
1605
1597
1597
1598
1607
1597
1607
1606
1598
1599
1660
1661
1660
1599
1598
1660
1607
1673
1607
1660
1599
1600
1662
1599
1662
1661
1601
1602
1609
1601
1609
1608
1601
1608
1675
1601
1675
1670
1602
1603
1609
1610
1609
1603
1603
1604
1611
1603
1611
1610
1604
1605
1611
1612
1611
1605
1605
1606
1672
1605
1672
1671
1605
1671
1679
1605
1679
1612
1606
1607
1672
1673
1672
1607
1608
1609
1675
1676
1675
1609
1609
1610
1677
1609
1677
1676
1610
1611
1677
1678
1677
1611
1611
1612
1679
1611
1679
1678
1613
1617
1618
1613
1618
1614
1614
1618
1615
1619
1615
1618
1616
1686
1617
1687
1617
1686
1616
1627
1686
1697
1686
1627
1617
1687
1688
1617
1688
1618
1618
1688
1619
1689
1619
1688
1619
1689
1690
1619
1690
1620
1620
1690
1621
1691
1621
1690
1621
1691
1692
1621
1692
1622
1622
1692
1623
1693
1623
1692
1623
1693
1704
1623
1704
1628
1624
1694
1625
1695
1625
1694
1624
1630
1694
1705
1694
1630
1625
1695
1696
1625
1696
1626
1626
1696
1627
1697
1627
1696
1628
1631
1629
1632
1629
1631
1628
1704
1631
1707
1631
1704
1630
1637
1705
1711
1705
1637
1631
1707
1708
1631
1708
1632
1632
1638
1633
1639
1633
1638
1632
1708
1638
1712
1638
1708
1634
1641
1635
1642
1635
1641
1635
1709
1710
1635
1710
1636
1635
1642
1715
1635
1715
1709
1636
1710
1637
1711
1637
1710
1638
1712
1639
1713
1639
1712
1639
1713
1719
1639
1719
1643
1640
1645
1641
1646
1641
1645
1641
1714
1715
1641
1715
1642
1641
1646
1722
1641
1722
1714
1643
1719
1724
1643
1724
1647
1644
1720
1645
1721
1645
1720
1644
1648
1720
1725
1720
1648
1645
1721
1722
1645
1722
1646
1647
1724
1729
1647
1729
1651
1648
1652
1725
1730
1725
1652
1649
1650
1728
1649
1728
1727
1649
1727
1733
1649
1733
1662
1650
1651
1728
1729
1728
1651
1652
1653
1663
1664
1663
1653
1652
1663
1730
1736
1730
1663
1653
1654
1665
1653
1665
1664
1654
1655
1665
1666
1665
1655
1655
1656
1667
1655
1667
1666
1656
1657
1667
1668
1667
1657
1657
1658
1669
1657
1669
1668
1658
1659
1669
1670
1669
1659
1660
1661
1731
1732
1731
1661
1660
1731
1673
1744
1673
1731
1661
1662
1733
1661
1733
1732
1663
1664
1737
1663
1737
1736
1664
1665
1737
1738
1737
1665
1665
1666
1739
1665
1739
1738
1666
1667
1739
1740
1739
1667
1667
1668
1741
1667
1741
1740
1668
1669
1741
1742
1741
1669
1669
1670
1675
1669
1675
1674
1669
1674
1747
1669
1747
1742
1671
1672
1680
1671
1680
1679
1672
1673
1743
1744
1743
1673
1672
1743
1680
1750
1680
1743
1674
1675
1747
1748
1747
1675
1675
1676
1682
1675
1682
1681
1675
1681
1754
1675
1754
1748
1676
1677
1682
1683
1682
1677
1677
1678
1684
1677
1684
1683
1678
1679
1684
1685
1684
1679
1679
1680
1750
1679
1750
1749
1679
1749
1758
1679
1758
1685
1681
1682
1755
1681
1755
1754
1682
1683
1755
1756
1755
1683
1683
1684
1757
1683
1757
1756
1684
1685
1757
1758
1757
1685
1686
1697
1687
1698
1687
1697
1687
1698
1699
1687
1699
1688
1688
1699
1689
1700
1689
1699
1689
1700
1701
1689
1701
1690
1690
1701
1691
1702
1691
1701
1691
1702
1703
1691
1703
1692
1692
1703
1693
1704
1693
1703
1694
1767
1695
1768
1695
1767
1694
1705
1767
1777
1767
1705
1695
1768
1769
1695
1769
1696
1696
1769
1697
1770
1697
1769
1697
1770
1771
1697
1771
1698
1698
1771
1699
1772
1699
1771
1699
1772
1773
1699
1773
1700
1700
1773
1701
1774
1701
1773
1701
1774
1775
1701
1775
1702
1702
1775
1703
1776
1703
1775
1703
1706
1707
1703
1707
1704
1703
1776
1781
1703
1781
1706
1705
1711
1784
1705
1784
1777
1706
1781
1707
1782
1707
1781
1707
1782
1783
1707
1783
1708
1708
1783
1712
1787
1712
1783
1709
1715
1716
1709
1716
1710
1710
1716
1711
1717
1711
1716
1711
1717
1790
1711
1790
1784
1712
1718
1713
1719
1713
1718
1712
1787
1718
1792
1718
1787
1714
1722
1715
1723
1715
1722
1715
1788
1789
1715
1789
1716
1715
1723
1796
1715
1796
1788
1716
1789
1717
1790
1717
1789
1718
1792
1719
1793
1719
1792
1719
1793
1798
1719
1798
1724
1720
1725
1721
1726
1721
1725
1721
1794
1795
1721
1795
1722
1721
1726
1800
1721
1800
1794
1722
1795
1723
1796
1723
1795
1724
1798
1729
1803
1729
1798
1725
1799
1800
1725
1800
1726
1725
1730
1805
1725
1805
1799
1727
1728
1734
1727
1734
1733
1728
1729
1734
1735
1734
1729
1729
1803
1809
1729
1809
1735
1730
1736
1805
1812
1805
1736
1731
1732
1745
1731
1745
1744
1732
1733
1745
1746
1745
1733
1733
1734
1808
1733
1808
1807
1733
1807
1820
1733
1820
1746
1734
1735
1808
1809
1808
1735
1736
1737
1812
1813
1812
1737
1737
1738
1814
1737
1814
1813
1738
1739
1814
1815
1814
1739
1739
1740
1816
1739
1816
1815
1740
1741
1816
1817
1816
1741
1741
1742
1818
1741
1818
1817
1742
1747
1818
1830
1818
1747
1743
1744
1751
1743
1751
1750
1744
1745
1751
1752
1751
1745
1745
1746
1820
1745
1820
1819
1745
1819
1832
1745
1832
1752
1747
1748
1754
1747
1754
1753
1747
1753
1834
1747
1834
1830
1749
1750
1759
1749
1759
1758
1750
1751
1759
1760
1759
1751
1751
1752
1832
1751
1832
1831
1751
1831
1837
1751
1837
1760
1753
1754
1835
1753
1835
1834
1754
1755
1761
1762
1761
1755
1754
1761
1835
1840
1835
1761
1755
1756
1763
1755
1763
1762
1756
1757
1763
1764
1763
1757
1757
1758
1765
1757
1765
1764
1758
1759
1765
1766
1765
1759
1759
1760
1837
1759
1837
1836
1759
1836
1845
1759
1845
1766
1761
1762
1841
1761
1841
1840
1762
1763
1841
1842
1841
1763
1763
1764
1843
1763
1843
1842
1764
1765
1843
1844
1843
1765
1765
1766
1845
1765
1845
1844
1767
1777
1778
1767
1778
1768
1768
1778
1769
1779
1769
1778
1769
1852
1853
1769
1853
1770
1769
1779
1859
1769
1859
1852
1770
1853
1771
1854
1771
1853
1771
1854
1855
1771
1855
1772
1772
1855
1773
1856
1773
1855
1773
1856
1857
1773
1857
1774
1774
1857
1775
1858
1775
1857
1775
1780
1781
1775
1781
1776
1775
1858
1862
1775
1862
1780
1777
1784
1785
1777
1785
1778
1778
1785
1779
1786
1779
1785
1779
1786
1867
1779
1867
1859
1780
1862
1781
1863
1781
1862
1781
1863
1864
1781
1864
1782
1782
1864
1783
1865
1783
1864
1783
1865
1871
1783
1871
1787
1784
1790
1785
1791
1785
1790
1785
1866
1867
1785
1867
1786
1785
1791
1874
1785
1874
1866
1787
1871
1877
1787
1877
1792
1788
1796
1789
1797
1789
1796
1789
1872
1873
1789
1873
1790
1789
1797
1880
1789
1880
1872
1790
1873
1791
1874
1791
1873
1792
1877
1793
1878
1793
1877
1793
1878
1882
1793
1882
1798
1794
1800
1795
1801
1795
1800
1795
1801
1802
1795
1802
1796
1796
1879
1797
1880
1797
1879
1796
1802
1879
1885
1879
1802
1798
1882
1803
1886
1803
1882
1799
1805
1806
1799
1806
1800
1800
1883
1801
1884
1801
1883
1800
1806
1883
1890
1883
1806
1801
1884
1885
1801
1885
1802
1803
1886
1892
1803
1892
1809
1804
1805
1811
1812
1811
1805
1804
1888
1805
1889
1805
1888
1804
1811
1888
1895
1888
1811
1805
1889
1890
1805
1890
1806
1807
1808
1821
1807
1821
1820
1808
1809
1891
1892
1891
1809
1808
1891
1821
1897
1821
1891
1810
1811
1822
1823
1822
1811
1810
1894
1811
1895
1811
1894
1810
1822
1894
1899
1894
1822
1811
1812
1824
1811
1824
1823
1812
1813
1824
1825
1824
1813
1813
1814
1826
1813
1826
1825
1814
1815
1826
1827
1826
1815
1815
1816
1828
1815
1828
1827
1816
1817
1828
1829
1828
1817
1817
1818
1830
1817
1830
1829
1819
1820
1833
1819
1833
1832
1820
1821
1896
1897
1896
1821
1820
1896
1833
1908
1833
1896
1822
1823
1899
1900
1899
1823
1823
1824
1901
1823
1901
1900
1824
1825
1901
1902
1901
1825
1825
1826
1903
1825
1903
1902
1826
1827
1903
1904
1903
1827
1827
1828
1905
1827
1905
1904
1828
1829
1905
1906
1905
1829
1829
1830
1907
1829
1907
1906
1830
1834
1907
1917
1907
1834
1831
1832
1838
1831
1838
1837
1832
1833
1838
1839
1838
1833
1833
1908
1921
1833
1921
1839
1834
1835
1917
1918
1917
1835
1835
1840
1927
1835
1927
1918
1836
1837
1845
1846
1845
1837
1837
1838
1920
1837
1920
1919
1837
1919
1932
1837
1932
1846
1838
1839
1920
1921
1920
1839
1840
1841
1927
1928
1927
1841
1841
1842
1929
1841
1929
1928
1842
1843
1847
1848
1847
1843
1842
1847
1929
1936
1929
1847
1843
1844
1849
1843
1849
1848
1844
1845
1930
1931
1930
1845
1844
1930
1849
1938
1849
1930
1845
1846
1932
1845
1932
1931
1847
1848
1851
1847
1851
1850
1847
1850
1942
1847
1942
1936
1848
1849
1937
1938
1937
1849
1848
1937
1851
1943
1851
1937
1850
1851
1942
1943
1942
1851
1852
1944
1853
1945
1853
1944
1852
1859
1944
1949
1944
1859
1853
1945
1946
1853
1946
1854
1854
1946
1855
1947
1855
1946
1855
1947
1948
1855
1948
1856
1856
1860
1857
1861
1857
1860
1856
1948
1860
1953
1860
1948
1857
1861
1862
1857
1862
1858
1859
1867
1957
1859
1957
1949
1860
1953
1861
1954
1861
1953
1861
1954
1955
1861
1955
1862
1862
1868
1863
1869
1863
1868
1862
1955
1868
1960
1868
1955
1863
1869
1870
1863
1870
1864
1864
1870
1865
1871
1865
1870
1866
1956
1867
1957
1867
1956
1866
1874
1956
1968
1956
1874
1868
1960
1869
1961
1869
1960
1869
1875
1876
1869
1876
1870
1869
1961
1971
1869
1971
1875
1870
1876
1871
1877
1871
1876
1872
1880
1873
1881
1873
1880
1873
1967
1968
1873
1968
1874
1873
1881
1981
1873
1981
1967
1875
1971
1972
1875
1972
1876
1876
1972
1877
1973
1877
1972
1877
1973
1974
1877
1974
1878
1878
1974
1882
1983
1882
1974
1879
1979
1980
1879
1980
1880
1879
1885
1988
1879
1988
1979
1880
1980
1881
1981
1881
1980
1882
1983
1886
1989
1886
1983
1883
1986
1987
1883
1987
1884
1883
1890
1993
1883
1993
1986
1884
1987
1885
1988
1885
1987
1886
1887
1892
1893
1892
1887
1886
1989
1887
1990
1887
1989
1887
1990
1995
1887
1995
1893
1888
1991
1889
1992
1889
1991
1888
1895
1991
1996
1991
1895
1889
1992
1993
1889
1993
1890
1891
1892
1898
1891
1898
1897
1892
1893
1994
1995
1994
1893
1892
1994
1898
1999
1898
1994
1894
1899
1895
1900
1895
1899
1895
1900
2000
1895
2000
1996
1896
1897
1908
1909
1908
1897
1897
1898
1999
1897
1999
1998
1897
1998
2002
1897
2002
1909
1900
1901
1910
1911
1910
1901
1900
1910
2000
2004
2000
1910
1901
1902
1912
1901
1912
1911
1902
1903
1912
1913
1912
1903
1903
1904
1914
1903
1914
1913
1904
1905
1914
1915
1914
1905
1905
1906
1916
1905
1916
1915
1906
1907
1916
1917
1916
1907
1908
1909
1921
1922
1921
1909
1909
2002
2012
1909
2012
1922
1910
1911
2004
2005
2004
1911
1911
1912
2006
1911
2006
2005
1912
1913
2006
2007
2006
1913
1913
1914
1924
1913
1924
1923
1913
1923
2014
1913
2014
2007
1914
1915
2008
2009
2008
1915
1914
2008
1924
2015
1924
2008
1915
1916
2010
1915
2010
2009
1916
1917
1925
1926
1925
1917
1916
1925
2010
2017
2010
1925
1917
1918
1927
1917
1927
1926
1919
1920
1933
1919
1933
1932
1920
1921
1933
1934
1933
1921
1921
1922
2012
1921
2012
2011
1921
2011
2023
1921
2023
1934
1923
1924
2015
1923
2015
2014
1925
1926
2018
1925
2018
2017
1926
1927
2018
2019
2018
1927
1927
1928
2020
1927
2020
2019
1928
1929
1935
1936
1935
1929
1928
1935
2020
2027
2020
1935
1930
1931
1938
1939
1938
1931
1931
1932
1940
1931
1940
1939
1932
1933
2021
2022
2021
1933
1932
2021
1940
2031
1940
2021
1933
1934
2023
1933
2023
2022
1935
1936
1942
1935
1942
1941
1935
1941
2035
1935
2035
2027
1937
1938
2029
1937
2029
2028
1937
2028
2037
1937
2037
1943
1938
1939
2029
2030
2029
1939
1939
1940
2031
1939
2031
2030
1941
1942
2036
1941
2036
2035
1942
1943
2036
2037
2036
1943
1944
1949
1945
1950
1945
1949
1945
1950
1951
1945
1951
1946
1946
1951
1947
1952
1947
1951
1947
1952
1953
1947
1953
1948
1949
1957
1958
1949
1958
1950
1950
2047
1951
2048
1951
2047
1950
1958
2047
2058
2047
1958
1951
2048
2049
1951
2049
1952
1952
2049
1953
2050
1953
2049
1953
2050
2051
1953
2051
1954
1954
1959
1955
1960
1955
1959
1954
2051
1959
2062
1959
2051
1956
2056
1957
2057
1957
2056
1956
1968
2056
2069
2056
1968
1957
2057
2058
1957
2058
1958
1959
1969
1970
1959
1970
1960
1959
2062
2073
1959
2073
1969
1960
1970
1961
1971
1961
1970
1962
1963
1976
1977
1976
1963
1962
2063
1963
2064
1963
2063
1962
1976
2063
2079
2063
1976
1963
1964
1978
1963
1978
1977
1963
2064
2065
1963
2065
1964
1964
1965
1978
1979
1978
1965
1964
2065
1965
2066
1965
2065
1965
1966
1980
1965
1980
1979
1965
2066
2067
1965
2067
1966
1966
1967
1980
1981
1980
1967
1966
2067
1967
2068
1967
2067
1967
2068
2069
1967
2069
1968
1969
2073
2074
1969
2074
1970
1970
2074
1971
2075
1971
2074
1971
2075
2076
1971
2076
1972
1972
2076
1973
2077
1973
2076
1973
1982
1983
1973
1983
1974
1973
2077
2081
1973
2081
1982
1975
1976
1985
1975
1985
1984
1975
2078
2079
1975
2079
1976
1975
1984
2083
1975
2083
2078
1976
1977
1985
1986
1985
1977
1977
1978
1987
1977
1987
1986
1978
1979
1987
1988
1987
1979
1982
2081
1983
2082
1983
2081
1983
2082
2086
1983
2086
1989
1984
1985
2083
2084
2083
1985
1985
1986
1993
1985
1993
1992
1985
1992
2087
1985
2087
2084
1989
1994
1995
1989
1995
1990
1989
2086
2089
1989
2089
1994
1991
1996
1997
1991
1997
1992
1992
1997
2087
2091
2087
1997
1994
2089
1999
2092
1999
2089
1996
2000
1997
2001
1997
2000
1997
2001
2094
1997
2094
2091
1998
1999
2002
2003
2002
1999
1999
2092
2096
1999
2096
2003
2000
2093
2001
2094
2001
2093
2000
2004
2093
2098
2093
2004
2002
2003
2095
2096
2095
2003
2002
2095
2012
2102
2012
2095
2004
2005
2098
2099
2098
2005
2005
2006
2100
2005
2100
2099
2006
2007
2013
2014
2013
2007
2006
2013
2100
2106
2100
2013
2008
2009
2015
2016
2015
2009
2009
2010
2017
2009
2017
2016
2011
2012
2102
2011
2102
2101
2011
2101
2111
2011
2111
2023
2013
2014
2107
2013
2107
2106
2014
2015
2107
2108
2107
2015
2015
2016
2109
2015
2109
2108
2016
2017
2109
2110
2109
2017
2017
2018
2025
2017
2025
2024
2017
2024
2115
2017
2115
2110
2018
2019
2025
2026
2025
2019
2019
2020
2027
2019
2027
2026
2021
2022
2032
2021
2032
2031
2022
2023
2032
2033
2032
2023
2023
2111
2119
2023
2119
2033
2024
2025
2115
2116
2115
2025
2025
2026
2117
2025
2117
2116
2026
2027
2034
2035
2034
2027
2026
2034
2117
2124
2117
2034
2028
2029
2037
2038
2037
2029
2029
2030
2039
2029
2039
2038
2030
2031
2039
2040
2039
2031
2031
2032
2041
2031
2041
2040
2032
2033
2118
2119
2118
2033
2032
2118
2041
2128
2041
2118
2034
2035
2124
2125
2124
2035
2035
2036
2126
2035
2126
2125
2036
2037
2126
2127
2126
2037
2037
2038
2043
2037
2043
2042
2037
2042
2134
2037
2134
2127
2038
2039
2043
2044
2043
2039
2039
2040
2045
2039
2045
2044
2040
2041
2045
2046
2045
2041
2041
2128
2138
2041
2138
2046
2042
2043
2134
2135
2134
2043
2043
2044
2136
2043
2136
2135
2044
2045
2136
2137
2136
2045
2045
2046
2138
2045
2138
2137
2047
2058
2059
2047
2059
2048
2048
2059
2049
2060
2049
2059
2049
2060
2061
2049
2061
2050
2050
2061
2051
2062
2051
2061
2052
2053
2064
2065
2064
2053
2052
2144
2053
2145
2053
2144
2052
2064
2144
2154
2144
2064
2053
2054
2066
2053
2066
2065
2053
2145
2146
2053
2146
2054
2054
2055
2066
2067
2066
2055
2054
2146
2055
2147
2055
2146
2055
2147
2155
2055
2155
2067
2056
2149
2057
2150
2057
2149
2056
2069
2149
2157
2149
2069
2057
2150
2151
2057
2151
2058
2058
2151
2059
2152
2059
2151
2059
2070
2071
2059
2071
2060
2059
2152
2158
2059
2158
2070
2060
2071
2061
2072
2061
2071
2061
2072
2073
2061
2073
2062
2063
2153
2154
2063
2154
2064
2063
2079
2166
2063
2166
2153
2067
2155
2156
2067
2156
2068
2068
2156
2069
2157
2069
2156
2070
2158
2071
2159
2071
2158
2071
2159
2160
2071
2160
2072
2072
2160
2073
2161
2073
2160
2073
2161
2162
2073
2162
2074
2074
2162
2075
2163
2075
2162
2075
2163
2164
2075
2164
2076
2076
2080
2077
2081
2077
2080
2076
2164
2080
2168
2080
2164
2078
2165
2079
2166
2079
2165
2078
2083
2165
2170
2165
2083
2080
2168
2081
2169
2081
2168
2081
2085
2086
2081
2086
2082
2081
2169
2173
2081
2173
2085
2083
2084
2171
2083
2171
2170
2084
2087
2171
2175
2171
2087
2085
2088
2089
2085
2089
2086
2085
2173
2176
2085
2176
2088
2087
2091
2179
2087
2179
2175
2088
2176
2089
2177
2089
2176
2089
2177
2181
2089
2181
2092
2090
2091
2093
2094
2093
2091
2090
2178
2091
2179
2091
2178
2090
2093
2178
2182
2178
2093
2092
2181
2096
2184
2096
2181
2093
2098
2186
2093
2186
2182
2095
2096
2184
2095
2184
2183
2095
2183
2187
2095
2187
2102
2097
2098
2104
2097
2104
2103
2097
2185
2186
2097
2186
2098
2097
2103
2188
2097
2188
2185
2098
2099
2104
2105
2104
2099
2099
2100
2106
2099
2106
2105
2101
2102
2112
2101
2112
2111
2102
2187
2112
2194
2112
2187
2103
2104
2189
2103
2189
2188
2104
2105
2189
2190
2189
2105
2105
2106
2191
2105
2191
2190
2106
2107
2191
2192
2191
2107
2107
2108
2193
2107
2193
2192
2108
2109
2113
2114
2113
2109
2108
2113
2193
2197
2193
2113
2109
2110
2115
2109
2115
2114
2111
2112
2120
2111
2120
2119
2112
2194
2120
2201
2120
2194
2113
2114
2198
2113
2198
2197
2114
2115
2121
2122
2121
2115
2114
2121
2198
2203
2198
2121
2115
2116
2123
2115
2123
2122
2116
2117
2123
2124
2123
2117
2118
2119
2199
2200
2199
2119
2118
2199
2128
2206
2128
2199
2119
2120
2201
2119
2201
2200
2121
2122
2204
2121
2204
2203
2122
2123
2204
2205
2204
2123
2123
2124
2131
2123
2131
2130
2123
2130
2209
2123
2209
2205
2124
2125
2131
2132
2131
2125
2125
2126
2133
2125
2133
2132
2126
2127
2133
2134
2133
2127
2128
2129
2138
2139
2138
2129
2128
2206
2129
2207
2129
2206
2129
2207
2216
2129
2216
2139
2130
2131
2209
2210
2209
2131
2131
2132
2211
2131
2211
2210
2132
2133
2211
2212
2211
2133
2133
2134
2213
2133
2213
2212
2134
2135
2140
2141
2140
2135
2134
2140
2213
2220
2213
2140
2135
2136
2142
2135
2142
2141
2136
2137
2142
2143
2142
2137
2137
2138
2215
2137
2215
2214
2137
2214
2223
2137
2223
2143
2138
2139
2215
2216
2215
2139
2140
2141
2220
2221
2220
2141
2141
2142
2222
2141
2222
2221
2142
2143
2222
2223
2222
2143
2144
2225
2145
2226
2145
2225
2144
2154
2225
2235
2225
2154
2145
2226
2227
2145
2227
2146
2146
2227
2147
2228
2147
2227
2147
2148
2156
2147
2156
2155
2147
2228
2229
2147
2229
2148
2148
2149
2156
2157
2156
2149
2148
2229
2149
2230
2149
2229
2149
2230
2231
2149
2231
2150
2150
2231
2151
2232
2151
2231
2151
2232
2233
2151
2233
2152
2152
2233
2158
2236
2158
2233
2153
2234
2235
2153
2235
2154
2153
2166
2243
2153
2243
2234
2158
2236
2159
2237
2159
2236
2159
2237
2238
2159
2238
2160
2160
2238
2161
2239
2161
2238
2161
2239
2240
2161
2240
2162
2162
2240
2163
2241
2163
2240
2163
2167
2168
2163
2168
2164
2163
2241
2246
2163
2246
2167
2165
2242
2243
2165
2243
2166
2165
2170
2248
2165
2248
2242
2167
2246
2247
2167
2247
2168
2168
2172
2169
2173
2169
2172
2168
2247
2172
2250
2172
2247
2170
2171
2174
2175
2174
2171
2170
2174
2248
2252
2248
2174
2172
2250
2173
2251
2173
2250
2173
2251
2255
2173
2255
2176
2174
2175
2178
2179
2178
2175
2174
2178
2252
2256
2252
2178
2176
2180
2177
2181
2177
2180
2176
2255
2180
2257
2180
2255
2178
2182
2256
2258
2256
2182
2180
2183
2181
2184
2181
2183
2180
2257
2183
2259
2183
2257
2182
2186
2258
2261
2258
2186
2183
2259
2262
2183
2262
2187
2185
2260
2261
2185
2261
2186
2185
2188
2263
2185
2263
2260
2187
2262
2267
2187
2267
2194
2188
2189
2263
2264
2263
2189
2189
2190
2265
2189
2265
2264
2190
2191
2265
2266
2265
2191
2191
2192
2196
2191
2196
2195
2191
2195
2268
2191
2268
2266
2192
2193
2196
2197
2196
2193
2194
2267
2201
2272
2201
2267
2195
2196
2269
2195
2269
2268
2196
2197
2269
2270
2269
2197
2197
2198
2203
2197
2203
2202
2197
2202
2273
2197
2273
2270
2199
2200
2207
2199
2207
2206
2200
2201
2271
2272
2271
2201
2200
2271
2207
2276
2207
2271
2202
2203
2273
2274
2273
2203
2203
2204
2275
2203
2275
2274
2204
2205
2208
2209
2208
2205
2204
2208
2275
2280
2275
2208
2207
2276
2284
2207
2284
2216
2208
2209
2280
2281
2280
2209
2209
2210
2282
2209
2282
2281
2210
2211
2217
2218
2217
2211
2210
2217
2282
2287
2282
2217
2211
2212
2219
2211
2219
2218
2212
2213
2219
2220
2219
2213
2214
2215
2223
2224
2223
2215
2215
2216
2284
2215
2284
2283
2215
2283
2294
2215
2294
2224
2217
2218
2288
2217
2288
2287
2218
2219
2288
2289
2288
2219
2219
2220
2290
2219
2290
2289
2220
2221
2290
2291
2290
2221
2221
2222
2292
2221
2292
2291
2222
2223
2292
2293
2292
2223
2223
2224
2294
2223
2294
2293
2225
2298
2299
2225
2299
2226
2225
2235
2309
2225
2309
2298
2226
2299
2227
2300
2227
2299
2227
2300
2301
2227
2301
2228
2228
2301
2229
2302
2229
2301
2229
2302
2303
2229
2303
2230
2230
2303
2231
2304
2231
2303
2231
2304
2305
2231
2305
2232
2232
2305
2233
2306
2233
2305
2233
2306
2315
2233
2315
2236
2234
2308
2235
2309
2235
2308
2234
2243
2308
2321
2308
2243
2236
2315
2237
2316
2237
2315
2237
2316
2317
2237
2317
2238
2238
2317
2239
2318
2239
2317
2239
2244
2245
2239
2245
2240
2239
2318
2325
2239
2325
2244
2240
2245
2241
2246
2241
2245
2242
2320
2243
2321
2243
2320
2242
2248
2320
2330
2320
2248
2244
2325
2245
2326
2245
2325
2245
2326
2327
2245
2327
2246
2246
2249
2247
2250
2247
2249
2246
2327
2249
2333
2249
2327
2248
2252
2330
2337
2330
2252
2249
2253
2254
2249
2254
2250
2249
2333
2340
2249
2340
2253
2250
2254
2251
2255
2251
2254
2252
2256
2337
2346
2337
2256
2253
2340
2341
2253
2341
2254
2254
2341
2255
2342
2255
2341
2255
2342
2349
2255
2349
2257
2256
2258
2346
2352
2346
2258
2257
2349
2355
2257
2355
2259
2258
2261
2352
2357
2352
2261
2259
2355
2358
2259
2358
2262
2260
2356
2261
2357
2261
2356
2260
2263
2356
2359
2356
2263
2262
2358
2267
2363
2267
2358
2263
2264
2360
2263
2360
2359
2264
2265
2360
2361
2360
2265
2265
2266
2362
2265
2362
2361
2266
2268
2362
2366
2362
2268
2267
2363
2369
2267
2369
2272
2268
2269
2366
2367
2366
2269
2269
2270
2368
2269
2368
2367
2270
2273
2368
2374
2368
2273
2271
2272
2277
2271
2277
2276
2272
2369
2277
2376
2277
2369
2273
2274
2279
2273
2279
2278
2273
2278
2378
2273
2378
2374
2274
2275
2279
2280
2279
2275
2276
2277
2375
2376
2375
2277
2276
2375
2284
2382
2284
2375
2278
2279
2378
2379
2378
2279
2279
2280
2380
2279
2380
2379
2280
2281
2285
2286
2285
2281
2280
2285
2380
2385
2380
2285
2281
2282
2287
2281
2287
2286
2283
2284
2382
2283
2382
2381
2283
2381
2393
2283
2393
2294
2285
2286
2386
2285
2386
2385
2286
2287
2386
2387
2386
2287
2287
2288
2388
2287
2388
2387
2288
2289
2388
2389
2388
2289
2289
2290
2390
2289
2390
2389
2290
2291
2295
2296
2295
2291
2290
2295
2390
2398
2390
2295
2291
2292
2297
2291
2297
2296
2292
2293
2391
2392
2391
2293
2292
2391
2297
2400
2297
2391
2293
2294
2393
2293
2393
2392
2295
2296
2399
2295
2399
2398
2296
2297
2399
2400
2399
2297
2298
2402
2299
2403
2299
2402
2298
2309
2402
2408
2402
2309
2299
2403
2404
2299
2404
2300
2300
2404
2301
2405
2301
2404
2301
2310
2311
2301
2311
2302
2301
2405
2409
2301
2409
2310
2302
2311
2303
2312
2303
2311
2303
2312
2313
2303
2313
2304
2304
2313
2305
2314
2305
2313
2305
2314
2315
2305
2315
2306
2307
2308
2321
2307
2321
2320
2307
2406
2407
2307
2407
2308
2307
2320
2417
2307
2417
2406
2308
2407
2309
2408
2309
2407
2310
2409
2311
2410
2311
2409
2311
2410
2411
2311
2411
2312
2312
2411
2313
2412
2313
2411
2313
2412
2413
2313
2413
2314
2314
2413
2315
2414
2315
2413
2315
2322
2323
2315
2323
2316
2315
2414
2423
2315
2423
2322
2316
2323
2317
2324
2317
2323
2317
2324
2325
2317
2325
2318
2319
2320
2330
2319
2330
2329
2319
2416
2417
2319
2417
2320
2319
2329
2429
2319
2429
2416
2322
2423
2323
2424
2323
2423
2323
2424
2425
2323
2425
2324
2324
2425
2325
2426
2325
2425
2325
2331
2332
2325
2332
2326
2325
2426
2431
2325
2431
2331
2326
2332
2327
2333
2327
2332
2328
2329
2335
2336
2335
2329
2328
2428
2329
2429
2329
2428
2328
2335
2428
2433
2428
2335
2329
2330
2337
2329
2337
2336
2331
2338
2339
2331
2339
2332
2331
2431
2434
2331
2434
2338
2332
2339
2333
2340
2333
2339
2334
2335
2343
2344
2343
2335
2334
2432
2335
2433
2335
2432
2334
2343
2432
2437
2432
2343
2335
2336
2345
2335
2345
2344
2336
2337
2345
2346
2345
2337
2338
2434
2339
2435
2339
2434
2339
2435
2436
2339
2436
2340
2340
2347
2341
2348
2341
2347
2340
2436
2347
2440
2347
2436
2341
2348
2349
2341
2349
2342
2343
2344
2438
2343
2438
2437
2344
2345
2350
2351
2350
2345
2344
2350
2438
2443
2438
2350
2345
2346
2352
2345
2352
2351
2347
2353
2354
2347
2354
2348
2347
2440
2445
2347
2445
2353
2348
2354
2349
2355
2349
2354
2350
2351
2443
2444
2443
2351
2351
2352
2357
2351
2357
2356
2351
2356
2449
2351
2449
2444
2353
2445
2446
2353
2446
2354
2354
2446
2355
2447
2355
2446
2355
2447
2450
2355
2450
2358
2356
2359
2449
2452
2449
2359
2358
2450
2363
2454
2363
2450
2359
2360
2453
2359
2453
2452
2360
2361
2364
2365
2364
2361
2360
2364
2453
2455
2453
2364
2361
2362
2366
2361
2366
2365
2363
2454
2456
2363
2456
2369
2364
2365
2370
2371
2370
2365
2364
2370
2455
2457
2455
2370
2365
2366
2372
2365
2372
2371
2366
2367
2372
2373
2372
2367
2367
2368
2374
2367
2374
2373
2369
2456
2462
2369
2462
2376
2370
2371
2457
2458
2457
2371
2371
2372
2459
2371
2459
2458
2372
2373
2459
2460
2459
2373
2373
2374
2378
2373
2378
2377
2373
2377
2466
2373
2466
2460
2375
2376
2462
2375
2462
2461
2375
2461
2469
2375
2469
2382
2377
2378
2467
2377
2467
2466
2378
2379
2383
2384
2383
2379
2378
2383
2467
2471
2467
2383
2379
2380
2385
2379
2385
2384
2381
2382
2469
2381
2469
2468
2381
2468
2476
2381
2476
2393
2383
2384
2472
2383
2472
2471
2384
2385
2472
2473
2472
2385
2385
2386
2474
2385
2474
2473
2386
2387
2394
2395
2394
2387
2386
2394
2474
2479
2474
2394
2387
2388
2396
2387
2396
2395
2388
2389
2396
2397
2396
2389
2389
2390
2398
2389
2398
2397
2391
2392
2401
2391
2401
2400
2392
2393
2475
2476
2475
2393
2392
2475
2401
2486
2401
2475
2394
2395
2479
2480
2479
2395
2395
2396
2481
2395
2481
2480
2396
2397
2481
2482
2481
2397
2397
2398
2483
2397
2483
2482
2398
2399
2483
2484
2483
2399
2399
2400
2485
2399
2485
2484
2400
2401
2485
2486
2485
2401
2402
2495
2403
2496
2403
2495
2402
2408
2495
2501
2495
2408
2403
2496
2497
2403
2497
2404
2404
2497
2405
2498
2405
2497
2405
2498
2502
2405
2502
2409
2406
2499
2407
2500
2407
2499
2406
2417
2499
2506
2499
2417
2407
2500
2501
2407
2501
2408
2409
2418
2419
2409
2419
2410
2409
2502
2507
2409
2507
2418
2410
2419
2411
2420
2411
2419
2411
2420
2421
2411
2421
2412
2412
2421
2413
2422
2413
2421
2413
2422
2423
2413
2423
2414
2415
2416
2429
2415
2429
2428
2415
2504
2505
2415
2505
2416
2415
2428
2516
2415
2516
2504
2416
2505
2417
2506
2417
2505
2418
2507
2419
2508
2419
2507
2419
2508
2509
2419
2509
2420
2420
2509
2421
2510
2421
2509
2421
2510
2511
2421
2511
2422
2422
2511
2423
2512
2423
2511
2423
2512
2513
2423
2513
2424
2424
2513
2425
2514
2425
2513
2425
2430
2431
2425
2431
2426
2425
2514
2521
2425
2521
2430
2427
2428
2433
2427
2433
2432
2427
2515
2516
2427
2516
2428
2427
2432
2523
2427
2523
2515
2430
2521
2431
2522
2431
2521
2431
2522
2524
2431
2524
2434
2432
2437
2523
2526
2523
2437
2434
2524
2435
2525
2435
2524
2435
2439
2440
2435
2440
2436
2435
2525
2527
2435
2527
2439
2437
2438
2443
2437
2443
2442
2437
2442
2530
2437
2530
2526
2439
2527
2528
2439
2528
2440
2440
2441
2445
2446
2445
2441
2440
2528
2441
2529
2441
2528
2441
2529
2532
2441
2532
2446
2442
2443
2530
2531
2530
2443
2443
2444
2449
2443
2449
2448
2443
2448
2535
2443
2535
2531
2446
2532
2447
2533
2447
2532
2447
2533
2536
2447
2536
2450
2448
2449
2451
2452
2451
2449
2448
2451
2535
2539
2535
2451
2450
2536
2454
2542
2454
2536
2451
2452
2540
2451
2540
2539
2452
2453
2540
2541
2540
2453
2453
2455
2547
2453
2547
2541
2454
2542
2456
2549
2456
2542
2455
2457
2553
2455
2553
2547
2456
2549
2462
2555
2462
2549
2457
2458
2464
2457
2464
2463
2457
2463
2556
2457
2556
2553
2458
2459
2464
2465
2464
2459
2459
2460
2466
2459
2466
2465
2461
2462
2555
2461
2555
2554
2461
2554
2561
2461
2561
2469
2463
2464
2557
2463
2557
2556
2464
2465
2557
2558
2557
2465
2465
2466
2559
2465
2559
2558
2466
2467
2470
2471
2470
2467
2466
2470
2559
2563
2559
2470
2468
2469
2560
2561
2560
2469
2468
2560
2476
2566
2476
2560
2470
2471
2563
2564
2563
2471
2471
2472
2565
2471
2565
2564
2472
2473
2477
2478
2477
2473
2472
2477
2565
2568
2565
2477
2473
2474
2479
2473
2479
2478
2475
2476
2487
2475
2487
2486
2476
2566
2487
2573
2487
2566
2477
2478
2569
2477
2569
2568
2478
2479
2569
2570
2569
2479
2479
2480
2489
2479
2489
2488
2479
2488
2576
2479
2576
2570
2480
2481
2489
2490
2489
2481
2481
2482
2491
2481
2491
2490
2482
2483
2491
2492
2491
2483
2483
2484
2493
2483
2493
2492
2484
2485
2493
2494
2493
2485
2485
2486
2572
2485
2572
2571
2485
2571
2582
2485
2582
2494
2486
2487
2572
2573
2572
2487
2488
2489
2576
2577
2576
2489
2489
2490
2578
2489
2578
2577
2490
2491
2578
2579
2578
2491
2491
2492
2580
2491
2580
2579
2492
2493
2580
2581
2580
2493
2493
2494
2582
2493
2582
2581
2495
2584
2585
2495
2585
2496
2495
2501
2592
2495
2592
2584
2496
2585
2497
2586
2497
2585
2497
2586
2587
2497
2587
2498
2498
2587
2502
2594
2502
2587
2499
2590
2591
2499
2591
2500
2499
2506
2599
2499
2599
2590
2500
2591
2501
2592
2501
2591
2502
2594
2507
2601
2507
2594
2503
2504
2516
2503
2516
2515
2503
2596
2597
2503
2597
2504
2503
2515
2608
2503
2608
2596
2504
2597
2505
2598
2505
2597
2505
2598
2599
2505
2599
2506
2507
2517
2518
2507
2518
2508
2507
2601
2610
2507
2610
2517
2508
2518
2509
2519
2509
2518
2509
2519
2520
2509
2520
2510
2510
2602
2511
2603
2511
2602
2510
2520
2602
2613
2602
2520
2511
2603
2604
2511
2604
2512
2512
2604
2513
2605
2513
2604
2513
2605
2606
2513
2606
2514
2514
2606
2521
2617
2521
2606
2515
2523
2620
2515
2620
2608
2517
2610
2611
2517
2611
2518
2518
2611
2519
2612
2519
2611
2519
2612
2613
2519
2613
2520
2521
2617
2618
2521
2618
2522
2522
2618
2524
2622
2524
2618
2523
2526
2625
2523
2625
2620
2524
2622
2525
2623
2525
2622
2525
2623
2627
2525
2627
2527
2526
2530
2625
2631
2625
2530
2527
2627
2628
2527
2628
2528
2528
2628
2529
2629
2529
2628
2529
2629
2635
2529
2635
2532
2530
2531
2534
2535
2534
2531
2530
2534
2631
2638
2631
2534
2532
2635
2533
2636
2533
2635
2533
2636
2641
2533
2641
2536
2534
2535
2538
2539
2538
2535
2534
2538
2638
2643
2638
2538
2536
2641
2542
2645
2542
2641
2537
2538
2544
2537
2544
2543
2537
2642
2643
2537
2643
2538
2537
2543
2646
2537
2646
2642
2538
2539
2544
2545
2544
2539
2539
2540
2546
2539
2546
2545
2540
2541
2546
2547
2546
2541
2542
2645
2549
2649
2549
2645
2543
2544
2647
2543
2647
2646
2544
2545
2550
2551
2550
2545
2544
2550
2647
2651
2647
2550
2545
2546
2552
2545
2552
2551
2546
2547
2552
2553
2552
2547
2548
2554
2549
2555
2549
2554
2548
2549
2648
2649
2648
2549
2548
2648
2554
2655
2554
2648
2550
2551
2651
2652
2651
2551
2551
2552
2653
2551
2653
2652
2552
2553
2653
2654
2653
2553
2553
2556
2656
2553
2656
2654
2554
2655
2561
2660
2561
2655
2556
2557
2656
2657
2656
2557
2557
2558
2658
2557
2658
2657
2558
2559
2562
2563
2562
2559
2558
2562
2658
2661
2658
2562
2560
2561
2659
2660
2659
2561
2560
2659
2566
2664
2566
2659
2562
2563
2661
2662
2661
2563
2563
2564
2663
2563
2663
2662
2564
2565
2567
2568
2567
2565
2564
2567
2663
2665
2663
2567
2566
2664
2573
2669
2573
2664
2567
2568
2666
2567
2666
2665
2568
2569
2574
2575
2574
2569
2568
2574
2666
2670
2666
2574
2569
2570
2576
2569
2576
2575
2571
2572
2668
2571
2668
2667
2571
2667
2678
2571
2678
2582
2572
2573
2668
2669
2668
2573
2574
2575
2670
2671
2670
2575
2575
2576
2672
2575
2672
2671
2576
2577
2672
2673
2672
2577
2577
2578
2674
2577
2674
2673
2578
2579
2674
2675
2674
2579
2579
2580
2676
2579
2676
2675
2580
2581
2676
2677
2676
2581
2581
2582
2678
2581
2678
2677
2583
2584
2592
2583
2592
2591
2583
2686
2687
2583
2687
2584
2583
2591
2693
2583
2693
2686
2584
2687
2585
2688
2585
2687
2585
2688
2689
2585
2689
2586
2586
2593
2587
2594
2587
2593
2586
2689
2593
2696
2593
2689
2588
2589
2597
2598
2597
2589
2588
2690
2589
2691
2589
2690
2588
2597
2690
2699
2690
2597
2589
2590
2599
2589
2599
2598
2589
2691
2692
2589
2692
2590
2590
2692
2591
2693
2591
2692
2593
2600
2601
2593
2601
2594
2593
2696
2705
2593
2705
2600
2595
2596
2608
2595
2608
2607
2595
2697
2698
2595
2698
2596
2595
2607
2706
2595
2706
2697
2596
2698
2597
2699
2597
2698
2600
2609
2601
2610
2601
2609
2600
2705
2609
2713
2609
2705
2602
2613
2603
2614
2603
2613
2603
2614
2615
2603
2615
2604
2604
2615
2605
2616
2605
2615
2605
2616
2617
2605
2617
2606
2607
2608
2620
2607
2620
2619
2607
2619
2722
2607
2722
2706
2609
2713
2714
2609
2714
2610
2610
2714
2611
2715
2611
2714
2611
2715
2716
2611
2716
2612
2612
2716
2613
2717
2613
2716
2613
2717
2718
2613
2718
2614
2614
2718
2615
2719
2615
2718
2615
2719
2720
2615
2720
2616
2616
2720
2617
2721
2617
2720
2617
2621
2622
2617
2622
2618
2617
2721
2735
2617
2735
2621
2619
2620
2625
2619
2625
2624
2619
2624
2738
2619
2738
2722
2621
2735
2736
2621
2736
2622
2622
2626
2623
2627
2623
2626
2622
2736
2626
2752
2626
2736
2624
2625
2630
2631
2630
2625
2624
2630
2738
2754
2738
2630
2626
2632
2627
2633
2627
2632
2626
2752
2632
2766
2632
2752
2627
2633
2634
2627
2634
2628
2628
2634
2629
2635
2629
2634
2630
2631
2637
2638
2637
2631
2630
2637
2754
2770
2754
2637
2632
2766
2633
2767
2633
2766
2633
2767
2768
2633
2768
2634
2634
2639
2635
2640
2635
2639
2634
2768
2639
2784
2639
2768
2635
2640
2641
2635
2641
2636
2637
2638
2643
2637
2643
2642
2637
2642
2786
2637
2786
2770
2639
2784
2785
2639
2785
2640
2640
2644
2641
2645
2641
2644
2640
2785
2644
2795
2644
2785
2642
2646
2786
2796
2786
2646
2644
2648
2645
2649
2645
2648
2644
2795
2648
2798
2648
2795
2646
2647
2650
2651
2650
2647
2646
2650
2796
2799
2796
2650
2648
2798
2655
2805
2655
2798
2650
2651
2799
2800
2799
2651
2651
2652
2801
2651
2801
2800
2652
2653
2801
2802
2801
2653
2653
2654
2803
2653
2803
2802
2654
2656
2803
2808
2803
2656
2655
2805
2812
2655
2812
2660
2656
2657
2808
2809
2808
2657
2657
2658
2810
2657
2810
2809
2658
2661
2810
2815
2810
2661
2659
2660
2812
2659
2812
2811
2659
2811
2818
2659
2818
2664
2661
2662
2816
2661
2816
2815
2662
2663
2816
2817
2816
2663
2663
2665
2821
2663
2821
2817
2664
2818
2669
2824
2669
2818
2665
2666
2822
2665
2822
2821
2666
2670
2822
2827
2822
2670
2667
2668
2679
2667
2679
2678
2668
2669
2823
2824
2823
2669
2668
2823
2679
2832
2679
2823
2670
2671
2827
2828
2827
2671
2671
2672
2829
2671
2829
2828
2672
2673
2680
2681
2680
2673
2672
2680
2829
2835
2829
2680
2673
2674
2682
2673
2682
2681
2674
2675
2682
2683
2682
2675
2675
2676
2684
2675
2684
2683
2676
2677
2684
2685
2684
2677
2677
2678
2831
2677
2831
2830
2677
2830
2840
2677
2840
2685
2678
2679
2831
2832
2831
2679
2680
2681
2835
2836
2835
2681
2681
2682
2837
2681
2837
2836
2682
2683
2837
2838
2837
2683
2683
2684
2839
2683
2839
2838
2684
2685
2839
2840
2839
2685
2686
2693
2687
2694
2687
2693
2687
2694
2695
2687
2695
2688
2688
2695
2689
2696
2689
2695
2690
2699
2691
2700
2691
2699
2691
2700
2701
2691
2701
2692
2692
2701
2693
2702
2693
2701
2693
2702
2703
2693
2703
2694
2694
2703
2695
2704
2695
2703
2695
2704
2705
2695
2705
2696
2697
2706
2707
2697
2707
2698
2698
2841
2699
2842
2699
2841
2698
2707
2841
2846
2841
2707
2699
2842
2843
2699
2843
2700
2700
2708
2701
2709
2701
2708
2700
2843
2708
2848
2708
2843
2701
2709
2710
2701
2710
2702
2702
2710
2703
2711
2703
2710
2703
2711
2712
2703
2712
2704
2704
2712
2705
2713
2705
2712
2706
2845
2707
2846
2707
2845
2706
2722
2845
2851
2845
2722
2708
2848
2709
2849
2709
2848
2709
2723
2724
2709
2724
2710
2709
2849
2853
2709
2853
2723
2710
2724
2711
2725
2711
2724
2711
2725
2726
2711
2726
2712
2712
2726
2713
2727
2713
2726
2713
2727
2728
2713
2728
2714
2714
2728
2715
2729
2715
2728
2715
2729
2730
2715
2730
2716
2716
2730
2717
2731
2717
2730
2717
2731
2732
2717
2732
2718
2718
2732
2719
2733
2719
2732
2719
2733
2734
2719
2734
2720
2720
2734
2721
2735
2721
2734
2722
2738
2851
2856
2851
2738
2723
2739
2740
2723
2740
2724
2723
2853
2857
2723
2857
2739
2724
2740
2725
2741
2725
2740
2725
2741
2742
2725
2742
2726
2726
2742
2727
2743
2727
2742
2727
2743
2744
2727
2744
2728
2728
2744
2729
2745
2729
2744
2729
2745
2746
2729
2746
2730
2730
2746
2731
2747
2731
2746
2731
2747
2748
2731
2748
2732
2732
2748
2733
2749
2733
2748
2733
2749
2750
2733
2750
2734
2734
2750
2735
2751
2735
2750
2735
2751
2752
2735
2752
2736
2737
2738
2754
2737
2754
2753
2737
2855
2856
2737
2856
2738
2737
2753
2861
2737
2861
2855
2739
2857
2858
2739
2858
2740
2740
2858
2741
2859
2741
2858
2741
2755
2756
2741
2756
2742
2741
2859
2862
2741
2862
2755
2742
2756
2743
2757
2743
2756
2743
2757
2758
2743
2758
2744
2744
2758
2745
2759
2745
2758
2745
2759
2760
2745
2760
2746
2746
2760
2747
2761
2747
2760
2747
2761
2762
2747
2762
2748
2748
2762
2749
2763
2749
2762
2749
2763
2764
2749
2764
2750
2750
2764
2751
2765
2751
2764
2751
2765
2766
2751
2766
2752
2753
2754
2770
2753
2770
2769
2753
2769
2866
2753
2866
2861
2755
2771
2772
2755
2772
2756
2755
2862
2868
2755
2868
2771
2756
2772
2757
2773
2757
2772
2757
2773
2774
2757
2774
2758
2758
2774
2759
2775
2759
2774
2759
2775
2776
2759
2776
2760
2760
2776
2761
2777
2761
2776
2761
2777
2778
2761
2778
2762
2762
2778
2763
2779
2763
2778
2763
2779
2780
2763
2780
2764
2764
2780
2765
2781
2765
2780
2765
2863
2864
2765
2864
2766
2765
2781
2873
2765
2873
2863
2766
2782
2767
2783
2767
2782
2766
2864
2782
2874
2782
2864
2767
2783
2784
2767
2784
2768
2769
2770
2867
2769
2867
2866
2770
2786
2867
2878
2867
2786
2771
2868
2869
2771
2869
2772
2772
2869
2773
2870
2773
2869
2773
2870
2871
2773
2871
2774
2774
2787
2775
2788
2775
2787
2774
2871
2787
2881
2787
2871
2775
2788
2789
2775
2789
2776
2776
2789
2777
2790
2777
2789
2777
2790
2791
2777
2791
2778
2778
2791
2779
2792
2779
2791
2779
2792
2793
2779
2793
2780
2780
2872
2781
2873
2781
2872
2780
2793
2872
2887
2872
2793
2782
2874
2783
2875
2783
2874
2783
2875
2876
2783
2876
2784
2784
2794
2785
2795
2785
2794
2784
2876
2794
2891
2794
2876
2786
2796
2878
2893
2878
2796
2787
2881
2882
2787
2882
2788
2788
2882
2789
2883
2789
2882
2789
2883
2884
2789
2884
2790
2790
2884
2791
2885
2791
2884
2791
2885
2886
2791
2886
2792
2792
2886
2793
2887
2793
2886
2794
2797
2795
2798
2795
2797
2794
2891
2797
2902
2797
2891
2796
2799
2893
2903
2893
2799
2797
2804
2805
2797
2805
2798
2797
2902
2913
2797
2913
2804
2799
2800
2904
2799
2904
2903
2800
2801
2904
2905
2904
2801
2801
2802
2807
2801
2807
2806
2801
2806
2914
2801
2914
2905
2802
2803
2807
2808
2807
2803
2804
2811
2805
2812
2805
2811
2804
2913
2811
2924
2811
2913
2806
2807
2914
2915
2914
2807
2807
2808
2916
2807
2916
2915
2808
2809
2813
2814
2813
2809
2808
2813
2916
2926
2916
2813
2809
2810
2815
2809
2815
2814
2811
2924
2936
2811
2936
2818
2813
2814
2927
2813
2927
2926
2814
2815
2927
2928
2927
2815
2815
2816
2820
2815
2820
2819
2815
2819
2937
2815
2937
2928
2816
2817
2820
2821
2820
2817
2818
2936
2824
2946
2824
2936
2819
2820
2938
2819
2938
2937
2820
2821
2825
2826
2825
2821
2820
2825
2938
2948
2938
2825
2821
2822
2827
2821
2827
2826
2823
2824
2946
2823
2946
2945
2823
2945
2957
2823
2957
2832
2825
2826
2949
2825
2949
2948
2826
2827
2949
2950
2949
2827
2827
2828
2834
2827
2834
2833
2827
2833
2959
2827
2959
2950
2828
2829
2834
2835
2834
2829
2830
2831
2955
2956
2955
2831
2830
2955
2840
2966
2840
2955
2831
2832
2957
2831
2957
2956
2833
2834
2960
2833
2960
2959
2834
2835
2960
2961
2960
2835
2835
2836
2962
2835
2962
2961
2836
2837
2962
2963
2962
2837
2837
2838
2964
2837
2964
2963
2838
2839
2964
2965
2964
2839
2839
2840
2966
2839
2966
2965
2841
2846
2847
2841
2847
2842
2842
2847
2843
2848
2843
2847
2844
2845
2850
2851
2850
2845
2844
2967
2845
2968
2845
2967
2844
2850
2967
2972
2967
2850
2845
2968
2969
2845
2969
2846
2846
2969
2847
2970
2847
2969
2847
2970
2971
2847
2971
2848
2848
2852
2849
2853
2849
2852
2848
2971
2852
2976
2852
2971
2850
2851
2855
2856
2855
2851
2850
2855
2972
2979
2972
2855
2852
2976
2853
2977
2853
2976
2853
2977
2984
2853
2984
2857
2854
2855
2860
2861
2860
2855
2854
2978
2855
2979
2855
2978
2854
2860
2978
2987
2978
2860
2857
2984
2985
2857
2985
2858
2858
2985
2859
2986
2859
2985
2859
2986
2992
2859
2992
2862
2860
2861
2865
2866
2865
2861
2860
2865
2987
2993
2987
2865
2862
2992
2868
2999
2868
2992
2863
2873
2874
2863
2874
2864
2865
2866
2994
2865
2994
2993
2866
2867
2877
2878
2877
2867
2866
2877
2994
3002
2994
2877
2868
2999
2869
3000
2869
2999
2869
2879
2880
2869
2880
2870
2869
3000
3005
2869
3005
2879
2870
2880
2871
2881
2871
2880
2872
2887
2873
2888
2873
2887
2873
2888
2889
2873
2889
2874
2874
2889
2875
2890
2875
2889
2875
2890
2891
2875
2891
2876
2877
2878
2893
2877
2893
2892
2877
2892
3010
2877
3010
3002
2879
3005
3006
2879
3006
2880
2880
3006
2881
3007
2881
3006
2881
3007
3008
2881
3008
2882
2882
3008
2883
3009
2883
3008
2883
2894
2895
2883
2895
2884
2883
3009
3017
2883
3017
2894
2884
2895
2885
2896
2885
2895
2885
2896
2897
2885
2897
2886
2886
2897
2887
2898
2887
2897
2887
2898
2899
2887
2899
2888
2888
2899
2889
2900
2889
2899
2889
2900
2901
2889
2901
2890
2890
2901
2891
2902
2891
2901
2892
2893
3010
3011
3010
2893
2893
2903
3019
2893
3019
3011
2894
3017
2895
3018
2895
3017
2895
2906
2907
2895
2907
2896
2895
3018
3026
2895
3026
2906
2896
2907
2897
2908
2897
2907
2897
2908
2909
2897
2909
2898
2898
2909
2899
2910
2899
2909
2899
2910
2911
2899
2911
2900
2900
2911
2901
2912
2901
2911
2901
2912
2913
2901
2913
2902
2903
2904
3020
2903
3020
3019
2904
2905
3020
3021
3020
2905
2905
2914
3027
2905
3027
3021
2906
2917
2907
2918
2907
2917
2906
3026
2917
3031
2917
3026
2907
2918
2919
2907
2919
2908
2908
2919
2909
2920
2909
2919
2909
2920
2921
2909
2921
2910
2910
2921
2911
2922
2911
2921
2911
2922
2923
2911
2923
2912
2912
2923
2913
2924
2913
2923
2914
2915
3027
3028
3027
2915
2915
2916
2926
2915
2926
2925
2915
2925
3032
2915
3032
3028
2917
2929
2930
2917
2930
2918
2917
3031
3038
2917
3038
2929
2918
2930
2919
2931
2919
2930
2919
2931
2932
2919
2932
2920
2920
2932
2921
2933
2921
2932
2921
2933
2934
2921
2934
2922
2922
2934
2923
2935
2923
2934
2923
2935
2936
2923
2936
2924
2925
2926
3033
2925
3033
3032
2926
2927
3033
3034
3033
2927
2927
2928
3035
2927
3035
3034
2928
2937
3035
3039
3035
2937
2929
2939
2940
2929
2940
2930
2929
3038
3042
2929
3042
2939
2930
2940
2931
2941
2931
2940
2931
2941
2942
2931
2942
2932
2932
2942
2933
2943
2933
2942
2933
2943
2944
2933
2944
2934
2934
2944
2935
2945
2935
2944
2935
2945
2946
2935
2946
2936
2937
2938
2948
2937
2948
2947
2937
2947
3043
2937
3043
3039
2939
2951
2952
2939
2952
2940
2939
3042
3048
2939
3048
2951
2940
2952
2941
2953
2941
2952
2941
2953
2954
2941
2954
2942
2942
2954
2943
2955
2943
2954
2943
2955
2956
2943
2956
2944
2944
2956
2945
2957
2945
2956
2947
2948
3044
2947
3044
3043
2948
2949
3044
3045
3044
2949
2949
2950
2959
2949
2959
2958
2949
2958
3049
2949
3049
3045
2951
2962
2963
2951
2963
2952
2951
3048
3053
2951
3053
2962
2952
2963
2953
2964
2953
2963
2953
2964
2965
2953
2965
2954
2954
2965
2955
2966
2955
2965
2958
2959
3049
3050
3049
2959
2959
2960
3051
2959
3051
3050
2960
2961
3051
3052
3051
2961
2961
2962
3053
2961
3053
3052
2967
2972
2973
2967
2973
2968
2968
2973
2969
2974
2969
2973
2969
2974
2975
2969
2975
2970
2970
2975
2971
2976
2971
2975
2972
2979
2973
2980
2973
2979
2973
2980
2981
2973
2981
2974
2974
2981
2975
2982
2975
2981
2975
2982
2983
2975
2983
2976
2976
2983
2977
2984
2977
2983
2978
3054
2979
3055
2979
3054
2978
2987
3054
3059
3054
2987
2979
3055
3056
2979
3056
2980
2980
3056
2981
3057
2981
3056
2981
3057
3058
2981
3058
2982
2982
2988
2983
2989
2983
2988
2982
3058
2988
3060
2988
3058
2983
2989
2990
2983
2990
2984
2984
2990
2985
2991
2985
2990
2985
2991
2992
2985
2992
2986
2987
2993
3061
2987
3061
3059
2988
2995
2989
2996
2989
2995
2988
3060
2995
3062
2995
3060
2989
2996
2997
2989
2997
2990
2990
2997
2991
2998
2991
2997
2991
2998
2999
2991
2999
2992
2993
2994
3002
2993
3002
3001
2993
3001
3066
2993
3066
3061
2995
3062
3063
2995
3063
2996
2996
3063
2997
3064
2997
3063
2997
3064
3065
2997
3065
2998
2998
3003
2999
3004
2999
3003
2998
3065
3003
3068
3003
3065
2999
3004
3005
2999
3005
3000
3001
3002
3067
3001
3067
3066
3002
3010
3067
3070
3067
3010
3003
3068
3069
3003
3069
3004
3004
3012
3005
3013
3005
3012
3004
3069
3012
3072
3012
3069
3005
3013
3014
3005
3014
3006
3006
3014
3007
3015
3007
3014
3007
3015
3016
3007
3016
3008
3008
3016
3009
3017
3009
3016
3010
3011
3070
3071
3070
3011
3011
3019
3076
3011
3076
3071
3012
3072
3013
3073
3013
3072
3013
3073
3074
3013
3074
3014
3014
3022
3015
3023
3015
3022
3014
3074
3022
3079
3022
3074
3015
3023
3024
3015
3024
3016
3016
3024
3017
3025
3017
3024
3017
3025
3026
3017
3026
3018
3019
3020
3077
3019
3077
3076
3020
3021
3077
3078
3077
3021
3021
3027
3082
3021
3082
3078
3022
3079
3023
3080
3023
3079
3023
3080
3081
3023
3081
3024
3024
3029
3025
3030
3025
3029
3024
3081
3029
3085
3029
3081
3025
3030
3031
3025
3031
3026
3027
3028
3083
3027
3083
3082
3028
3032
3083
3086
3083
3032
3029
3036
3037
3029
3037
3030
3029
3085
3091
3029
3091
3036
3030
3037
3031
3038
3031
3037
3032
3033
3086
3087
3086
3033
3033
3034
3088
3033
3088
3087
3034
3035
3088
3089
3088
3035
3035
3039
3092
3035
3092
3089
3036
3040
3037
3041
3037
3040
3036
3091
3040
3094
3040
3091
3037
3041
3042
3037
3042
3038
3039
3043
3095
3039
3095
3092
3040
3046
3041
3047
3041
3046
3040
3094
3046
3099
3046
3094
3041
3047
3048
3041
3048
3042
3043
3044
3096
3043
3096
3095
3044
3045
3096
3097
3096
3045
3045
3049
3100
3045
3100
3097
3046
3051
3047
3052
3047
3051
3046
3099
3051
3102
3051
3099
3047
3052
3053
3047
3053
3048
3049
3050
3101
3049
3101
3100
3050
3051
3101
3102
3101
3051
3054
3103
3055
3104
3055
3103
3054
3059
3103
3108
3103
3059
3055
3104
3105
3055
3105
3056
3056
3105
3057
3106
3057
3105
3057
3106
3107
3057
3107
3058
3058
3107
3060
3112
3060
3107
3059
3061
3114
3059
3114
3108
3060
3112
3062
3115
3062
3112
3061
3066
3119
3061
3119
3114
3062
3115
3063
3116
3063
3115
3063
3116
3117
3063
3117
3064
3064
3117
3065
3118
3065
3117
3065
3118
3122
3065
3122
3068
3066
3067
3119
3120
3119
3067
3067
3070
3124
3067
3124
3120
3068
3122
3069
3123
3069
3122
3069
3123
3126
3069
3126
3072
3070
3071
3124
3125
3124
3071
3071
3076
3130
3071
3130
3125
3072
3126
3073
3127
3073
3126
3073
3127
3128
3073
3128
3074
3074
3075
3079
3080
3079
3075
3074
3128
3075
3129
3075
3128
3075
3129
3135
3075
3135
3080
3076
3077
3130
3131
3130
3077
3077
3078
3132
3077
3132
3131
3078
3082
3132
3136
3132
3082
3080
3084
3081
3085
3081
3084
3080
3135
3084
3140
3084
3135
3082
3083
3136
3137
3136
3083
3083
3086
3141
3083
3141
3137
3084
3090
3085
3091
3085
3090
3084
3140
3090
3147
3090
3140
3086
3087
3141
3142
3141
3087
3087
3088
3143
3087
3143
3142
3088
3089
3143
3144
3143
3089
3089
3092
3148
3089
3148
3144
3090
3093
3091
3094
3091
3093
3090
3147
3093
3151
3093
3147
3092
3095
3148
3152
3148
3095
3093
3098
3099
3093
3099
3094
3093
3151
3155
3093
3155
3098
3095
3096
3153
3095
3153
3152
3096
3097
3153
3154
3153
3097
3097
3100
3101
3097
3101
3098
3097
3098
3155
3097
3155
3154
3098
3101
3099
3102
3099
3101
3103
3108
3109
3103
3109
3104
3104
3109
3105
3110
3105
3109
3105
3110
3111
3105
3111
3106
3106
3111
3107
3112
3107
3111
3108
3156
3109
3157
3109
3156
3108
3114
3156
3162
3156
3114
3109
3157
3158
3109
3158
3110
3110
3158
3111
3159
3111
3158
3111
3159
3160
3111
3160
3112
3112
3113
3115
3116
3115
3113
3112
3160
3113
3161
3113
3160
3113
3161
3167
3113
3167
3116
3114
3119
3162
3170
3162
3119
3116
3167
3117
3168
3117
3167
3117
3168
3169
3117
3169
3118
3118
3169
3122
3177
3122
3169
3119
3120
3171
3119
3171
3170
3120
3124
3121
3125
3121
3124
3120
3121
3171
3172
3171
3121
3121
3125
3179
3121
3179
3172
3122
3177
3123
3178
3123
3177
3123
3178
3185
3123
3185
3126
3125
3130
3187
3125
3187
3179
3126
3185
3127
3186
3127
3185
3127
3133
3134
3127
3134
3128
3127
3186
3194
3127
3194
3133
3128
3134
3129
3135
3129
3134
3130
3131
3187
3188
3187
3131
3131
3132
3189
3131
3189
3188
3132
3136
3189
3195
3189
3136
3133
3138
3139
3133
3139
3134
3133
3194
3200
3133
3200
3138
3134
3139
3135
3140
3135
3139
3136
3137
3195
3196
3195
3137
3137
3141
3201
3137
3201
3196
3138
3145
3139
3146
3139
3145
3138
3200
3145
3205
3145
3200
3139
3146
3147
3139
3147
3140
3141
3142
3202
3141
3202
3201
3142
3143
3202
3203
3202
3143
3143
3144
3204
3143
3204
3203
3144
3148
3204
3206
3204
3148
3145
3149
3150
3145
3150
3146
3145
3205
3207
3145
3207
3149
3146
3150
3147
3151
3147
3150
3148
3152
3206
3208
3206
3152
3149
3153
3154
3149
3154
3150
3149
3207
3209
3149
3209
3153
3150
3154
3151
3155
3151
3154
3152
3153
3208
3209
3208
3153
3156
3162
3157
3163
3157
3162
3157
3163
3164
3157
3164
3158
3158
3164
3159
3165
3159
3164
3159
3165
3166
3159
3166
3160
3160
3166
3161
3167
3161
3166
3162
3170
3163
3171
3163
3170
3163
3171
3172
3163
3172
3164
3164
3172
3165
3173
3165
3172
3165
3173
3174
3165
3174
3166
3166
3174
3167
3175
3167
3174
3167
3175
3176
3167
3176
3168
3168
3176
3169
3177
3169
3176
3172
3179
3173
3180
3173
3179
3173
3180
3181
3173
3181
3174
3174
3181
3175
3182
3175
3181
3175
3182
3183
3175
3183
3176
3176
3183
3177
3184
3177
3183
3177
3184
3185
3177
3185
3178
3179
3187
3188
3179
3188
3180
3180
3188
3181
3189
3181
3188
3181
3189
3190
3181
3190
3182
3182
3190
3183
3191
3183
3190
3183
3191
3192
3183
3192
3184
3184
3192
3185
3193
3185
3192
3185
3193
3194
3185
3194
3186
3189
3195
3196
3189
3196
3190
3190
3196
3191
3197
3191
3196
3191
3197
3198
3191
3198
3192
3192
3198
3193
3199
3193
3198
3193
3199
3200
3193
3200
3194
3196
3201
3197
3202
3197
3201
3197
3202
3203
3197
3203
3198
3198
3203
3199
3204
3199
3203
3199
3204
3205
3199
3205
3200
3204
3206
3205
3207
3205
3206
3206
3208
3207
3209
3207
3208
