3
1
0
1
3
4
1
14
0
14
1
15
14
3
0
3
14
17
18
15
1
4
18
1
5
3
2
3
5
6
3
16
2
16
3
17
16
5
2
5
16
20
7
4
3
6
7
3
7
18
4
18
7
22
21
6
5
20
21
5
8
7
6
7
8
9
21
8
6
8
21
26
27
22
7
9
27
7
26
9
8
9
26
27
13
11
10
11
13
14
11
34
10
34
11
35
34
13
10
13
34
37
15
12
11
14
15
11
36
35
11
12
36
11
15
36
12
36
15
38
17
14
13
16
17
13
39
16
13
37
39
13
40
38
15
18
40
15
39
20
16
20
39
42
22
40
18
40
22
44
25
20
19
24
25
19
42
41
19
20
42
19
46
24
19
41
46
19
25
21
20
21
25
26
27
23
22
23
27
28
23
44
22
44
23
45
49
45
23
28
49
23
29
25
24
25
29
30
46
29
24
29
46
50
31
26
25
30
31
25
31
27
26
27
31
32
33
28
27
32
33
27
33
49
28
49
33
54
51
30
29
50
51
29
51
31
30
31
51
52
53
32
31
52
53
31
53
33
32
33
53
54
35
81
34
81
35
82
81
37
34
37
81
84
83
82
35
36
83
35
38
83
36
83
38
85
87
39
37
84
87
37
40
85
38
85
40
88
90
42
39
87
90
39
44
88
40
88
44
92
47
46
41
42
47
41
43
47
42
47
43
48
90
43
42
43
90
91
98
48
43
91
98
43
45
92
44
92
45
93
99
93
45
49
99
45
47
50
46
50
47
51
52
51
47
48
52
47
98
52
48
52
98
104
105
99
49
54
105
49
56
53
52
53
56
57
104
56
52
56
104
108
58
54
53
57
58
53
58
55
54
55
58
59
55
105
54
105
55
106
109
106
55
59
109
55
63
57
56
57
63
64
108
63
56
63
108
113
65
58
57
64
65
57
65
59
58
59
65
66
67
60
59
66
67
59
110
109
59
60
110
59
67
61
60
61
67
68
61
110
60
110
61
111
69
62
61
68
69
61
112
111
61
62
112
61
69
112
62
112
69
115
71
64
63
70
71
63
116
70
63
113
116
63
71
65
64
65
71
72
73
66
65
72
73
65
73
67
66
67
73
74
75
68
67
74
75
67
75
69
68
69
75
76
120
115
69
76
120
69
116
71
70
71
116
117
118
72
71
117
118
71
118
73
72
73
118
119
78
74
73
77
78
73
121
77
73
119
121
73
78
75
74
75
78
79
80
76
75
79
80
75
80
120
76
120
80
124
122
78
77
121
122
77
122
79
78
79
122
123
124
80
79
123
124
79
126
125
81
82
126
81
128
84
81
125
128
81
83
126
82
126
83
127
129
127
83
85
129
83
128
87
84
87
128
131
132
129
85
88
132
85
89
87
86
87
89
90
87
130
86
130
87
131
130
89
86
89
130
133
92
132
88
132
92
134
97
90
89
96
97
89
138
96
89
133
138
89
97
91
90
91
97
98
93
134
92
134
93
135
100
94
93
99
100
93
136
135
93
94
136
93
100
95
94
95
100
101
95
136
94
136
95
137
139
137
95
101
139
95
102
97
96
97
102
103
138
102
96
102
138
140
104
98
97
103
104
97
106
100
99
105
106
99
106
101
100
101
106
107
143
139
101
107
143
101
140
103
102
103
140
141
142
104
103
141
142
103
142
108
104
108
142
146
109
107
106
107
109
110
147
143
107
110
147
107
146
113
108
113
146
149
111
147
110
147
111
148
115
114
111
112
115
111
150
148
111
114
150
111
152
116
113
149
152
113
115
150
114
150
115
151
156
151
115
120
156
115
152
117
116
117
152
153
154
118
117
153
154
117
154
119
118
119
154
155
159
121
119
155
159
119
124
156
120
156
124
162
160
122
121
159
160
121
160
123
122
123
160
161
162
124
123
161
162
123
166
165
125
126
166
125
169
128
125
165
169
125
127
166
126
166
127
167
171
167
127
129
171
127
169
131
128
131
169
174
175
171
129
132
175
129
131
173
130
173
131
174
173
133
130
133
173
177
134
175
132
175
134
178
182
138
133
177
182
133
135
178
134
178
135
179
180
179
135
136
180
135
137
180
136
180
137
181
183
181
137
139
183
137
182
140
138
140
182
184
185
183
139
143
185
139
144
141
140
141
144
145
184
144
140
144
184
186
146
142
141
145
146
141
189
185
143
147
189
143
186
145
144
145
186
187
188
146
145
187
188
145
188
149
146
149
188
191
190
189
147
148
190
147
150
190
148
190
150
192
194
152
149
191
194
149
151
192
150
192
151
193
197
193
151
156
197
151
194
153
152
153
194
195
158
154
153
157
158
153
198
157
153
195
198
153
158
155
154
155
158
159
162
197
156
197
162
203
199
158
157
198
199
157
199
159
158
159
199
200
201
160
159
200
201
159
201
161
160
161
201
202
203
162
161
202
203
161
166
164
163
165
166
163
208
207
163
164
208
163
209
165
163
207
209
163
166
208
164
208
166
210
212
169
165
209
212
165
167
170
166
170
167
171
170
210
166
210
170
213
173
169
168
169
173
174
169
211
168
211
169
212
211
173
168
173
211
216
171
213
170
213
171
214
176
172
171
175
176
171
215
214
171
172
215
171
176
215
172
215
176
218
220
177
173
216
220
173
179
176
175
178
179
175
179
218
176
218
179
222
225
182
177
220
225
177
223
222
179
180
223
179
181
223
180
223
181
224
227
224
181
183
227
181
225
184
182
184
225
229
231
227
183
185
231
183
229
186
184
186
229
233
236
231
185
189
236
185
233
187
186
187
233
234
235
188
187
234
235
187
235
191
188
191
235
238
237
236
189
190
237
189
192
237
190
237
192
239
241
194
191
238
241
191
193
239
192
239
193
240
247
240
193
197
247
193
241
195
194
195
241
242
199
198
195
196
199
195
243
196
195
242
243
195
243
199
196
199
243
248
252
247
197
203
252
197
205
200
199
204
205
199
253
204
199
248
253
199
205
201
200
201
205
206
251
202
201
250
251
201
255
250
201
206
255
201
251
203
202
203
251
252
253
205
204
205
253
254
255
206
205
254
255
205
257
256
207
208
257
207
258
209
207
256
258
207
210
257
208
257
210
259
260
212
209
258
260
209
213
259
210
259
213
261
217
216
211
212
217
211
260
217
212
217
260
264
262
261
213
214
262
213
215
262
214
262
215
263
265
263
215
218
265
215
217
220
216
220
217
221
268
221
217
264
268
217
222
219
218
219
222
223
219
265
218
265
219
266
269
266
219
223
269
219
221
225
220
225
221
226
271
226
221
268
271
221
270
269
223
224
270
223
227
270
224
270
227
273
230
229
225
226
230
225
271
230
226
230
271
276
232
228
227
231
232
227
274
273
227
228
274
227
232
274
228
274
232
279
234
233
229
230
234
229
276
234
230
234
276
281
279
232
231
278
279
231
283
278
231
236
283
231
281
235
234
235
281
282
286
238
235
282
286
235
237
283
236
283
237
284
287
284
237
239
287
237
286
241
238
241
286
289
288
287
239
240
288
239
247
288
240
288
247
295
290
242
241
289
290
241
290
243
242
243
290
291
249
248
243
244
249
243
292
244
243
291
292
243
245
249
244
249
245
250
292
245
244
245
292
293
251
250
245
246
251
245
294
246
245
293
294
245
247
251
246
251
247
252
294
247
246
247
294
295
249
253
248
253
249
254
255
254
249
250
255
249
257
296
256
296
257
297
296
258
256
258
296
298
299
297
257
259
299
257
298
260
258
260
298
300
301
299
259
261
301
259
300
264
260
264
300
304
302
301
261
262
302
261
263
302
262
302
263
303
306
303
263
265
306
263
304
268
264
268
304
309
307
306
265
266
307
265
269
267
266
267
269
270
267
307
266
307
267
308
311
308
267
270
311
267
309
271
268
271
309
312
273
311
270
311
273
315
277
276
271
272
277
271
313
272
271
312
313
271
313
277
272
277
313
319
316
315
273
274
316
273
279
275
274
275
279
280
275
316
274
316
275
317
321
317
275
280
321
275
277
281
276
281
277
282
323
282
277
319
323
277
283
279
278
279
283
284
285
280
279
284
285
279
285
321
280
321
285
327
323
286
282
286
323
328
287
285
284
285
287
288
334
327
285
288
334
285
328
289
286
289
328
335
295
334
288
334
295
341
336
290
289
335
336
289
336
291
290
291
336
337
338
292
291
337
338
291
338
293
292
293
338
339
340
294
293
339
340
293
340
295
294
295
340
341
297
342
296
342
297
343
342
298
296
298
342
344
345
343
297
299
345
297
344
300
298
300
344
346
347
345
299
301
347
299
346
304
300
304
346
350
348
347
301
302
348
301
303
348
302
348
303
349
353
349
303
306
353
303
305
309
304
309
305
310
350
305
304
305
350
351
357
310
305
351
357
305
307
353
306
353
307
354
355
354
307
308
355
307
311
355
308
355
311
359
313
312
309
310
313
309
357
313
310
313
357
362
364
359
311
315
364
311
320
319
313
314
320
313
363
314
313
362
363
313
363
320
314
320
363
368
365
364
315
316
365
315
317
365
316
365
317
366
322
318
317
321
322
317
367
366
317
318
367
317
322
367
318
367
322
370
324
323
319
320
324
319
368
324
320
324
368
371
370
322
321
369
370
321
376
369
321
327
376
321
329
328
323
324
329
323
325
329
324
329
325
330
371
325
324
325
371
372
378
330
325
372
378
325
327
333
326
333
327
334
375
327
326
327
375
376
333
375
326
375
333
381
329
335
328
335
329
336
337
336
329
330
337
329
331
337
330
337
331
338
378
331
330
331
378
379
339
338
331
332
339
331
380
332
331
379
380
331
333
339
332
339
333
340
380
333
332
333
380
381
341
340
333
334
341
333
343
382
342
382
343
383
382
344
342
344
382
384
385
383
343
345
385
343
384
346
344
346
384
390
391
385
345
347
391
345
390
350
346
350
390
396
392
391
347
348
392
347
349
392
348
392
349
393
399
393
349
353
399
349
396
351
350
351
396
397
358
357
351
352
358
351
398
352
351
397
398
351
398
358
352
358
398
404
400
399
353
354
400
353
355
400
354
400
355
401
360
356
355
359
360
355
402
401
355
356
402
355
360
402
356
402
360
405
363
362
357
358
363
357
404
363
358
363
404
407
365
360
359
364
365
359
365
361
360
361
365
366
361
405
360
405
361
406
408
406
361
366
408
361
410
368
363
407
410
363
367
408
366
408
367
409
413
409
367
370
413
367
410
371
368
371
410
414
377
370
369
376
377
369
377
413
370
413
377
420
415
372
371
414
415
371
373
378
372
378
373
379
415
373
372
373
415
416
380
379
373
374
380
373
417
374
373
416
417
373
375
380
374
380
375
381
417
375
374
375
417
418
419
376
375
418
419
375
419
377
376
377
419
420
383
421
382
421
383
422
421
384
382
384
421
424
425
422
383
385
425
383
385
390
384
390
385
391
424
385
384
385
424
425
392
387
386
387
392
393
387
426
386
426
387
427
426
392
386
392
426
431
394
388
387
393
394
387
428
427
387
388
428
387
394
389
388
389
394
395
389
428
388
428
389
429
432
429
389
395
432
389
391
396
390
396
391
397
398
397
391
392
398
391
431
398
392
398
431
433
400
394
393
399
400
393
400
395
394
395
400
401
434
432
395
401
434
395
433
404
398
404
433
437
435
434
401
402
435
401
405
403
402
403
405
406
403
435
402
435
403
436
439
436
403
406
439
403
437
407
404
407
437
440
408
439
406
439
408
443
444
410
407
440
444
407
409
412
408
412
409
413
412
443
408
443
412
448
411
414
410
414
411
415
444
411
410
411
444
445
451
415
411
445
451
411
413
448
412
448
413
449
456
449
413
420
456
413
452
416
415
451
452
415
452
417
416
417
452
453
454
418
417
453
454
417
454
419
418
419
454
455
456
420
419
455
456
419
459
458
421
422
459
421
462
424
421
458
462
421
425
423
422
423
425
426
423
459
422
459
423
460
464
460
423
426
464
423
462
425
424
425
462
463
431
426
425
430
431
425
468
430
425
463
468
425
427
464
426
464
427
465
466
465
427
428
466
427
429
466
428
466
429
467
470
467
429
432
470
429
468
431
430
431
468
469
471
433
431
469
471
431
434
470
432
470
434
473
476
437
433
471
476
433
435
473
434
473
435
474
475
474
435
436
475
435
439
475
436
475
439
480
441
440
437
438
441
437
477
438
437
476
477
437
477
441
438
441
477
481
485
480
439
443
485
439
441
444
440
444
441
445
446
445
441
442
446
441
482
442
441
481
482
441
482
446
442
446
482
486
489
485
443
448
489
443
452
451
445
446
452
445
447
452
446
452
447
453
486
447
446
447
486
487
492
453
447
487
492
447
449
489
448
489
449
490
457
450
449
456
457
449
491
490
449
450
491
449
457
491
450
491
457
496
493
454
453
492
493
453
493
455
454
455
493
494
495
456
455
494
495
455
495
457
456
457
495
496
459
462
458
462
459
463
498
497
459
460
498
459
500
463
459
497
500
459
464
461
460
461
464
465
461
498
460
498
461
499
502
499
461
465
502
461
505
468
463
500
505
463
503
502
465
466
503
465
467
503
466
503
467
504
509
504
467
470
509
467
505
469
468
469
505
506
510
471
469
506
510
469
473
509
470
509
473
513
477
476
471
472
477
471
511
472
471
510
511
471
511
477
472
477
511
515
514
513
473
474
514
473
475
479
474
479
475
480
479
514
474
514
479
518
482
481
477
478
482
477
516
478
477
515
516
477
516
482
478
482
516
519
485
484
479
480
485
479
521
518
479
484
521
479
483
486
482
486
483
487
519
483
482
483
519
520
488
487
483
484
488
483
521
484
483
520
521
483
485
488
484
488
485
489
493
492
487
488
493
487
489
522
488
522
489
523
522
493
488
493
522
526
524
523
489
490
524
489
491
524
490
524
491
525
529
525
491
496
529
491
527
494
493
526
527
493
527
495
494
495
527
528
529
496
495
528
529
495
501
500
497
498
501
497
499
501
498
501
499
502
501
505
500
505
501
506
507
506
501
502
507
501
503
507
502
507
503
508
509
508
503
504
509
503
507
510
506
510
507
511
512
511
507
508
512
507
509
512
508
512
509
513
516
515
511
512
516
511
513
516
512
516
513
517
518
517
513
514
518
513
517
519
516
519
517
520
531
530
517
518
531
517
532
520
517
530
532
517
521
531
518
531
521
533
532
521
520
521
532
533
523
526
522
526
523
527
528
527
523
524
528
523
525
528
524
528
525
529
531
532
530
532
531
533
