-5.63
6.61
20.70
-5.83
6.68
20.68
-5.25
6.59
20.12
-5.53
6.52
20.28
-5.89
6.62
20.26
-5.21
6.57
19.72
-5.53
6.49
19.63
-5.96
6.60
19.66
-5.67
6.52
19.21
-5.96
6.58
19.22
-5.27
7.42
21.38
-5.51
7.33
21.42
-5.76
7.35
21.36
-5.17
7.21
20.98
-5.51
6.91
20.98
-5.90
7.08
20.94
-5.07
6.95
20.29
-5.35
6.71
20.57
-6.18
7.05
20.32
-4.66
6.99
19.00
-4.95
6.87
19.39
-5.31
6.63
19.28
-6.41
7.05
19.53
-6.80
7.31
19.07
-4.66
6.98
18.71
-4.98
6.87
18.81
-5.53
6.74
18.85
-6.20
6.90
18.85
-6.80
7.26
18.60
-4.69
7.03
18.48
-4.98
7.05
18.41
-5.54
7.12
18.25
-6.25
7.17
18.14
-6.82
7.33
18.09
-5.18
7.90
21.48
-5.50
7.89
21.62
-5.84
7.85
21.48
-4.93
7.82
21.00
-6.13
7.76
21.06
-4.75
7.70
20.23
-6.45
7.72
20.45
-4.58
7.21
18.95
-4.67
7.54
19.21
-4.73
7.80
18.80
-6.78
7.73
19.76
-7.13
7.80
19.11
-4.59
7.17
18.65
-4.73
7.43
18.61
-4.91
7.78
18.36
-7.29
7.71
18.43
-4.66
7.15
18.43
-4.91
7.31
18.27
-5.45
7.71
17.74
-6.43
7.57
17.50
-7.35
7.72
17.60
-8.11
8.01
17.21
-5.95
8.11
16.69
-6.67
7.85
16.63
-7.53
7.86
16.59
-8.47
8.06
16.48
-9.37
8.27
16.10
-10.05
8.37
15.77
-10.41
8.42
15.58
-6.25
8.34
15.92
-6.84
8.08
15.85
-7.61
8.01
15.75
-8.50
8.05
15.60
-9.35
8.11
15.45
-10.03
8.21
15.32
-10.47
8.43
15.26
-6.46
8.49
15.44
-6.92
8.38
15.27
-7.64
8.29
15.08
-8.55
8.28
14.82
-9.39
8.19
14.83
-10.05
8.26
14.80
-10.48
8.47
14.80
-8.96
8.45
14.39
-9.50
8.44
14.37
-10.07
8.47
14.40
-10.43
8.56
14.47
-5.09
8.67
21.58
-5.49
8.65
21.74
-5.89
8.60
21.58
-4.75
8.63
21.07
-6.27
8.57
21.15
-4.24
9.10
19.89
-4.48
8.63
20.24
-6.64
8.52
20.57
-4.23
9.07
19.29
-4.48
8.39
19.23
-4.66
8.13
18.79
-7.05
8.52
19.91
-7.59
8.60
19.19
-8.22
9.05
18.84
-8.62
9.32
18.62
-4.26
9.16
18.62
-4.51
8.67
18.51
-4.77
8.26
18.30
-7.79
8.23
18.45
-8.34
8.68
18.27
-8.81
9.17
18.18
-4.34
9.27
18.11
-4.59
8.95
17.88
-5.03
8.54
17.52
-7.88
8.08
17.87
-8.46
8.39
17.56
-9.06
8.98
17.51
-5.49
8.74
16.63
-8.82
8.36
16.91
-9.47
8.78
16.70
-10.21
8.87
16.04
-10.49
8.67
15.67
-5.91
8.87
15.86
-10.54
9.11
15.72
-10.66
8.91
15.34
-6.34
8.93
15.28
-6.90
8.88
14.89
-7.56
8.75
14.62
-8.24
8.71
14.40
-10.68
8.94
14.78
-8.80
8.85
14.14
-9.46
8.90
14.07
-10.08
8.93
14.15
-10.51
8.95
14.37
-5.01
9.60
21.70
-5.48
9.58
21.85
-5.93
9.46
21.65
-4.61
9.53
21.20
-6.36
9.48
21.23
-4.15
9.65
20.06
-4.34
9.47
20.60
-6.78
9.37
20.66
-4.08
9.70
19.35
-7.19
9.33
20.12
-7.69
9.49
19.63
-8.26
9.71
19.19
-8.74
9.85
18.76
-4.12
9.74
18.60
-9.10
9.82
18.22
-4.28
9.76
17.86
-4.59
9.41
17.45
-4.91
9.15
17.15
-9.43
9.72
17.56
-4.39
10.03
17.37
-4.67
9.87
17.04
-5.17
9.56
16.56
-9.80
9.63
16.87
-10.26
9.64
16.26
-5.71
9.62
15.77
-10.59
9.69
15.76
-10.76
9.65
15.26
-6.26
9.65
15.13
-6.95
9.63
14.56
-7.56
9.30
14.30
-8.08
9.14
14.16
-10.75
9.63
14.73
-7.31
9.90
14.19
-7.78
9.79
14.02
-8.50
9.50
13.93
-9.34
9.57
13.87
-10.04
9.58
14.00
-10.53
9.59
14.29
-5.04
11.21
22.27
-5.25
11.22
22.32
-4.94
10.71
21.89
-5.53
10.71
22.02
-5.97
10.23
21.72
-4.24
10.64
20.79
-4.47
10.49
21.20
-5.99
10.97
21.78
-6.45
10.57
21.33
-6.94
11.01
20.96
-4.13
10.37
20.28
-4.27
10.10
20.74
-6.94
10.17
20.70
-7.30
10.79
20.53
-4.05
10.38
19.43
-7.27
9.96
20.26
-7.70
10.38
19.99
-8.34
10.53
19.47
-8.89
10.62
18.93
-4.08
10.40
18.62
-9.35
10.64
18.30
-4.19
10.41
17.90
-9.69
10.55
17.61
-4.37
10.47
17.35
-4.70
10.53
16.92
-5.16
10.49
16.36
-10.00
10.46
16.96
-10.34
10.45
16.37
-5.67
10.50
15.70
-10.62
10.46
15.82
-10.76
10.47
15.28
-6.23
10.51
15.07
-6.93
10.54
14.48
-7.46
10.85
14.15
-10.71
10.43
14.72
-7.32
10.31
14.13
-7.87
10.50
13.85
-8.53
10.27
13.69
-9.22
10.39
13.71
-9.99
10.32
13.96
-10.49
10.31
14.27
-8.21
10.71
13.57
-8.55
10.67
13.51
-8.91
10.68
13.51
-4.98
11.79
22.32
-5.25
11.80
22.40
-4.76
11.62
21.90
-5.59
11.68
22.19
-4.25
11.07
20.76
-4.46
11.48
21.14
-6.03
11.69
21.87
-6.52
11.61
21.44
-7.06
11.69
21.00
-4.18
11.07
20.23
-4.37
11.73
20.34
-7.65
11.60
20.47
-8.18
11.88
20.13
-4.15
11.08
19.44
-4.37
11.77
19.48
-7.94
11.14
20.06
-8.45
11.45
19.72
-9.07
11.55
19.12
-4.18
11.06
18.62
-4.44
11.73
18.60
-9.66
11.64
18.37
-10.05
12.09
18.07
-4.28
11.00
17.90
-4.55
11.56
17.80
-9.98
11.43
17.60
-10.15
11.93
17.70
-4.41
10.93
17.40
-4.74
11.27
17.10
-5.23
11.36
16.44
-10.17
11.21
17.00
-10.43
11.23
16.49
-5.72
11.36
15.75
-10.64
11.23
15.94
-10.72
11.33
15.41
-6.24
11.36
15.16
-6.90
11.40
14.67
-7.70
11.47
14.26
-8.53
11.72
14.18
-9.30
11.71
14.22
-10.02
11.60
14.43
-10.54
11.30
14.77
-8.09
11.05
13.81
-8.61
11.22
13.78
-9.23
11.07
13.81
-9.97
10.99
14.08
-10.41
10.88
14.32
-8.27
10.93
13.57
-8.58
10.95
13.53
-8.92
10.92
13.55
-4.98
12.60
22.36
-5.25
12.61
22.45
-4.78
12.54
21.95
-5.60
12.57
22.26
-4.64
12.51
21.26
-6.04
12.56
21.91
-6.57
12.55
21.51
-7.15
12.56
21.08
-4.63
12.56
20.41
-7.77
12.55
20.63
-8.42
12.60
20.17
-8.92
12.89
19.86
-4.68
12.51
19.51
-8.71
12.18
19.77
-9.22
12.50
19.40
-4.84
12.49
18.56
-5.20
12.90
18.17
-9.82
12.54
18.73
-10.33
12.71
18.12
-10.77
13.16
17.82
-4.89
12.17
17.73
-5.30
12.67
17.50
-10.23
11.81
17.34
-10.42
12.28
17.43
-10.82
12.98
17.28
-4.99
11.92
17.14
-5.45
12.25
16.69
-10.30
11.68
17.00
-10.53
11.96
16.70
-10.78
12.71
16.56
-5.90
12.15
15.87
-10.66
11.83
16.12
-10.70
12.24
15.78
-6.33
12.10
15.32
-6.91
12.17
14.96
-7.67
12.26
14.71
-8.50
12.36
14.61
-9.32
12.37
14.64
-10.02
12.29
14.81
-10.49
12.17
15.14
-5.02
13.50
22.40
-5.26
13.51
22.47
-4.87
13.46
22.01
-5.59
13.49
22.27
-4.84
13.43
21.35
-6.03
13.46
21.91
-6.59
13.47
21.54
-7.23
13.46
21.17
-4.95
13.47
20.45
-5.25
13.90
20.04
-7.86
13.44
20.79
-8.50
13.49
20.40
-9.11
13.57
19.98
-5.00
13.20
19.56
-5.34
13.74
19.38
-9.57
13.37
19.49
-5.10
13.08
18.86
-5.51
13.53
18.47
-5.97
14.01
18.14
-10.03
13.32
18.98
-10.52
13.50
18.52
-11.04
13.85
18.02
-11.40
14.23
17.88
-5.74
13.30
17.50
-6.23
13.92
17.46
-11.17
13.79
17.32
-11.46
14.23
17.58
-6.00
13.04
16.65
-6.66
13.75
16.60
-7.31
13.98
16.23
-10.49
13.92
16.16
-10.88
13.62
16.51
-6.25
12.79
15.92
-6.83
13.26
15.85
-7.64
13.60
15.72
-8.53
13.61
15.51
-9.36
13.60
15.51
-10.13
13.53
15.70
-10.60
13.05
15.81
-6.45
12.59
15.46
-6.92
12.77
15.31
-7.66
12.94
15.16
-8.51
13.00
15.05
-9.33
13.00
15.07
-10.03
12.92
15.20
-10.44
12.74
15.34
-5.10
14.42
22.45
-5.30
14.45
22.49
-5.02
14.35
22.11
-5.57
14.40
22.25
-5.05
14.22
21.52
-5.97
14.33
21.85
-6.60
14.41
21.52
-7.33
14.35
21.27
-5.19
14.23
20.85
-5.53
14.47
20.25
-5.93
14.93
20.03
-7.96
14.26
20.95
-8.62
14.34
20.62
-9.41
14.50
20.15
-10.03
14.94
19.88
-5.67
14.30
19.46
-6.06
14.84
19.37
-9.90
14.11
19.56
-10.40
14.70
19.41
-10.85
14.98
19.07
-5.79
14.14
18.81
-6.22
14.60
18.51
-10.18
13.86
19.16
-10.58
14.17
18.91
-11.11
14.64
18.50
-11.49
14.71
17.99
-6.61
14.58
17.66
-11.36
14.37
17.20
-11.59
14.77
17.50
-7.04
14.49
16.96
-7.73
14.54
16.48
-8.60
14.73
16.32
-9.46
14.76
16.27
-10.32
14.59
16.34
-11.10
14.62
16.79
-11.52
15.01
17.13
-7.97
14.12
16.00
-8.61
14.17
15.90
-9.36
14.17
15.88
-9.97
14.11
15.95
-5.25
15.33
22.52
-5.41
15.39
22.52
-5.27
15.21
22.25
-5.53
15.30
22.24
-6.89
16.02
21.82
-7.51
16.02
21.79
-8.17
16.14
21.71
-8.62
16.27
21.59
-5.32
14.80
21.65
-5.79
14.98
21.62
-6.57
15.45
21.40
-7.56
15.26
21.40
-8.32
15.62
21.35
-8.89
16.00
21.24
-5.36
14.67
21.13
-5.70
14.91
20.87
-6.24
15.46
20.46
-8.04
14.88
21.11
-8.60
15.09
20.94
-9.36
15.54
20.63
-10.18
15.62
20.00
-10.63
15.88
19.67
-6.46
15.53
19.49
-10.54
15.31
19.57
-10.91
15.62
19.22
-6.69
15.39
18.60
-11.37
15.56
18.47
-11.61
15.28
18.03
-7.05
15.30
17.78
-7.52
15.59
17.49
-11.65
15.90
18.00
-11.76
15.64
17.61
-7.27
15.05
17.22
-7.82
15.30
17.01
-8.64
15.42
16.75
-9.52
15.52
16.65
-10.40
15.51
16.66
-11.15
15.56
16.85
-11.65
15.69
17.15
-5.46
16.16
22.63
-5.73
16.37
22.58
-6.24
16.75
22.50
-5.48
16.14
22.50
-5.86
16.38
22.35
-6.59
16.57
22.15
-7.40
16.64
22.08
-8.12
16.68
21.91
-8.67
16.69
21.65
-6.13
16.71
21.96
-6.47
16.48
21.51
-9.11
16.59
21.24
-6.62
16.39
20.53
-9.60
16.45
20.68
-10.18
16.43
20.11
-10.63
16.40
19.69
-6.93
16.38
19.55
-7.41
16.80
19.20
-10.94
16.35
19.18
-7.12
16.08
18.67
-7.69
16.63
18.54
-8.28
16.89
18.27
-11.28
16.38
18.53
-7.29
15.85
18.05
-7.80
16.12
17.78
-8.57
16.60
17.71
-9.26
16.72
17.47
-11.63
16.52
17.92
-11.98
16.58
17.42
-12.26
16.95
17.20
-8.07
15.85
17.28
-8.70
16.07
17.16
-9.59
16.33
17.06
-10.52
16.34
16.92
-11.29
16.40
16.93
-11.89
16.57
17.09
-12.24
16.95
17.08
-5.60
16.65
22.67
-5.94
16.97
22.60
-6.47
17.18
22.56
-6.91
17.39
22.49
-5.60
16.64
22.58
-5.92
16.97
22.40
-6.79
17.03
22.39
-7.32
17.22
22.26
-8.08
17.20
21.96
-8.65
17.18
21.65
-6.21
17.12
21.96
-6.59
17.13
21.42
-9.09
17.18
21.19
-6.96
17.15
20.60
-7.42
17.45
20.25
-9.56
17.17
20.57
-10.12
17.16
19.94
-10.56
16.87
19.64
-7.16
16.98
19.89
-7.69
17.30
19.56
-8.30
17.56
19.27
-10.30
17.46
19.29
-10.74
16.96
19.18
-7.98
17.14
18.90
-8.65
17.37
18.65
-9.53
17.56
18.49
-10.30
17.53
18.60
-10.97
17.04
18.52
-8.95
17.07
18.01
-9.67
17.14
17.76
-10.66
17.30
17.71
-11.40
17.12
17.76
-11.99
17.13
17.36
-12.29
17.23
17.16
-10.00
16.88
17.29
-10.76
17.03
17.18
-11.43
17.03
17.02
-11.97
17.10
17.02
-12.28
17.23
17.05
-6.22
17.38
22.52
-6.57
17.51
22.47
-6.93
17.58
22.41
-6.27
17.43
22.30
-6.73
17.61
22.15
-7.32
17.62
22.04
-8.09
17.59
21.75
-8.57
17.52
21.57
-6.40
17.46
21.97
-6.85
17.57
21.59
-7.52
17.75
21.39
-8.25
17.77
21.22
-8.83
17.61
21.12
-7.14
17.55
20.93
-7.69
17.72
20.60
-8.46
17.84
20.46
-9.24
17.73
20.34
-9.79
17.69
19.91
-7.98
17.68
19.93
-8.61
17.85
19.65
-9.41
18.04
19.54
-9.88
17.97
19.41
-8.92
17.80
19.09
-9.51
18.01
19.04
-9.91
18.02
19.03
-11.14
17.43
17.37
-11.57
17.40
17.33
-12.03
17.41
17.19
-12.29
17.42
17.11
-11.17
17.35
17.18
-11.58
17.37
17.11
-12.03
17.39
17.06
-12.29
17.42
17.05
-9.68
18.30
19.29
-9.84
18.28
19.26
-9.70
18.29
19.13
-9.85
18.29
19.12
