-22.14
-12.50
26.49
-22.61
-12.55
26.55
-23.14
-12.54
26.52
-23.50
-12.46
26.44
-22.07
-12.69
26.05
-22.63
-12.82
26.05
-23.18
-12.78
26.04
-23.61
-12.56
26.02
-22.02
-12.81
25.35
-22.62
-12.95
25.34
-23.21
-12.90
25.33
-23.69
-12.61
25.32
-22.01
-12.85
24.52
-22.63
-12.99
24.52
-23.23
-12.92
24.49
-23.73
-12.62
24.48
-22.05
-12.82
23.71
-22.64
-12.94
23.68
-23.24
-12.88
23.61
-23.74
-12.59
23.59
-22.12
-12.76
23.07
-22.62
-12.83
22.92
-23.23
-12.77
22.71
-23.74
-12.54
22.76
-23.45
-12.62
22.16
-23.75
-12.47
22.19
-21.17
-11.79
26.57
-21.78
-12.06
26.67
-22.50
-12.06
26.84
-23.12
-12.06
26.78
-23.58
-12.07
26.54
-20.98
-11.97
26.08
-21.54
-12.36
26.08
-23.84
-12.08
26.05
-20.85
-12.10
25.34
-21.43
-12.51
25.35
-23.99
-12.09
25.32
-20.82
-12.15
24.47
-21.42
-12.56
24.49
-24.07
-12.09
24.46
-20.87
-12.14
23.55
-21.50
-12.54
23.59
-24.10
-12.07
23.54
-21.00
-12.09
22.65
-21.74
-12.47
22.63
-22.46
-12.63
22.31
-23.00
-12.66
22.20
-24.08
-12.05
22.61
-21.08
-11.99
21.92
-21.66
-12.17
21.60
-22.49
-12.38
21.56
-23.25
-12.42
21.67
-23.92
-12.07
21.72
-21.89
-11.98
20.77
-22.57
-12.12
20.80
-23.27
-12.11
20.83
-23.89
-11.87
20.81
-22.04
-11.79
20.23
-22.62
-11.84
20.18
-23.30
-11.82
20.18
-23.83
-11.72
20.24
-20.25
-10.85
26.67
-20.83
-11.21
26.78
-21.64
-11.32
27.04
-22.42
-11.34
27.09
-23.13
-11.37
26.91
-23.62
-11.46
26.60
-19.96
-10.95
26.16
-20.48
-11.47
26.13
-23.92
-11.40
26.08
-19.32
-10.68
25.07
-19.70
-11.02
25.37
-20.29
-11.60
25.35
-24.13
-11.37
25.33
-19.28
-10.72
24.46
-19.68
-11.17
24.45
-20.23
-11.68
24.46
-24.25
-11.35
24.44
-19.27
-10.73
23.81
-19.64
-11.12
23.48
-20.26
-11.68
23.51
-24.32
-11.33
23.49
-19.81
-11.17
22.49
-20.40
-11.66
22.54
-24.38
-11.30
22.49
-19.95
-11.11
21.54
-20.64
-11.63
21.56
-21.19
-11.86
21.23
-24.45
-11.27
21.41
-24.73
-10.99
20.88
-20.05
-10.96
20.67
-20.68
-11.38
20.65
-21.33
-11.69
20.60
-24.37
-11.40
20.59
-24.78
-10.97
20.36
-20.17
-10.75
19.94
-20.81
-11.11
19.92
-21.66
-11.42
19.89
-22.55
-11.44
19.68
-23.38
-11.41
19.68
-24.18
-11.30
19.86
-24.88
-10.92
19.68
-25.21
-10.85
19.41
-20.34
-10.57
19.49
-20.86
-10.71
19.38
-21.64
-10.84
19.27
-22.53
-10.88
19.18
-23.41
-10.90
19.19
-24.22
-10.86
19.30
-24.87
-10.80
19.33
-25.20
-10.82
19.28
-20.06
-10.27
26.95
-20.75
-10.46
27.26
-21.55
-10.52
27.40
-22.38
-10.47
27.31
-23.18
-10.49
26.92
-23.61
-10.86
26.61
-19.22
-9.97
26.01
-19.58
-10.31
26.33
-23.58
-10.18
26.51
-23.86
-10.58
26.14
-19.12
-10.17
25.34
-19.42
-10.54
25.71
-24.12
-10.51
25.34
-18.99
-10.17
24.44
-24.29
-10.47
24.44
-19.02
-10.25
23.47
-19.30
-10.71
23.12
-24.41
-10.45
23.47
-18.99
-10.11
22.48
-19.35
-10.67
22.40
-24.52
-10.43
22.46
-19.03
-10.02
21.56
-19.43
-10.59
21.53
-24.67
-10.40
21.40
-24.81
-10.64
20.88
-19.11
-9.94
20.73
-19.53
-10.45
20.67
-24.80
-10.13
20.75
-24.90
-10.47
20.35
-19.23
-9.84
20.12
-19.66
-10.19
19.89
-25.02
-10.53
19.63
-25.25
-10.72
19.39
-20.11
-10.09
19.34
-20.77
-10.12
19.05
-21.60
-10.16
18.88
-22.52
-10.18
18.79
-23.41
-10.25
18.84
-24.22
-10.28
19.03
-24.87
-10.48
19.25
-25.21
-10.70
19.26
-20.32
-8.62
28.78
-20.74
-8.76
28.86
-21.26
-8.78
28.87
-21.66
-8.65
28.80
-20.13
-8.88
28.27
-20.70
-9.18
28.35
-21.33
-9.19
28.38
-21.88
-8.92
28.34
-19.28
-9.02
26.92
-19.80
-9.35
27.40
-20.66
-9.71
27.74
-21.46
-9.74
27.83
-22.28
-9.44
27.66
-23.03
-9.52
27.02
-19.08
-9.32
26.27
-19.45
-9.69
26.70
-23.55
-9.46
26.35
-23.85
-9.87
25.98
-18.84
-9.37
25.38
-23.78
-9.15
25.78
-24.02
-9.58
25.35
-18.70
-9.40
24.45
-24.23
-9.51
24.43
-18.66
-9.43
23.48
-24.39
-9.49
23.46
-18.65
-9.41
22.50
-24.52
-9.48
22.47
-18.69
-9.37
21.56
-24.63
-9.47
21.47
-18.80
-9.33
20.68
-24.71
-9.48
20.51
-24.86
-9.98
20.15
-19.06
-9.30
19.89
-19.47
-9.64
19.59
-24.58
-9.33
19.66
-24.84
-9.96
19.64
-19.27
-9.03
19.39
-19.81
-9.34
19.16
-20.64
-9.34
18.82
-21.53
-9.34
18.60
-22.53
-9.27
18.46
-23.41
-9.48
18.59
-24.19
-9.41
18.95
-24.70
-9.97
19.23
-22.94
-8.83
18.27
-23.41
-8.88
18.34
-23.84
-8.88
18.52
-20.37
-7.74
29.48
-20.75
-7.81
29.59
-21.21
-7.84
29.57
-21.56
-7.83
29.45
-20.20
-8.08
29.06
-20.72
-8.29
29.25
-21.25
-8.31
29.25
-21.73
-8.14
29.04
-19.80
-8.21
28.41
-22.13
-8.27
28.38
-19.07
-8.34
27.00
-19.44
-8.36
27.68
-22.53
-8.48
27.64
-23.00
-8.65
27.01
-18.79
-8.43
26.26
-23.37
-8.58
26.35
-18.56
-8.50
25.40
-23.69
-8.42
25.59
-23.96
-8.83
25.14
-18.40
-8.55
24.46
-23.86
-8.09
24.98
-24.10
-8.48
24.44
-18.33
-8.63
23.48
-24.32
-8.49
23.44
-18.32
-8.68
22.50
-24.46
-8.49
22.46
-18.35
-8.68
21.55
-24.55
-8.48
21.49
-18.45
-8.64
20.66
-24.56
-8.47
20.54
-18.68
-8.55
19.87
-24.44
-8.43
19.67
-19.06
-8.39
19.27
-19.72
-8.45
18.90
-20.55
-8.47
18.63
-21.40
-8.45
18.43
-22.22
-8.39
18.28
-24.17
-8.41
18.95
-22.83
-8.24
18.17
-23.37
-8.23
18.23
-23.82
-8.28
18.47
-20.25
-7.20
29.55
-20.71
-7.21
29.73
-21.21
-7.26
29.68
-21.61
-7.39
29.49
-19.90
-7.32
29.12
-21.89
-7.46
29.05
-19.55
-7.41
28.51
-22.22
-7.46
28.34
-18.86
-7.48
27.08
-19.21
-7.47
27.81
-22.62
-7.52
27.43
-22.95
-7.99
26.96
-18.54
-7.52
26.29
-22.91
-7.17
26.64
-23.17
-7.79
26.41
-18.28
-7.63
25.42
-23.11
-6.98
26.08
-23.41
-7.42
25.68
-17.70
-7.17
24.12
-18.04
-7.65
24.47
-23.75
-7.36
24.91
-24.04
-7.46
24.20
-17.22
-6.79
23.06
-17.55
-7.19
23.37
-17.97
-7.87
23.46
-24.27
-7.49
23.35
-17.17
-6.84
22.36
-17.54
-7.37
22.43
-17.95
-7.99
22.48
-24.41
-7.49
22.43
-17.15
-6.86
21.50
-17.55
-7.42
21.52
-17.97
-8.02
21.54
-24.48
-7.49
21.49
-17.19
-6.84
20.64
-17.61
-7.39
20.64
-18.06
-7.98
20.64
-24.47
-7.49
20.55
-17.30
-6.76
19.90
-17.73
-7.26
19.87
-18.25
-7.82
19.84
-24.35
-7.47
19.67
-17.45
-6.66
19.41
-17.89
-6.96
19.27
-18.66
-7.47
19.11
-19.58
-7.55
18.71
-20.46
-7.58
18.47
-21.30
-7.58
18.31
-22.07
-7.54
18.18
-24.10
-7.48
18.93
-22.72
-7.45
18.11
-23.32
-7.43
18.19
-23.78
-7.52
18.45
-20.10
-6.43
29.59
-20.63
-6.43
29.75
-21.22
-6.49
29.61
-21.60
-6.90
29.47
-19.69
-6.50
29.16
-21.59
-6.20
29.21
-21.83
-6.78
29.08
-19.35
-6.57
28.57
-21.83
-6.04
28.75
-22.09
-6.52
28.39
-18.65
-6.60
27.19
-19.02
-6.61
27.90
-22.42
-6.47
27.50
-17.82
-6.09
25.99
-18.22
-6.56
26.35
-22.73
-6.36
26.66
-17.17
-5.88
24.92
-17.55
-6.20
25.32
-17.98
-6.86
25.49
-23.02
-6.33
25.96
-23.32
-6.51
25.42
-17.08
-6.08
24.29
-17.50
-6.65
24.48
-17.85
-7.05
24.82
-23.64
-6.46
24.79
-23.97
-6.48
24.08
-16.99
-6.29
23.41
-17.34
-6.72
23.76
-24.22
-6.49
23.28
-16.84
-6.26
22.44
-24.38
-6.50
22.41
-16.80
-6.25
21.51
-24.44
-6.50
21.49
-16.84
-6.23
20.62
-24.41
-6.50
20.56
-17.00
-6.18
19.82
-24.27
-6.49
19.67
-17.31
-6.16
19.21
-17.88
-6.35
18.87
-18.65
-6.58
18.65
-19.53
-6.68
18.44
-20.42
-6.73
18.29
-21.24
-6.75
18.19
-21.96
-6.72
18.11
-23.66
-6.13
18.47
-23.98
-6.49
18.85
-22.58
-6.56
18.08
-23.30
-6.49
18.22
-23.73
-6.84
18.44
-19.89
-5.53
29.62
-20.46
-5.55
29.73
-20.98
-5.61
29.58
-19.45
-5.67
29.19
-21.35
-5.46
29.17
-19.13
-5.79
28.61
-21.72
-5.39
28.54
-22.02
-5.80
28.15
-18.46
-5.79
27.42
-18.84
-5.86
28.01
-21.90
-5.09
27.98
-22.21
-5.46
27.49
-17.66
-5.55
26.27
-18.08
-5.76
26.77
-22.57
-5.44
26.58
-16.92
-5.35
25.11
-17.30
-5.52
25.67
-22.94
-5.44
25.74
-23.24
-5.82
25.29
-16.71
-5.44
24.32
-23.17
-5.10
25.20
-23.49
-5.47
24.77
-23.90
-5.49
24.01
-16.58
-5.54
23.42
-24.18
-5.51
23.24
-16.49
-5.57
22.47
-24.35
-5.51
22.39
-16.47
-5.57
21.51
-24.41
-5.51
21.49
-16.53
-5.54
20.59
-24.37
-5.51
20.58
-16.71
-5.46
19.72
-24.23
-5.50
19.72
-17.11
-5.32
18.91
-17.84
-5.63
18.53
-18.64
-5.80
18.32
-19.52
-5.88
18.19
-20.41
-5.93
18.11
-21.23
-6.00
18.06
-21.84
-6.09
18.04
-23.59
-5.39
18.49
-23.97
-5.48
18.99
-17.32
-4.87
18.42
-17.87
-4.97
18.21
-18.64
-5.05
18.05
-19.53
-5.10
17.96
-20.44
-5.16
17.92
-21.34
-5.27
17.92
-22.24
-5.57
18.00
-23.06
-5.49
18.17
-18.89
-4.03
29.70
-19.52
-4.48
29.70
-20.30
-4.60
29.69
-20.79
-4.95
29.55
-17.98
-3.86
29.00
-18.52
-4.20
29.23
-19.09
-4.87
29.22
-20.60
-4.23
29.44
-21.03
-4.63
29.18
-17.79
-4.11
28.39
-18.34
-4.62
28.50
-18.82
-5.13
28.62
-21.43
-4.55
28.54
-16.98
-4.08
27.15
-17.50
-4.39
27.55
-18.19
-5.05
27.72
-18.65
-5.32
28.12
-21.73
-4.41
27.88
-22.07
-4.50
27.23
-16.81
-4.31
26.46
-17.40
-4.88
26.65
-17.91
-5.21
27.04
-22.42
-4.49
26.48
-15.98
-4.01
25.10
-16.53
-4.55
25.48
-17.07
-4.98
25.94
-22.77
-4.46
25.75
-15.86
-4.11
24.35
-16.31
-4.74
24.41
-23.11
-4.38
25.14
-23.49
-4.47
24.58
-23.86
-4.52
23.93
-15.77
-4.16
23.44
-16.19
-4.83
23.45
-24.15
-4.53
23.20
-15.76
-4.20
22.47
-16.14
-4.87
22.48
-24.31
-4.54
22.38
-15.79
-4.21
21.52
-16.14
-4.87
21.52
-24.37
-4.54
21.49
-15.85
-4.18
20.60
-16.20
-4.83
20.59
-24.33
-4.54
20.60
-15.96
-4.10
19.78
-16.34
-4.70
19.71
-24.19
-4.54
19.76
-16.11
-3.99
19.20
-16.57
-4.38
18.90
-23.54
-4.49
18.53
-23.93
-4.54
19.06
-17.11
-4.25
18.32
-17.79
-4.24
18.01
-18.62
-4.26
17.85
-19.52
-4.28
17.77
-20.46
-4.32
17.76
-21.37
-4.38
17.80
-22.23
-4.48
17.92
-22.98
-4.49
18.15
-18.25
-2.68
30.41
-18.59
-2.81
30.43
-18.99
-2.84
30.39
-18.07
-2.91
30.03
-18.64
-3.37
30.01
-19.42
-3.34
30.00
-20.06
-3.81
29.72
-17.08
-2.85
28.92
-17.67
-3.21
29.30
-18.27
-3.62
29.56
-19.89
-3.07
29.70
-20.43
-3.46
29.31
-20.89
-3.96
29.02
-16.27
-2.74
27.85
-16.74
-3.01
28.25
-17.32
-3.56
28.46
-20.83
-3.16
28.62
-21.16
-3.79
28.50
-16.11
-2.94
27.27
-16.65
-3.53
27.42
-17.15
-3.84
27.82
-21.10
-3.00
28.09
-21.48
-3.48
27.77
-21.91
-3.61
27.07
-15.86
-3.12
26.47
-16.35
-3.72
26.55
-22.25
-3.56
26.40
-15.04
-2.89
25.01
-15.58
-3.33
25.45
-16.14
-3.88
25.84
-22.63
-3.51
25.71
-14.96
-3.01
24.39
-15.41
-3.49
24.42
-23.03
-3.49
25.07
-23.45
-3.53
24.47
-23.82
-3.59
23.86
-14.92
-3.07
23.76
-15.27
-3.48
23.44
-24.09
-3.61
23.17
-15.34
-3.59
22.45
-24.25
-3.61
22.37
-15.39
-3.60
21.50
-24.30
-3.61
21.50
-15.46
-3.57
20.58
-24.25
-3.61
20.61
-15.60
-3.52
19.73
-24.11
-3.62
19.79
-15.86
-3.47
19.04
-16.33
-3.57
18.58
-23.50
-3.55
18.61
-23.88
-3.65
19.12
-16.89
-3.45
18.14
-17.68
-3.40
17.86
-18.57
-3.40
17.71
-19.51
-3.40
17.65
-20.46
-3.42
17.65
-21.38
-3.45
17.72
-22.21
-3.49
17.88
-22.93
-3.51
18.17
-18.15
-2.23
30.50
-18.54
-2.27
30.60
-18.94
-2.30
30.48
-17.80
-2.27
30.15
-19.36
-2.40
30.11
-16.90
-2.24
29.12
-17.38
-2.34
29.63
-19.81
-2.38
29.64
-20.24
-2.52
29.15
-16.04
-2.19
27.95
-16.47
-2.24
28.53
-20.60
-2.39
28.53
-15.71
-2.28
27.30
-20.99
-2.37
27.87
-21.45
-2.56
27.28
-21.81
-2.93
26.91
-15.43
-2.44
26.57
-21.67
-2.21
26.73
-22.03
-2.62
26.37
-14.12
-1.87
24.81
-14.63
-2.27
25.16
-15.12
-2.51
25.82
-22.46
-2.55
25.65
-14.03
-2.01
24.20
-14.52
-2.51
24.30
-22.93
-2.54
24.97
-23.39
-2.60
24.33
-23.76
-2.75
23.78
-13.97
-2.11
23.37
-14.55
-2.69
23.40
-14.91
-3.09
23.08
-24.00
-2.76
23.14
-13.93
-2.12
22.45
-14.46
-2.62
22.44
-14.92
-3.08
22.37
-24.14
-2.75
22.36
-13.91
-2.10
21.50
-14.45
-2.58
21.49
-14.95
-3.06
21.47
-24.18
-2.75
21.50
-13.93
-2.07
20.55
-14.48
-2.53
20.55
-15.01
-3.02
20.55
-24.13
-2.75
20.62
-13.98
-1.99
19.67
-14.57
-2.44
19.66
-15.15
-2.94
19.66
-23.74
-2.25
19.38
-23.98
-2.71
19.77
-14.08
-1.84
18.94
-14.69
-2.24
18.89
-15.45
-2.75
18.80
-16.08
-2.95
18.41
-23.49
-2.56
18.81
-23.82
-2.96
19.19
-14.19
-1.62
18.47
-14.75
-1.81
18.35
-15.55
-2.11
18.21
-16.50
-2.50
18.01
-17.55
-2.47
17.75
-18.53
-2.46
17.62
-19.50
-2.47
17.58
-20.46
-2.47
17.60
-21.37
-2.49
17.69
-22.19
-2.51
17.88
-22.90
-2.53
18.24
-18.07
-1.63
30.54
-18.47
-1.66
30.63
-18.86
-1.66
30.49
-17.67
-1.53
30.22
-19.24
-1.55
30.08
-16.77
-1.45
29.29
-17.24
-1.56
29.78
-19.72
-1.50
29.44
-20.10
-1.84
29.03
-15.77
-1.41
28.07
-16.26
-1.42
28.70
-19.96
-1.16
28.89
-20.33
-1.51
28.45
-14.92
-1.07
27.07
-15.33
-1.48
27.35
-20.83
-1.50
27.59
-21.26
-1.84
27.13
-14.69
-1.24
26.54
-15.08
-1.79
26.64
-21.06
-1.16
26.99
-21.50
-1.47
26.54
-21.93
-1.87
26.16
-13.35
-0.85
24.76
-13.79
-1.27
25.03
-14.40
-1.50
25.77
-14.86
-1.94
26.08
-21.81
-1.16
25.95
-22.23
-1.55
25.57
-13.18
-0.91
24.18
-13.59
-1.46
24.22
-22.78
-1.57
24.82
-23.32
-1.63
24.03
-23.68
-2.11
23.68
-13.05
-0.97
23.38
-13.48
-1.56
23.37
-23.59
-1.34
23.22
-23.85
-2.02
23.13
-12.96
-1.01
22.46
-13.42
-1.59
22.46
-23.73
-1.23
22.38
-23.97
-1.97
22.37
-12.91
-1.04
21.51
-13.39
-1.60
21.50
-23.78
-1.22
21.49
-24.01
-1.96
21.51
-12.88
-1.05
20.56
-13.39
-1.58
20.56
-23.75
-1.30
20.58
-23.98
-2.00
20.67
-12.89
-1.00
19.67
-13.43
-1.52
19.67
-23.64
-1.54
19.67
-23.90
-2.06
20.01
-13.01
-0.92
18.93
-13.56
-1.38
18.91
-23.30
-1.56
18.87
-13.19
-0.76
18.45
-13.83
-1.08
18.31
-14.66
-1.17
18.03
-15.55
-1.30
17.87
-16.51
-1.45
17.75
-17.51
-1.48
17.63
-18.50
-1.49
17.57
-19.49
-1.49
17.55
-20.45
-1.50
17.59
-21.35
-1.52
17.70
-22.16
-1.55
17.92
-22.81
-1.57
18.29
-18.04
-1.10
30.49
-18.40
-1.07
30.53
-18.75
-1.12
30.44
-17.10
-0.20
29.86
-17.65
-0.62
30.17
-18.32
-0.48
30.26
-18.93
-0.68
30.05
-16.72
-0.54
29.49
-17.19
-0.91
29.85
-19.43
-0.58
29.40
-14.96
-0.10
27.83
-15.47
-0.48
28.19
-16.09
-0.53
28.86
-19.80
-0.49
28.73
-20.17
-0.67
28.18
-14.74
-0.47
27.30
-15.18
-0.81
27.63
-20.52
-0.65
27.50
-14.37
-0.61
26.64
-20.86
-0.53
26.85
-21.28
-0.61
26.31
-13.17
-0.30
25.00
-13.60
-0.57
25.51
-14.05
-0.73
26.04
-21.66
-0.49
25.75
-22.12
-0.65
25.27
-12.88
-0.28
24.27
-22.58
-0.63
24.65
-23.03
-0.64
23.97
-12.68
-0.31
23.42
-23.31
-0.55
23.21
-12.53
-0.34
22.48
-23.46
-0.48
22.38
-12.45
-0.44
21.51
-23.51
-0.47
21.48
-12.40
-0.48
20.57
-23.49
-0.52
20.56
-12.00
-0.01
19.33
-12.34
-0.40
19.65
-23.36
-0.61
19.67
-12.09
0.06
18.83
-12.54
-0.38
18.87
-23.09
-0.65
18.90
-12.26
0.21
18.42
-12.85
-0.14
18.29
-13.69
-0.27
17.99
-14.59
-0.35
17.79
-15.53
-0.41
17.68
-16.51
-0.47
17.61
-17.50
-0.49
17.56
-18.50
-0.50
17.54
-19.48
-0.51
17.56
-20.44
-0.52
17.63
-21.34
-0.56
17.78
-22.12
-0.62
18.01
-22.70
-0.71
18.35
-16.97
0.52
29.81
-17.58
0.43
30.01
-18.23
0.38
30.00
-18.78
0.24
29.78
-16.46
0.37
29.46
-19.21
0.30
29.22
-14.16
1.11
27.68
-14.68
0.67
27.94
-15.38
0.49
28.51
-15.95
0.33
29.00
-19.62
0.40
28.39
-20.01
-0.05
28.00
-13.32
1.23
26.80
-13.76
0.96
27.16
-14.29
0.28
27.29
-19.88
0.76
27.51
-20.25
0.09
27.40
-13.15
0.99
26.26
-13.58
0.49
26.52
-14.01
-0.02
26.67
-20.14
0.97
26.75
-20.60
0.29
26.61
-21.09
0.04
26.12
-12.95
0.57
25.40
-13.48
0.06
25.92
-13.84
-0.23
26.21
-20.31
1.17
26.22
-20.72
0.84
25.95
-21.39
0.41
25.45
-21.95
0.02
25.08
-12.58
0.49
24.42
-21.79
0.70
24.76
-22.29
0.25
24.48
-22.78
0.14
23.86
-12.33
0.43
23.50
-23.04
0.17
23.18
-11.30
1.32
21.76
-11.60
1.02
22.08
-12.06
0.45
22.51
-23.17
0.22
22.37
-11.23
1.22
21.20
-11.59
0.72
21.33
-12.01
0.18
21.49
-23.21
0.23
21.48
-11.20
1.13
20.44
-11.59
0.55
20.50
-11.98
0.04
20.62
-23.19
0.21
20.56
-11.25
1.08
19.64
-11.68
0.41
19.63
-11.98
-0.01
19.94
-23.08
0.17
19.69
-11.36
1.11
18.94
-11.73
0.57
18.88
-22.45
0.52
18.62
-22.82
0.16
18.91
-11.54
1.16
18.50
-11.99
0.82
18.33
-12.75
0.68
18.02
-13.61
0.61
17.79
-14.55
0.56
17.65
-15.51
0.53
17.58
-16.50
0.51
17.55
-17.50
0.50
17.53
-18.49
0.49
17.55
-19.47
0.48
17.61
-20.42
0.44
17.72
-21.32
0.38
17.94
-22.12
0.25
18.22
-22.60
-0.07
18.43
-16.30
1.83
29.59
-16.73
1.42
29.72
-17.47
1.34
29.83
-18.18
1.24
29.72
-18.66
0.88
29.61
-15.95
1.71
29.32
-16.24
1.14
29.43
-18.51
1.60
29.28
-18.91
1.08
29.17
-14.10
1.74
27.85
-14.71
1.58
28.28
-15.45
1.44
28.83
-15.87
0.98
29.11
-18.70
1.85
28.81
-19.14
1.44
28.41
-13.18
1.81
26.87
-13.61
1.75
27.37
-19.51
1.54
27.49
-12.85
1.74
26.22
-19.81
1.65
26.69
-12.15
2.10
24.90
-12.49
1.65
25.34
-20.14
1.71
26.00
-20.61
1.50
25.51
-21.13
1.29
25.02
-11.97
1.98
24.32
-12.26
1.30
24.44
-21.61
1.36
24.29
-22.24
0.90
23.95
-22.63
0.63
23.69
-11.76
1.85
23.56
-12.04
1.15
23.62
-21.76
1.74
23.35
-22.31
1.22
23.24
-22.74
0.75
23.15
-11.14
1.83
21.94
-11.51
1.66
22.68
-11.87
1.07
22.94
-21.89
1.90
22.43
-22.39
1.37
22.40
-22.82
0.83
22.37
-10.96
1.82
21.23
-21.94
1.96
21.49
-22.42
1.42
21.48
-22.86
0.86
21.48
-10.90
1.79
20.44
-21.94
1.94
20.55
-22.42
1.40
20.56
-22.84
0.84
20.57
-10.97
1.78
19.64
-21.87
1.86
19.66
-22.36
1.30
19.68
-22.77
0.79
19.74
-11.17
1.76
18.92
-21.68
1.66
18.88
-22.25
1.05
18.89
-22.66
0.70
19.13
-11.46
1.66
18.44
-11.95
1.60
18.14
-12.70
1.57
17.88
-13.58
1.54
17.70
-14.53
1.52
17.59
-15.51
1.51
17.54
-16.50
1.50
17.53
-17.49
1.49
17.55
-18.48
1.47
17.60
-19.44
1.44
17.70
-20.36
1.38
17.88
-21.26
1.32
18.24
-21.92
0.90
18.39
-16.29
2.28
29.58
-16.75
2.17
29.68
-17.37
2.15
29.64
-17.91
1.88
29.59
-15.91
2.35
29.29
-17.65
2.56
29.26
-18.13
2.15
29.24
-14.07
2.55
27.93
-14.71
2.49
28.38
-15.41
2.42
28.84
-17.84
2.86
28.82
-18.38
2.45
28.64
-18.87
2.24
28.07
-13.09
2.58
26.93
-13.53
2.58
27.45
-19.18
2.27
27.35
-12.72
2.59
26.32
-19.47
2.39
26.53
-12.06
2.74
24.99
-12.38
2.61
25.61
-19.86
2.51
25.59
-20.46
2.12
25.08
-20.89
1.84
24.79
-11.80
2.73
24.32
-20.02
2.89
24.83
-20.50
2.61
24.41
-21.05
2.07
24.23
-11.54
2.67
23.59
-20.71
2.77
23.74
-21.16
2.41
23.37
-10.91
2.64
22.04
-11.24
2.62
22.80
-21.37
2.47
22.42
-10.70
2.57
21.27
-21.46
2.51
21.48
-10.66
2.56
20.47
-21.47
2.50
20.55
-10.79
2.61
19.65
-21.39
2.44
19.67
-11.14
2.58
18.84
-11.49
2.86
18.43
-21.22
2.31
18.91
-11.43
2.21
18.42
-11.86
2.46
18.15
-12.66
2.50
17.88
-13.57
2.50
17.69
-14.53
2.50
17.59
-15.50
2.49
17.56
-16.49
2.48
17.56
-17.48
2.46
17.60
-18.45
2.43
17.70
-19.38
2.39
17.86
-20.22
2.24
18.06
-20.87
2.17
18.37
-16.32
2.66
29.52
-16.67
2.67
29.55
-17.07
2.64
29.51
-16.10
2.89
29.24
-16.61
3.07
29.23
-17.19
2.97
29.16
-14.10
3.42
27.90
-14.79
3.39
28.32
-15.67
3.34
28.75
-16.54
3.61
28.76
-17.45
3.49
28.46
-18.24
3.03
28.10
-18.67
2.73
27.83
-13.08
3.39
26.94
-13.53
3.44
27.42
-17.84
3.91
27.52
-18.37
3.37
27.39
-18.83
2.88
27.27
-12.72
3.46
26.37
-18.09
4.13
26.74
-18.53
3.63
26.63
-19.02
3.09
26.48
-12.02
3.57
25.04
-12.36
3.52
25.71
-18.26
4.26
26.18
-18.64
3.95
25.90
-19.24
3.44
25.50
-11.72
3.58
24.34
-19.71
3.52
24.46
-20.22
3.14
24.10
-11.41
3.57
23.62
-19.90
3.79
23.53
-20.43
3.25
23.38
-20.85
2.91
23.05
-10.34
4.11
21.72
-10.65
3.64
22.06
-11.06
3.57
22.87
-20.00
3.95
22.82
-20.40
3.59
22.43
-20.92
3.02
22.35
-10.23
4.05
21.24
-10.46
3.39
21.29
-20.52
3.61
21.46
-20.99
3.06
21.46
-10.21
4.05
20.64
-10.43
3.38
20.54
-20.52
3.61
20.55
-20.99
3.06
20.54
-10.30
4.11
20.15
-10.60
3.61
19.76
-19.93
3.94
19.31
-20.37
3.61
19.64
-20.91
3.01
19.67
-11.06
3.52
18.99
-11.62
3.57
18.45
-12.12
3.89
18.21
-19.75
3.75
18.77
-20.30
3.31
18.87
-20.80
2.86
18.94
-12.00
3.18
18.14
-12.62
3.51
17.97
-13.58
3.49
17.75
-14.53
3.48
17.64
-15.50
3.46
17.62
-16.48
3.44
17.65
-17.45
3.39
17.72
-18.39
3.35
17.87
-19.35
3.33
18.19
-20.16
2.92
18.35
-20.65
2.68
18.49
-16.67
4.70
28.49
-16.85
4.70
28.41
-14.16
4.25
27.77
-14.82
4.24
28.13
-15.61
4.28
28.39
-16.45
4.43
28.45
-17.01
4.46
28.21
-13.13
4.06
26.90
-13.57
4.38
27.24
-17.40
4.63
27.44
-12.86
4.37
26.42
-13.22
4.75
26.76
-17.75
4.73
26.64
-12.05
4.47
25.04
-12.44
4.44
25.73
-18.09
4.74
25.90
-18.53
4.50
25.32
-18.97
4.09
25.05
-11.71
4.48
24.35
-18.71
4.68
24.67
-19.14
4.31
24.33
-11.38
4.49
23.65
-19.42
4.39
23.42
-10.29
4.71
21.80
-10.62
4.56
22.31
-11.01
4.51
22.96
-19.66
4.41
22.46
-20.07
4.05
22.11
-10.12
4.74
21.25
-19.63
4.56
21.48
-20.10
4.10
21.41
-10.12
4.75
20.66
-19.61
4.55
20.56
-20.09
4.10
20.60
-10.29
4.72
20.09
-10.65
4.53
19.57
-19.59
4.38
19.64
-20.04
4.05
19.94
-11.07
4.37
19.04
-11.58
4.43
18.63
-12.17
4.58
18.33
-19.30
4.29
18.88
-12.84
4.50
18.04
-13.66
4.46
17.83
-14.56
4.44
17.74
-15.50
4.40
17.75
-16.46
4.35
17.84
-17.40
4.24
17.93
-18.24
4.14
18.08
-18.92
4.12
18.35
-16.63
4.88
28.40
-16.79
4.87
28.36
-14.29
4.86
27.66
-14.84
4.94
27.88
-15.58
4.99
28.06
-16.36
4.99
28.17
-16.80
4.95
28.06
-14.00
5.30
27.20
-14.76
5.55
27.50
-15.52
5.63
27.64
-16.26
5.58
27.61
-16.94
5.36
27.32
-12.91
5.08
26.24
-13.34
5.44
26.54
-17.41
5.44
26.44
-12.15
5.34
24.99
-12.62
5.38
25.68
-13.04
5.73
26.03
-17.81
5.45
25.48
-18.26
5.06
25.05
-11.79
5.35
24.32
-17.94
5.75
24.55
-18.44
5.19
24.35
-18.86
4.84
24.02
-11.45
5.37
23.63
-18.00
5.93
23.83
-18.40
5.56
23.43
-18.95
4.98
23.34
-10.30
5.46
21.83
-10.64
5.42
22.36
-11.06
5.40
22.96
-18.52
5.59
22.45
-19.07
5.04
22.44
-10.11
5.50
21.26
-18.50
5.61
21.52
-19.08
5.09
21.50
-10.12
5.53
20.67
-17.80
5.92
20.22
-18.33
5.61
20.55
-19.02
5.07
20.55
-10.35
5.51
20.08
-10.84
5.44
19.49
-11.42
5.77
19.11
-11.90
5.94
18.87
-16.96
6.07
19.25
-17.56
5.83
19.54
-18.29
5.39
19.63
-18.95
4.93
19.66
-11.12
5.00
19.09
-11.57
5.18
18.82
-12.22
5.49
18.54
-16.78
5.76
18.73
-17.50
5.43
18.82
-18.21
5.11
18.89
-18.81
4.76
18.93
-12.96
5.40
18.17
-13.72
5.37
17.98
-14.56
5.35
17.93
-15.46
5.28
17.98
-16.43
5.26
18.19
-17.39
4.94
18.28
-18.15
4.73
18.38
-18.66
4.58
18.49
-14.16
6.09
26.87
-14.79
6.18
27.11
-15.49
6.23
27.21
-16.17
6.18
27.14
-16.71
6.09
26.87
-13.67
6.17
26.37
-17.06
6.14
26.23
-12.28
6.08
24.83
-12.72
6.15
25.34
-13.24
6.28
25.80
-17.31
6.22
25.41
-11.96
6.11
24.24
-17.46
6.37
24.49
-11.64
6.17
23.56
-17.62
6.42
23.51
-18.03
6.05
23.12
-10.37
6.17
21.79
-10.74
6.20
22.26
-11.24
6.23
22.84
-17.05
7.06
22.14
-17.46
6.65
22.49
-18.02
6.10
22.42
-10.20
6.25
21.26
-16.98
6.98
21.44
-17.49
6.51
21.53
-18.01
6.07
21.59
-10.21
6.32
20.69
-16.82
6.83
20.57
-17.46
6.31
20.61
-17.95
6.01
20.91
-10.42
6.33
20.15
-10.87
6.36
19.70
-11.47
6.47
19.34
-12.09
6.51
19.01
-15.79
6.88
19.22
-16.50
6.60
19.60
-17.18
6.25
19.89
-12.58
6.29
18.62
-14.82
6.72
18.54
-15.46
6.61
18.72
-16.19
6.22
18.81
-13.12
6.16
18.31
-13.75
6.16
18.17
-14.54
6.24
18.21
-15.37
6.02
18.27
-16.00
5.86
18.37
-14.32
6.54
26.62
-14.81
6.66
26.70
-15.47
6.71
26.73
-16.11
6.65
26.70
-16.54
6.52
26.61
-14.06
6.70
26.15
-14.71
6.99
26.13
-15.44
7.06
26.13
-16.13
6.95
26.11
-16.67
6.65
26.12
-12.43
6.54
24.68
-12.87
6.71
24.94
-13.64
6.92
25.36
-14.56
7.32
25.35
-15.40
7.40
25.39
-16.16
7.24
25.34
-16.80
6.81
25.36
-12.27
6.68
24.18
-12.81
7.06
24.28
-13.57
7.40
24.42
-14.49
7.79
24.39
-15.39
7.80
24.57
-16.20
7.60
24.36
-16.91
6.99
24.47
-12.02
6.84
23.46
-12.66
7.32
23.50
-13.39
7.70
23.57
-14.06
8.03
23.61
-16.53
7.62
23.44
-17.06
7.05
23.58
-10.50
6.67
21.70
-10.89
6.85
21.99
-11.62
7.04
22.55
-12.48
7.57
22.68
-13.29
7.99
22.72
-13.85
8.16
23.04
-16.66
7.52
22.49
-17.08
7.09
22.85
-10.43
6.87
21.27
-10.90
7.32
21.40
-11.62
7.55
21.76
-12.38
7.84
21.94
-13.01
8.07
22.07
-16.51
7.51
21.54
-10.41
7.06
20.71
-10.69
7.40
20.90
-16.30
7.40
20.70
-10.53
7.01
20.23
-10.94
7.05
19.90
-11.60
7.13
19.62
-12.45
7.20
19.28
-13.17
7.49
19.25
-14.77
7.53
19.30
-15.38
7.36
19.46
-15.99
7.29
19.97
-12.95
6.89
18.76
-13.60
7.24
18.86
-14.46
7.21
18.84
-15.11
7.09
18.96
-13.24
6.64
18.44
-13.69
6.75
18.42
-14.22
6.78
18.43
-14.88
8.28
23.88
-15.41
8.25
24.03
-15.88
8.18
23.85
-14.51
8.37
23.38
-16.09
8.18
23.26
-13.74
8.36
22.29
-14.18
8.42
22.79
-15.66
8.50
22.14
-16.06
8.20
22.44
-11.14
7.66
21.06
-11.70
7.83
21.17
-12.48
8.05
21.31
-13.36
8.31
21.57
-15.52
8.43
21.54
-16.00
8.05
21.57
-10.59
7.43
20.51
-10.96
7.63
20.63
-11.69
7.84
20.59
-12.55
8.03
20.60
-13.57
8.28
20.68
-14.44
8.33
20.55
-15.21
8.28
20.79
-15.83
7.90
20.80
-10.62
7.39
20.27
-10.99
7.49
20.19
-11.67
7.61
20.05
-12.53
7.73
19.89
-13.49
7.86
19.72
-14.43
7.90
19.73
-15.20
7.86
20.02
-15.70
7.72
20.23
-13.77
7.64
19.22
-14.22
7.64
19.22
-15.08
8.54
23.60
-15.41
8.54
23.64
-15.71
8.48
23.61
-14.91
8.61
23.17
-15.37
8.65
23.15
-15.76
8.53
23.22
-14.13
8.60
22.10
-14.63
8.65
22.44
-15.32
8.67
22.44
-15.74
8.53
22.72
-14.02
8.60
21.60
-14.57
8.70
21.70
-15.10
8.67
21.70
-14.03
8.57
21.10
-14.50
8.62
21.11
-14.95
8.59
21.17
