0
1
2
3
2
1
0
13
1
14
1
13
0
2
13
15
13
2
1
14
16
1
16
3
2
3
5
6
5
3
2
5
15
18
15
5
3
16
19
3
19
6
4
5
7
8
7
5
4
17
5
18
5
17
4
7
17
20
17
7
5
6
9
5
9
8
6
19
9
22
9
19
7
8
11
7
11
10
7
10
23
7
23
20
8
9
11
12
11
9
9
22
25
9
25
12
10
11
23
24
23
11
11
12
25
11
25
24
13
15
16
13
16
14
15
31
32
15
32
16
15
18
35
15
35
31
16
32
19
36
19
32
17
34
35
17
35
18
17
20
38
17
38
34
19
36
40
19
40
22
20
23
21
24
21
23
20
21
38
39
38
21
21
24
41
21
41
39
22
40
25
42
25
40
24
25
41
42
41
25
26
27
28
29
28
27
26
43
27
44
27
43
26
28
43
46
43
28
27
44
47
27
47
29
28
29
31
32
31
29
28
31
46
50
46
31
29
47
51
29
51
32
30
31
34
35
34
31
30
49
31
50
31
49
30
34
49
53
49
34
32
51
36
54
36
51
33
34
38
33
38
37
33
52
53
33
53
34
33
37
55
33
55
52
36
54
40
58
40
54
37
38
56
37
56
55
38
39
56
57
56
39
39
41
42
39
42
40
39
40
58
39
58
57
43
62
63
43
63
44
43
46
66
43
66
62
44
63
47
67
47
63
45
46
50
45
50
49
45
65
66
45
66
46
45
49
69
45
69
65
47
67
70
47
70
51
48
49
52
53
52
49
48
68
49
69
49
68
48
52
68
71
68
52
51
70
72
51
72
54
52
55
71
73
71
55
54
72
58
76
58
72
55
56
74
55
74
73
56
57
74
75
74
57
57
58
76
57
76
75
59
60
62
59
62
61
59
79
80
59
80
60
59
61
81
59
81
79
60
80
62
82
62
80
61
62
66
61
66
65
61
65
85
61
85
81
62
82
63
83
63
82
63
83
87
63
87
67
64
65
68
69
68
65
64
84
65
85
65
84
64
68
84
89
84
68
67
87
91
67
91
70
68
71
89
93
89
71
70
91
72
95
72
91
71
73
97
71
97
93
72
95
76
100
76
95
73
74
98
73
98
97
74
75
98
99
98
75
75
76
100
75
100
99
77
78
80
77
80
79
77
101
102
77
102
78
77
79
103
77
103
101
78
102
80
104
80
102
79
81
106
79
106
103
80
104
82
107
82
104
81
85
109
81
109
106
82
86
83
87
83
86
82
107
86
110
86
107
84
108
85
109
85
108
84
89
108
112
108
89
86
90
87
91
87
90
86
110
90
113
90
110
88
89
92
93
92
89
88
111
89
112
89
111
88
92
111
115
111
92
90
94
91
95
91
94
90
113
94
116
94
113
92
93
96
97
96
93
92
96
115
118
115
96
94
99
95
100
95
99
94
116
99
121
99
116
96
97
118
119
118
97
97
98
120
97
120
119
98
99
120
121
120
99
101
122
123
101
123
102
101
103
124
101
124
122
102
123
104
125
104
123
103
106
127
103
127
124
104
125
107
128
107
125
105
106
109
105
109
108
105
126
127
105
127
106
105
108
130
105
130
126
107
128
131
107
131
110
108
112
130
133
130
112
110
131
113
134
113
131
111
132
133
111
133
112
111
115
136
111
136
132
113
134
137
113
137
116
114
115
117
118
117
115
114
135
115
136
115
135
114
117
135
138
135
117
116
137
121
142
121
137
117
118
139
117
139
138
118
119
139
140
139
119
119
120
141
119
141
140
120
121
141
142
141
121
122
143
123
144
123
143
122
124
143
145
143
124
123
144
146
123
146
125
124
127
145
148
145
127
125
146
149
125
149
128
126
147
127
148
127
147
126
130
147
151
147
130
128
149
131
152
131
149
129
130
133
129
133
132
129
150
151
129
151
130
129
132
154
129
154
150
131
152
155
131
155
134
132
136
154
157
154
136
134
155
137
158
137
155
135
156
157
135
157
136
135
138
159
135
159
156
137
158
163
137
163
142
138
139
159
160
159
139
139
140
161
139
161
160
140
141
161
162
161
141
141
142
163
141
163
162
143
164
165
143
165
144
143
145
167
143
167
164
144
165
146
168
146
165
145
148
170
145
170
167
146
168
149
171
149
168
147
169
170
147
170
148
147
151
173
147
173
169
149
171
174
149
174
152
150
172
151
173
151
172
150
154
172
176
172
154
152
174
155
177
155
174
153
154
157
153
157
156
153
175
176
153
176
154
153
156
178
153
178
175
155
177
179
155
179
158
156
159
178
180
178
159
158
179
163
184
163
179
159
160
181
159
181
180
160
161
181
182
181
161
161
162
183
161
183
182
162
163
183
184
183
163
164
189
165
190
165
189
164
167
189
192
189
167
165
190
193
165
193
168
166
167
169
170
169
167
166
191
167
192
167
191
166
169
191
195
191
169
168
193
171
196
171
193
169
173
199
169
199
195
171
196
200
171
200
174
172
198
173
199
173
198
172
176
198
202
198
176
174
200
177
203
177
200
175
201
202
175
202
176
175
178
205
175
205
201
177
203
206
177
206
179
178
180
205
210
205
180
179
206
213
179
213
184
180
181
185
186
185
181
180
185
210
217
210
185
181
182
187
181
187
186
182
183
211
212
211
183
182
211
187
219
187
211
183
184
213
183
213
212
185
186
218
185
218
217
186
187
218
219
218
187
188
189
191
192
191
189
188
220
189
221
189
220
188
191
220
223
220
191
189
221
222
189
222
190
190
222
193
224
193
222
191
195
226
191
226
223
193
224
227
193
227
196
194
195
198
199
198
195
194
225
195
226
195
225
194
198
225
229
225
198
196
227
200
230
200
227
197
198
202
197
202
201
197
228
229
197
229
198
197
201
231
197
231
228
200
230
203
232
203
230
201
205
234
201
234
231
203
232
235
203
235
206
204
205
209
210
209
205
204
233
205
234
205
233
204
209
233
238
233
209
206
235
213
241
213
235
207
208
215
207
215
214
207
236
237
207
237
208
207
214
242
207
242
236
208
209
215
216
215
209
208
237
209
238
209
237
209
210
217
209
217
216
211
212
240
211
240
239
211
239
247
211
247
219
212
213
240
241
240
213
214
215
242
243
242
215
215
216
244
215
244
243
216
217
244
245
244
217
217
218
246
217
246
245
218
219
246
247
246
219
220
248
221
249
221
248
220
223
248
251
248
223
221
249
250
221
250
222
222
250
224
253
224
250
223
226
255
223
255
251
224
253
227
256
227
253
225
254
255
225
255
226
225
229
258
225
258
254
227
256
259
227
259
230
228
257
229
258
229
257
228
231
257
261
257
231
230
259
232
262
232
259
231
234
264
231
264
261
232
262
235
265
235
262
233
263
264
233
264
234
233
238
267
233
267
263
235
265
270
235
270
241
236
242
237
243
237
242
237
266
267
237
267
238
237
243
271
237
271
266
239
240
269
239
269
268
239
268
275
239
275
247
240
241
269
270
269
241
243
244
272
243
272
271
244
245
272
273
272
245
245
246
274
245
274
273
246
247
274
275
274
247
248
280
249
281
249
280
248
251
280
282
280
251
249
252
253
249
253
250
249
281
283
249
283
252
251
255
286
251
286
282
252
283
253
284
253
283
253
284
287
253
287
256
254
285
255
286
255
285
254
258
285
289
285
258
256
287
259
290
259
287
257
288
289
257
289
258
257
261
292
257
292
288
259
290
293
259
293
262
260
261
263
264
263
261
260
291
261
292
261
291
260
263
291
295
291
263
262
293
265
296
265
293
263
267
298
263
298
295
265
296
301
265
301
270
266
297
267
298
267
297
266
271
297
302
297
271
268
269
299
300
299
269
268
299
275
304
275
299
269
270
301
269
301
300
271
272
277
271
277
276
271
276
305
271
305
302
272
273
277
278
277
273
273
274
279
273
279
278
274
275
303
304
303
275
274
303
279
308
279
303
276
277
305
306
305
277
277
278
307
277
307
306
278
279
307
308
307
279
280
310
281
311
281
310
280
282
310
313
310
282
281
311
314
281
314
283
282
286
313
317
313
286
283
314
315
283
315
284
284
315
287
318
287
315
285
316
317
285
317
286
285
289
321
285
321
316
287
318
322
287
322
290
288
320
289
321
289
320
288
292
320
324
320
292
290
322
293
325
293
322
291
323
324
291
324
292
291
295
327
291
327
323
293
325
328
293
328
296
294
295
297
298
297
295
294
326
295
327
295
326
294
297
326
329
326
297
296
328
301
332
301
328
297
302
334
297
334
329
299
300
331
299
331
330
299
330
336
299
336
304
300
301
331
332
331
301
302
305
334
338
334
305
303
304
336
303
336
335
303
335
341
303
341
308
305
306
339
305
339
338
306
307
339
340
339
307
307
308
341
307
341
340
309
310
313
309
313
312
309
346
347
309
347
310
309
312
349
309
349
346
310
347
311
348
311
347
311
348
350
311
350
314
312
313
316
317
316
313
312
316
349
353
349
316
314
350
315
351
315
350
315
351
354
315
354
318
316
321
353
357
353
321
318
354
322
358
322
354
319
320
324
319
324
323
319
355
356
319
356
320
319
323
360
319
360
355
320
356
321
357
321
356
322
358
325
361
325
358
323
327
363
323
363
360
325
361
364
325
364
328
326
362
327
363
327
362
326
329
362
366
362
329
328
364
332
369
332
364
329
334
371
329
371
366
330
331
367
368
367
331
330
367
336
372
336
367
331
332
369
331
369
368
333
334
338
333
338
337
333
370
371
333
371
334
333
337
374
333
374
370
335
336
342
335
342
341
336
372
342
378
342
372
337
338
375
337
375
374
338
339
343
344
343
339
338
343
375
381
375
343
339
340
345
339
345
344
340
341
376
377
376
341
340
376
345
383
345
376
341
342
378
341
378
377
343
344
382
343
382
381
344
345
382
383
382
345
346
388
347
389
347
388
346
349
388
391
388
349
347
389
390
347
390
348
348
390
350
392
350
390
349
353
395
349
395
391
350
392
351
393
351
392
351
393
396
351
396
354
352
353
356
357
356
353
352
394
353
395
353
394
352
356
394
398
394
356
354
396
358
399
358
396
355
397
398
355
398
356
355
360
401
355
401
397
358
399
361
402
361
399
359
360
363
359
363
362
359
400
401
359
401
360
359
362
403
359
403
400
361
402
404
361
404
364
362
366
403
406
403
366
364
404
369
409
369
404
365
366
371
365
371
370
365
405
406
365
406
366
365
370
410
365
410
405
367
368
408
367
408
407
367
407
411
367
411
372
368
369
408
409
408
369
370
374
410
414
410
374
372
411
378
416
378
411
373
374
380
373
380
379
373
413
414
373
414
374
373
379
417
373
417
413
374
375
380
381
380
375
376
377
383
384
383
377
377
378
416
377
416
415
377
415
421
377
421
384
379
380
418
379
418
417
380
381
418
419
418
381
381
382
386
381
386
385
381
385
422
381
422
419
382
383
386
387
386
383
383
384
421
383
421
420
383
420
424
383
424
387
385
386
423
385
423
422
386
387
423
424
423
387
388
425
389
426
389
425
388
391
425
428
425
391
389
426
427
389
427
390
390
427
392
430
392
427
391
395
433
391
433
428
392
430
393
431
393
430
393
431
435
393
435
396
394
432
395
433
395
432
394
398
432
437
432
398
396
435
399
438
399
435
397
436
437
397
437
398
397
401
440
397
440
436
399
438
441
399
441
402
400
439
401
440
401
439
400
403
439
442
439
403
402
441
404
443
404
441
403
406
445
403
445
442
404
443
409
447
409
443
405
444
445
405
445
406
405
410
448
405
448
444
407
408
412
407
412
411
408
409
446
447
446
409
408
446
412
450
412
446
410
414
448
452
448
414
411
412
450
411
450
449
411
449
454
411
454
416
413
451
452
413
452
414
413
417
455
413
455
451
415
416
454
415
454
453
415
453
459
415
459
421
417
418
456
417
456
455
418
419
456
457
456
419
419
422
462
419
462
457
420
421
458
459
458
421
420
458
424
464
424
458
422
423
462
463
462
423
423
424
464
423
464
463
425
465
466
425
466
426
425
428
467
425
467
465
426
429
427
430
427
429
426
466
429
468
429
466
428
433
467
471
467
433
429
468
469
429
469
430
430
434
431
435
431
434
430
469
434
472
434
469
432
470
433
471
433
470
432
437
470
475
470
437
434
472
435
473
435
472
435
473
477
435
477
438
436
474
437
475
437
474
436
440
474
479
474
440
438
477
441
480
441
477
439
478
479
439
479
440
439
442
481
439
481
478
441
480
482
441
482
443
442
445
481
484
481
445
443
482
486
443
486
447
444
483
445
484
445
483
444
448
483
488
483
448
446
447
485
486
485
447
446
485
450
490
450
485
448
452
488
492
488
452
449
450
490
449
490
489
449
489
494
449
494
454
451
491
492
451
492
452
451
455
495
451
495
491
453
454
494
453
494
493
453
493
497
453
497
459
455
456
461
455
461
460
455
460
500
455
500
495
456
457
461
462
461
457
458
459
496
497
496
459
458
496
464
504
464
496
460
461
500
501
500
461
461
462
502
461
502
501
462
463
502
503
502
463
463
464
504
463
504
503
465
467
468
465
468
466
467
511
512
467
512
468
467
471
515
467
515
511
468
512
469
513
469
512
469
513
517
469
517
472
470
514
471
515
471
514
470
475
514
519
514
475
472
476
473
477
473
476
472
517
476
520
476
517
474
518
475
519
475
518
474
479
518
523
518
479
476
520
477
521
477
520
477
521
524
477
524
480
478
522
479
523
479
522
478
481
522
526
522
481
480
524
482
527
482
524
481
484
530
481
530
526
482
527
486
532
486
527
483
529
530
483
530
484
483
488
534
483
534
529
485
486
532
485
532
531
485
531
536
485
536
490
487
488
492
487
492
491
487
533
534
487
534
488
487
491
537
487
537
533
489
490
536
489
536
535
489
535
538
489
538
494
491
495
540
491
540
537
493
494
498
493
498
497
494
538
498
543
498
538
495
500
545
495
545
540
496
497
541
542
541
497
496
541
504
546
504
541
497
498
543
497
543
542
499
500
506
499
506
505
499
544
545
499
545
500
499
505
548
499
548
544
500
501
506
507
506
501
501
502
508
501
508
507
502
503
508
509
508
503
503
504
510
503
510
509
504
546
510
553
510
546
505
506
549
505
549
548
506
507
549
550
549
507
507
508
551
507
551
550
508
509
551
552
551
509
509
510
553
509
553
552
511
560
561
511
561
512
511
515
563
511
563
560
512
516
513
517
513
516
512
561
516
564
516
561
514
562
515
563
515
562
514
519
562
567
562
519
516
564
517
565
517
564
517
565
568
517
568
520
518
566
519
567
519
566
518
523
566
571
566
523
520
568
521
569
521
568
521
569
572
521
572
524
522
570
523
571
523
570
522
526
570
574
570
526
524
572
527
575
527
572
525
526
530
525
530
529
525
573
574
525
574
526
525
529
577
525
577
573
527
575
579
527
579
532
528
529
533
534
533
529
528
576
529
577
529
576
528
533
576
580
576
533
531
532
579
531
579
578
531
578
581
531
581
536
533
537
583
533
583
580
535
536
539
535
539
538
536
581
539
585
539
581
537
540
586
537
586
583
538
539
584
585
584
539
538
584
543
589
543
584
540
545
586
591
586
545
541
542
588
541
588
587
541
587
592
541
592
546
542
543
588
589
588
543
544
590
545
591
545
590
544
548
590
594
590
548
546
592
553
596
553
592
547
548
555
547
555
554
547
593
594
547
594
548
547
554
597
547
597
593
548
549
555
556
555
549
549
550
557
549
557
556
550
551
557
558
557
551
551
552
559
551
559
558
552
553
595
596
595
553
552
595
559
602
559
595
554
555
597
598
597
555
555
556
599
555
599
598
556
557
599
600
599
557
557
558
601
557
601
600
558
559
601
602
601
559
560
563
561
564
561
563
562
608
563
609
563
608
562
567
608
613
608
567
563
609
610
563
610
564
564
610
565
611
565
610
565
611
614
565
614
568
566
612
567
613
567
612
566
571
612
617
612
571
568
614
569
615
569
614
569
615
619
569
619
572
570
616
571
617
571
616
570
574
616
621
616
574
572
619
575
622
575
619
573
620
621
573
621
574
573
577
624
573
624
620
575
622
625
575
625
579
576
623
577
624
577
623
576
580
623
626
623
580
578
579
581
582
581
579
579
625
628
579
628
582
580
583
626
630
626
583
581
582
628
581
628
627
581
627
632
581
632
585
583
586
634
583
634
630
584
585
631
632
631
585
584
631
589
637
589
631
586
591
634
639
634
591
587
588
636
587
636
635
587
635
640
587
640
592
588
589
636
637
636
589
590
638
591
639
591
638
590
594
638
643
638
594
592
640
596
645
596
640
593
642
643
593
643
594
593
597
646
593
646
642
595
596
645
595
645
644
595
644
648
595
648
602
597
598
604
597
604
603
597
603
649
597
649
646
598
599
604
605
604
599
599
600
606
599
606
605
600
601
606
607
606
601
601
602
648
601
648
647
601
647
653
601
653
607
603
604
650
603
650
649
604
605
650
651
650
605
605
606
652
605
652
651
606
607
652
653
652
607
608
657
609
658
609
657
608
613
657
661
657
613
609
658
659
609
659
610
610
659
611
660
611
659
611
660
662
611
662
614
612
617
613
618
613
617
613
618
666
613
666
661
614
662
615
663
615
662
615
663
667
615
667
619
616
664
617
665
617
664
616
621
664
669
664
621
617
665
666
617
666
618
619
667
670
619
670
622
620
668
621
669
621
668
620
624
668
672
668
624
622
670
625
673
625
670
623
671
672
623
672
624
623
626
674
623
674
671
625
673
676
625
676
628
626
630
674
678
674
630
627
628
676
627
676
675
627
675
680
627
680
632
629
630
634
629
634
633
629
677
678
629
678
630
629
633
681
629
681
677
631
632
680
631
680
679
631
679
683
631
683
637
633
634
639
633
639
638
633
638
685
633
685
681
635
636
641
635
641
640
636
637
682
683
682
637
636
682
641
687
641
682
638
643
685
690
685
643
640
641
686
687
686
641
640
686
645
692
645
686
642
689
643
690
643
689
642
646
689
694
689
646
644
645
691
692
691
645
644
691
648
697
648
691
646
649
694
699
694
649
647
648
697
647
697
696
647
696
702
647
702
653
649
650
700
649
700
699
650
651
654
655
654
651
650
654
700
704
700
654
651
652
656
651
656
655
652
653
701
702
701
653
652
701
656
706
656
701
654
655
704
705
704
655
655
656
706
655
706
705
657
710
711
657
711
658
657
661
714
657
714
710
658
711
659
712
659
711
659
712
713
659
713
660
660
713
662
716
662
713
661
666
720
661
720
714
662
716
663
717
663
716
663
717
722
663
722
667
664
718
665
719
665
718
664
669
718
724
718
669
665
719
720
665
720
666
667
722
726
667
726
670
668
723
669
724
669
723
668
672
723
728
723
672
670
726
673
729
673
726
671
727
728
671
728
672
671
674
731
671
731
727
673
729
733
673
733
676
674
678
731
735
731
678
675
676
733
675
733
732
675
732
736
675
736
680
677
734
735
677
735
678
677
681
737
677
737
734
679
680
684
679
684
683
680
736
684
739
684
736
681
685
741
681
741
737
682
683
687
688
687
683
683
684
739
683
739
738
683
738
743
683
743
688
685
690
746
685
746
741
686
687
692
693
692
687
687
688
743
687
743
742
687
742
748
687
748
693
689
694
695
689
695
690
690
695
746
750
746
695
691
692
698
691
698
697
692
693
747
748
747
693
692
747
698
753
698
747
694
749
695
750
695
749
694
699
749
755
749
699
696
697
751
752
751
697
696
751
702
757
702
751
697
698
753
697
753
752
699
700
704
699
704
703
699
703
758
699
758
755
701
702
757
701
757
756
701
756
760
701
760
706
703
704
708
703
708
707
703
707
763
703
763
758
704
705
708
709
708
705
705
706
760
705
760
759
705
759
765
705
765
709
707
708
764
707
764
763
708
709
764
765
764
709
710
787
711
788
711
787
710
714
787
790
787
714
711
788
789
711
789
712
712
715
713
716
713
715
712
789
715
791
715
789
714
720
790
795
790
720
715
791
792
715
792
716
716
721
717
722
717
721
716
792
721
796
721
792
718
793
719
794
719
793
718
724
793
798
793
724
719
794
795
719
795
720
721
725
726
721
726
722
721
796
799
721
799
725
723
797
798
723
798
724
723
728
802
723
802
797
725
799
800
725
800
726
726
800
729
803
729
800
727
801
802
727
802
728
727
731
805
727
805
801
729
803
807
729
807
733
730
731
734
735
734
731
730
804
731
805
731
804
730
734
804
808
804
734
732
733
806
807
806
733
732
806
736
809
736
806
734
737
808
812
808
737
736
809
739
813
739
809
737
741
816
737
816
812
738
739
743
744
743
739
739
813
819
739
819
744
740
741
745
746
745
741
740
815
741
816
741
815
740
745
815
820
815
745
742
743
817
818
817
743
742
817
748
821
748
817
743
744
819
743
819
818
745
746
750
745
750
749
745
749
823
745
823
820
747
748
754
747
754
753
748
821
754
827
754
821
749
755
828
749
828
823
751
752
825
751
825
824
751
824
829
751
829
757
752
753
825
826
825
753
753
754
827
753
827
826
755
758
832
755
832
828
756
757
760
761
760
757
757
829
834
757
834
761
758
763
832
836
832
763
759
760
766
759
766
765
760
761
833
834
833
761
760
833
766
838
766
833
762
763
767
768
767
763
762
835
763
836
763
835
762
767
835
839
835
767
763
764
769
763
769
768
764
765
769
770
769
765
765
766
838
765
838
837
765
837
840
765
840
770
767
768
772
767
772
771
767
771
841
767
841
839
768
769
772
773
772
769
769
770
774
769
774
773
770
840
774
843
774
840
771
772
777
771
777
776
771
776
845
771
845
841
772
773
777
778
777
773
773
774
843
773
843
842
773
842
846
773
846
778
775
776
780
775
780
779
775
844
845
775
845
776
775
779
848
775
848
844
776
777
780
781
780
777
777
778
782
777
782
781
778
846
782
851
782
846
779
780
784
779
784
783
779
783
852
779
852
848
780
781
849
850
849
781
780
849
784
853
784
849
781
782
851
781
851
850
783
784
786
783
786
785
783
785
855
783
855
852
784
853
786
856
786
853
785
786
856
785
856
855
787
858
859
787
859
788
787
790
861
787
861
858
788
859
789
860
789
859
789
860
862
789
862
791
790
795
861
866
861
795
791
862
863
791
863
792
792
863
796
867
796
863
793
864
865
793
865
794
793
798
869
793
869
864
794
865
795
866
795
865
796
867
799
871
799
867
797
868
869
797
869
798
797
802
874
797
874
868
799
871
872
799
872
800
800
872
803
875
803
872
801
873
874
801
874
802
801
805
877
801
877
873
803
875
878
803
878
807
804
876
805
877
805
876
804
808
876
879
876
808
806
807
809
810
809
807
807
878
880
807
880
810
808
812
879
882
879
812
809
810
814
809
814
813
810
880
814
884
814
880
811
812
816
811
816
815
811
881
882
811
882
812
811
815
885
811
885
881
813
814
884
813
884
883
813
883
887
813
887
819
815
820
888
815
888
885
817
818
822
817
822
821
818
819
886
887
886
819
818
886
822
890
822
886
820
823
888
891
888
823
821
822
890
821
890
889
821
889
893
821
893
827
823
828
894
823
894
891
824
825
829
830
829
825
825
826
831
825
831
830
826
827
892
893
892
827
826
892
831
897
831
892
828
832
894
898
894
832
829
830
896
829
896
895
829
895
900
829
900
834
830
831
896
897
896
831
832
836
898
902
898
836
833
834
900
833
900
899
833
899
904
833
904
838
835
901
902
835
902
836
835
839
905
835
905
901
837
838
904
837
904
903
837
903
906
837
906
840
839
841
907
839
907
905
840
906
843
908
843
906
841
845
910
841
910
907
842
843
846
847
846
843
843
908
912
843
912
847
844
909
845
910
845
909
844
848
909
913
909
848
846
847
911
912
911
847
846
911
851
916
851
911
848
852
913
918
913
852
849
850
854
849
854
853
850
851
915
916
915
851
850
915
854
920
854
915
852
855
918
922
918
855
853
854
857
853
857
856
854
920
857
924
857
920
855
856
923
855
923
922
856
857
923
924
923
857
858
926
859
927
859
926
858
861
926
929
926
861
859
927
928
859
928
860
860
928
862
931
862
928
861
866
934
861
934
929
862
931
863
932
863
931
863
932
935
863
935
867
864
869
865
870
865
869
865
933
934
865
934
866
865
870
938
865
938
933
867
935
939
867
939
871
868
936
869
937
869
936
868
874
936
942
936
874
869
937
938
869
938
870
871
939
940
871
940
872
872
940
875
943
875
940
873
941
942
873
942
874
873
877
945
873
945
941
875
943
946
875
946
878
876
944
877
945
877
944
876
879
944
947
944
879
878
946
880
948
880
946
879
882
950
879
950
947
880
948
884
952
884
948
881
949
950
881
950
882
881
885
953
881
953
949
883
884
952
883
952
951
883
951
955
883
955
887
885
888
958
885
958
953
886
887
954
955
954
887
886
954
890
960
890
954
888
891
958
963
958
891
889
890
960
889
960
959
889
959
965
889
965
893
891
894
967
891
967
963
892
893
964
965
964
893
892
964
897
970
897
964
894
898
967
973
967
898
895
896
969
895
969
968
895
968
975
895
975
900
896
897
969
970
969
897
898
902
973
979
973
902
899
900
975
899
975
974
899
974
981
899
981
904
901
978
979
901
979
902
901
905
982
901
982
978
903
904
981
903
981
980
903
980
983
903
983
906
905
907
985
905
985
982
906
983
908
986
908
983
907
910
988
907
988
985
908
986
912
989
912
986
909
913
914
909
914
910
910
914
988
990
988
914
911
912
917
911
917
916
912
989
917
992
917
989
913
918
919
913
919
914
914
919
990
993
990
919
915
916
921
915
921
920
916
917
991
992
991
917
916
991
921
994
921
991
918
922
919
923
919
922
919
923
995
919
995
993
920
921
924
925
924
921
921
994
997
921
997
925
923
924
996
923
996
995
924
925
996
997
996
925
926
929
927
930
927
929
927
930
931
927
931
928
929
998
999
929
999
930
929
934
1003
929
1003
998
930
999
931
1000
931
999
931
1000
1001
931
1001
932
932
1001
935
1006
935
1001
933
1002
1003
933
1003
934
933
938
1009
933
1009
1002
935
1006
1010
935
1010
939
936
1007
937
1008
937
1007
936
942
1007
1013
1007
942
937
1008
1009
937
1009
938
939
1010
1011
939
1011
940
940
1011
943
1016
943
1011
941
1012
1013
941
1013
942
941
945
1018
941
1018
1012
943
1016
1019
943
1019
946
944
1017
945
1018
945
1017
944
947
1017
1020
1017
947
946
1019
948
1022
948
1019
947
950
1024
947
1024
1020
948
1022
952
1025
952
1022
949
1023
1024
949
1024
950
949
953
1026
949
1026
1023
951
952
956
951
956
955
952
1025
956
1028
956
1025
953
958
1030
953
1030
1026
954
955
960
961
960
955
955
956
1028
955
1028
1027
955
1027
1033
955
1033
961
957
958
963
957
963
962
957
1029
1030
957
1030
958
957
962
1034
957
1034
1029
959
960
1032
959
1032
1031
959
1031
1035
959
1035
965
960
961
1032
1033
1032
961
962
963
966
967
966
963
962
966
1034
1037
1034
966
964
965
970
971
970
965
965
1035
1039
965
1039
971
966
967
972
973
972
967
966
972
1037
1040
1037
972
968
969
975
976
975
969
969
970
977
969
977
976
970
971
1038
1039
1038
971
970
1038
977
1044
977
1038
972
973
978
979
978
973
972
978
1040
1045
1040
978
974
975
1041
1042
1041
975
974
1041
981
1046
981
1041
975
976
1043
975
1043
1042
976
977
1043
1044
1043
977
978
982
1045
1048
1045
982
980
981
983
984
983
981
981
1046
1049
981
1049
984
982
985
1048
1050
1048
985
983
984
987
983
987
986
984
1049
987
1052
987
1049
985
988
1053
985
1053
1050
986
987
1051
1052
1051
987
986
1051
989
1054
989
1051
988
990
1053
1055
1053
990
989
1054
1057
989
1057
992
990
993
1055
1058
1055
993
991
992
1057
991
1057
1056
991
1056
1059
991
1059
994
993
995
1061
993
1061
1058
994
1059
997
1063
997
1059
995
996
1062
995
1062
1061
996
997
1062
1063
1062
997
998
1003
999
1004
999
1003
999
1004
1005
999
1005
1000
1000
1005
1001
1006
1001
1005
1002
1084
1003
1085
1003
1084
1002
1009
1084
1090
1084
1009
1003
1085
1086
1003
1086
1004
1004
1086
1005
1087
1005
1086
1005
1087
1088
1005
1088
1006
1006
1088
1010
1092
1010
1088
1007
1013
1014
1007
1014
1008
1008
1089
1009
1090
1009
1089
1008
1014
1089
1095
1089
1014
1010
1015
1011
1016
1011
1015
1010
1092
1015
1096
1015
1092
1012
1093
1013
1094
1013
1093
1012
1018
1093
1098
1093
1018
1013
1094
1095
1013
1095
1014
1015
1096
1097
1015
1097
1016
1016
1097
1019
1100
1019
1097
1017
1020
1021
1017
1021
1018
1018
1021
1098
1102
1098
1021
1019
1100
1103
1019
1103
1022
1020
1101
1021
1102
1021
1101
1020
1024
1101
1105
1101
1024
1022
1103
1025
1106
1025
1103
1023
1104
1105
1023
1105
1024
1023
1026
1107
1023
1107
1104
1025
1106
1109
1025
1109
1028
1026
1030
1107
1111
1107
1030
1027
1028
1109
1027
1109
1108
1027
1108
1113
1027
1113
1033
1029
1110
1111
1029
1111
1030
1029
1034
1114
1029
1114
1110
1031
1032
1036
1031
1036
1035
1032
1033
1112
1113
1112
1033
1032
1112
1036
1116
1036
1112
1034
1037
1114
1119
1114
1037
1035
1036
1116
1035
1116
1115
1035
1115
1121
1035
1121
1039
1037
1040
1123
1037
1123
1119
1038
1039
1120
1121
1120
1039
1038
1120
1044
1126
1044
1120
1040
1045
1123
1128
1123
1045
1041
1042
1047
1041
1047
1046
1042
1043
1124
1125
1124
1043
1042
1124
1047
1130
1047
1124
1043
1044
1126
1043
1126
1125
1045
1048
1133
1045
1133
1128
1046
1047
1129
1130
1129
1047
1046
1129
1049
1134
1049
1129
1048
1050
1133
1137
1133
1050
1049
1134
1139
1049
1139
1052
1050
1053
1137
1142
1137
1053
1051
1052
1139
1051
1139
1138
1051
1138
1143
1051
1143
1054
1053
1055
1146
1053
1146
1142
1054
1143
1057
1147
1057
1143
1055
1058
1149
1055
1149
1146
1056
1057
1059
1060
1059
1057
1057
1147
1150
1057
1150
1060
1058
1061
1149
1152
1149
1061
1059
1060
1064
1059
1064
1063
1060
1150
1064
1154
1064
1150
1061
1062
1067
1061
1067
1066
1061
1066
1156
1061
1156
1152
1062
1063
1067
1068
1067
1063
1063
1064
1154
1063
1154
1153
1063
1153
1157
1063
1157
1068
1065
1066
1070
1065
1070
1069
1065
1155
1156
1065
1156
1066
1065
1069
1158
1065
1158
1155
1066
1067
1070
1071
1070
1067
1067
1068
1072
1067
1072
1071
1068
1157
1072
1159
1072
1157
1069
1070
1074
1069
1074
1073
1069
1073
1160
1069
1160
1158
1070
1071
1074
1075
1074
1071
1071
1072
1076
1071
1076
1075
1072
1159
1076
1162
1076
1159
1073
1074
1161
1073
1161
1160
1074
1075
1077
1078
1077
1075
1074
1077
1161
1163
1161
1077
1075
1076
1079
1075
1079
1078
1076
1162
1079
1165
1079
1162
1077
1078
1081
1077
1081
1080
1077
1080
1166
1077
1166
1163
1078
1079
1164
1165
1164
1079
1078
1164
1081
1167
1081
1164
1080
1081
1082
1083
1082
1081
1080
1082
1166
1169
1166
1082
1081
1167
1170
1081
1170
1083
1082
1083
1169
1170
1169
1083
1084
1090
1085
1091
1085
1090
1085
1172
1173
1085
1173
1086
1085
1091
1178
1085
1178
1172
1086
1173
1087
1174
1087
1173
1087
1174
1175
1087
1175
1088
1088
1175
1092
1181
1092
1175
1089
1176
1177
1089
1177
1090
1089
1095
1183
1089
1183
1176
1090
1177
1091
1178
1091
1177
1092
1181
1096
1185
1096
1181
1093
1098
1099
1093
1099
1094
1094
1182
1095
1183
1095
1182
1094
1099
1182
1188
1182
1099
1096
1185
1097
1186
1097
1185
1097
1186
1189
1097
1189
1100
1098
1187
1099
1188
1099
1187
1098
1102
1187
1191
1187
1102
1100
1189
1103
1192
1103
1189
1101
1190
1191
1101
1191
1102
1101
1105
1194
1101
1194
1190
1103
1192
1195
1103
1195
1106
1104
1193
1105
1194
1105
1193
1104
1107
1193
1196
1193
1107
1106
1195
1109
1198
1109
1195
1107
1111
1200
1107
1200
1196
1108
1109
1197
1198
1197
1109
1108
1197
1113
1201
1113
1197
1110
1199
1111
1200
1111
1199
1110
1114
1199
1202
1199
1114
1112
1113
1116
1117
1116
1113
1113
1201
1205
1113
1205
1117
1114
1119
1202
1207
1202
1119
1115
1116
1204
1115
1204
1203
1115
1203
1209
1115
1209
1121
1116
1117
1204
1205
1204
1117
1118
1119
1122
1123
1122
1119
1118
1206
1119
1207
1119
1206
1118
1122
1206
1211
1206
1122
1120
1121
1208
1209
1208
1121
1120
1208
1126
1213
1126
1208
1122
1123
1127
1128
1127
1123
1122
1127
1211
1215
1211
1127
1124
1125
1130
1131
1130
1125
1125
1126
1213
1125
1213
1212
1125
1212
1217
1125
1217
1131
1127
1128
1133
1127
1133
1132
1127
1132
1219
1127
1219
1215
1129
1130
1135
1129
1135
1134
1130
1131
1216
1217
1216
1131
1130
1216
1135
1220
1135
1216
1132
1133
1136
1137
1136
1133
1132
1136
1219
1223
1219
1136
1134
1135
1139
1140
1139
1135
1135
1220
1225
1135
1225
1140
1136
1137
1141
1142
1141
1137
1136
1141
1223
1227
1223
1141
1138
1139
1143
1144
1143
1139
1139
1140
1225
1139
1225
1224
1139
1224
1229
1139
1229
1144
1141
1142
1146
1141
1146
1145
1141
1145
1230
1141
1230
1227
1143
1144
1229
1143
1229
1228
1143
1228
1231
1143
1231
1147
1145
1146
1149
1145
1149
1148
1145
1148
1232
1145
1232
1230
1147
1231
1233
1147
1233
1150
1148
1149
1151
1152
1151
1149
1148
1151
1232
1234
1232
1151
1150
1233
1154
1236
1154
1233
1151
1152
1156
1151
1156
1155
1151
1155
1237
1151
1237
1234
1153
1154
1236
1153
1236
1235
1153
1235
1238
1153
1238
1157
1155
1158
1241
1155
1241
1237
1157
1238
1242
1157
1242
1159
1158
1160
1241
1245
1241
1160
1159
1242
1247
1159
1247
1162
1160
1161
1245
1246
1245
1161
1161
1163
1249
1161
1249
1246
1162
1247
1165
1250
1165
1247
1163
1166
1252
1163
1252
1249
1164
1165
1167
1168
1167
1165
1165
1250
1253
1165
1253
1168
1166
1169
1252
1255
1252
1169
1167
1168
1171
1167
1171
1170
1168
1253
1171
1257
1171
1253
1169
1170
1256
1169
1256
1255
1170
1171
1256
1257
1256
1171
1172
1259
1173
1260
1173
1259
1172
1178
1259
1262
1259
1178
1173
1179
1180
1173
1180
1174
1173
1260
1263
1173
1263
1179
1174
1180
1175
1181
1175
1180
1176
1183
1177
1184
1177
1183
1177
1261
1262
1177
1262
1178
1177
1184
1268
1177
1268
1261
1179
1263
1264
1179
1264
1180
1180
1264
1181
1265
1181
1264
1181
1265
1270
1181
1270
1185
1182
1266
1183
1267
1183
1266
1182
1188
1266
1273
1266
1188
1183
1267
1268
1183
1268
1184
1185
1270
1271
1185
1271
1186
1186
1271
1189
1276
1189
1271
1187
1272
1273
1187
1273
1188
1187
1191
1278
1187
1278
1272
1189
1276
1279
1189
1279
1192
1190
1277
1191
1278
1191
1277
1190
1194
1277
1281
1277
1194
1192
1279
1195
1283
1195
1279
1193
1280
1281
1193
1281
1194
1193
1196
1284
1193
1284
1280
1195
1283
1286
1195
1286
1198
1196
1200
1284
1288
1284
1200
1197
1198
1286
1197
1286
1285
1197
1285
1289
1197
1289
1201
1199
1287
1288
1199
1288
1200
1199
1202
1291
1199
1291
1287
1201
1289
1293
1201
1293
1205
1202
1207
1291
1295
1291
1207
1203
1204
1210
1203
1210
1209
1204
1205
1292
1293
1292
1205
1204
1292
1210
1297
1210
1292
1206
1294
1207
1295
1207
1294
1206
1211
1294
1298
1294
1211
1208
1209
1213
1214
1213
1209
1209
1210
1297
1209
1297
1296
1209
1296
1300
1209
1300
1214
1211
1215
1301
1211
1301
1298
1212
1213
1217
1218
1217
1213
1213
1214
1300
1213
1300
1299
1213
1299
1302
1213
1302
1218
1215
1219
1303
1215
1303
1301
1216
1217
1220
1221
1220
1217
1217
1218
1222
1217
1222
1221
1218
1302
1222
1305
1222
1302
1219
1223
1306
1219
1306
1303
1220
1221
1225
1226
1225
1221
1221
1222
1305
1221
1305
1304
1221
1304
1309
1221
1309
1226
1223
1227
1311
1223
1311
1306
1224
1225
1307
1308
1307
1225
1224
1307
1229
1313
1229
1307
1225
1226
1309
1225
1309
1308
1227
1230
1317
1227
1317
1311
1228
1229
1312
1313
1312
1229
1228
1312
1231
1318
1231
1312
1230
1232
1317
1321
1317
1232
1231
1318
1322
1231
1322
1233
1232
1234
1321
1325
1321
1234
1233
1322
1326
1233
1326
1236
1234
1237
1325
1328
1325
1237
1235
1236
1239
1235
1239
1238
1236
1326
1239
1329
1239
1326
1237
1241
1331
1237
1331
1328
1238
1239
1242
1243
1242
1239
1239
1329
1332
1239
1332
1243
1240
1241
1244
1245
1244
1241
1240
1330
1241
1331
1241
1330
1240
1244
1330
1333
1330
1244
1242
1243
1247
1248
1247
1243
1243
1332
1336
1243
1336
1248
1244
1245
1333
1334
1333
1245
1245
1246
1335
1245
1335
1334
1246
1249
1335
1338
1335
1249
1247
1248
1251
1247
1251
1250
1248
1336
1251
1340
1251
1336
1249
1252
1341
1249
1341
1338
1250
1251
1253
1254
1253
1251
1251
1340
1343
1251
1343
1254
1252
1255
1341
1344
1341
1255
1253
1254
1258
1253
1258
1257
1254
1343
1258
1347
1258
1343
1255
1256
1345
1255
1345
1344
1256
1257
1345
1346
1345
1257
1257
1258
1347
1257
1347
1346
1259
1348
1349
1259
1349
1260
1259
1262
1350
1259
1350
1348
1260
1349
1263
1351
1263
1349
1261
1268
1269
1261
1269
1262
1262
1269
1350
1356
1350
1269
1263
1351
1352
1263
1352
1264
1264
1352
1265
1353
1265
1352
1265
1353
1359
1265
1359
1270
1266
1273
1267
1274
1267
1273
1267
1354
1355
1267
1355
1268
1267
1274
1362
1267
1362
1354
1268
1355
1269
1356
1269
1355
1270
1275
1271
1276
1271
1275
1270
1359
1275
1364
1275
1359
1272
1360
1273
1361
1273
1360
1272
1278
1360
1366
1360
1278
1273
1361
1362
1273
1362
1274
1275
1364
1365
1275
1365
1276
1276
1365
1279
1368
1279
1365
1277
1281
1282
1277
1282
1278
1278
1282
1366
1371
1366
1282
1279
1368
1372
1279
1372
1283
1280
1369
1281
1370
1281
1369
1280
1284
1369
1373
1369
1284
1281
1370
1371
1281
1371
1282
1283
1372
1375
1283
1375
1286
1284
1288
1373
1377
1373
1288
1285
1286
1290
1285
1290
1289
1286
1375
1290
1379
1290
1375
1287
1376
1377
1287
1377
1288
1287
1291
1380
1287
1380
1376
1289
1290
1379
1289
1379
1378
1289
1378
1382
1289
1382
1293
1291
1295
1384
1291
1384
1380
1292
1293
1381
1382
1381
1293
1292
1381
1297
1386
1297
1381
1294
1383
1295
1384
1295
1383
1294
1298
1383
1388
1383
1298
1296
1297
1385
1386
1385
1297
1296
1385
1300
1390
1300
1385
1298
1301
1388
1392
1388
1301
1299
1300
1390
1299
1390
1389
1299
1389
1393
1299
1393
1302
1301
1303
1395
1301
1395
1392
1302
1393
1305
1396
1305
1393
1303
1306
1399
1303
1399
1395
1304
1305
1309
1310
1309
1305
1305
1396
1400
1305
1400
1310
1306
1311
1399
1402
1399
1311
1307
1308
1314
1307
1314
1313
1308
1309
1314
1315
1314
1309
1309
1310
1316
1309
1316
1315
1310
1400
1316
1405
1316
1400
1311
1317
1407
1311
1407
1402
1312
1313
1318
1319
1318
1313
1313
1314
1320
1313
1320
1319
1314
1315
1403
1404
1403
1315
1314
1403
1320
1408
1320
1403
1315
1316
1405
1315
1405
1404
1317
1321
1410
1317
1410
1407
1318
1319
1322
1323
1322
1319
1319
1320
1324
1319
1324
1323
1320
1408
1324
1413
1324
1408
1321
1325
1415
1321
1415
1410
1322
1323
1411
1412
1411
1323
1322
1411
1326
1416
1326
1411
1323
1324
1413
1323
1413
1412
1325
1328
1420
1325
1420
1415
1326
1416
1329
1421
1329
1416
1327
1328
1331
1327
1331
1330
1327
1419
1420
1327
1420
1328
1327
1330
1424
1327
1424
1419
1329
1421
1426
1329
1426
1332
1330
1333
1424
1429
1424
1333
1332
1426
1336
1431
1336
1426
1333
1334
1430
1333
1430
1429
1334
1335
1337
1338
1337
1335
1334
1337
1430
1434
1430
1337
1336
1431
1340
1437
1340
1431
1337
1338
1435
1337
1435
1434
1338
1341
1339
1342
1339
1341
1338
1339
1435
1436
1435
1339
1339
1342
1440
1339
1440
1436
1340
1437
1343
1442
1343
1437
1341
1344
1345
1341
1345
1342
1342
1345
1440
1445
1440
1345
1343
1442
1447
1343
1447
1347
1345
1346
1446
1345
1446
1445
1346
1347
1446
1447
1446
1347
1348
1350
1349
1351
1349
1350
1350
1451
1351
1452
1351
1451
1350
1356
1451
1454
1451
1356
1351
1357
1358
1351
1358
1352
1351
1452
1455
1351
1455
1357
1352
1358
1353
1359
1353
1358
1354
1362
1355
1363
1355
1362
1355
1453
1454
1355
1454
1356
1355
1363
1460
1355
1460
1453
1357
1455
1456
1357
1456
1358
1358
1456
1359
1457
1359
1456
1359
1457
1462
1359
1462
1364
1360
1366
1361
1367
1361
1366
1361
1458
1459
1361
1459
1362
1361
1367
1465
1361
1465
1458
1362
1459
1363
1460
1363
1459
1364
1462
1365
1463
1365
1462
1365
1463
1468
1365
1468
1368
1366
1464
1367
1465
1367
1464
1366
1371
1464
1470
1464
1371
1368
1468
1372
1472
1372
1468
1369
1373
1374
1369
1374
1370
1370
1469
1371
1470
1371
1469
1370
1374
1469
1474
1469
1374
1372
1472
1375
1476
1375
1472
1373
1473
1474
1373
1474
1374
1373
1377
1478
1373
1478
1473
1375
1476
1480
1375
1480
1379
1376
1477
1377
1478
1377
1477
1376
1380
1477
1481
1477
1380
1378
1379
1479
1480
1479
1379
1378
1479
1382
1483
1382
1479
1380
1384
1481
1485
1481
1384
1381
1382
1387
1381
1387
1386
1382
1483
1387
1487
1387
1483
1383
1484
1485
1383
1485
1384
1383
1388
1488
1383
1488
1484
1385
1386
1391
1385
1391
1390
1386
1387
1486
1487
1486
1387
1386
1486
1391
1490
1391
1486
1388
1392
1488
1491
1488
1392
1389
1390
1394
1389
1394
1393
1390
1391
1489
1490
1489
1391
1390
1489
1394
1492
1394
1489
1392
1395
1491
1494
1491
1395
1393
1394
1397
1393
1397
1396
1394
1492
1397
1496
1397
1492
1395
1399
1499
1395
1499
1494
1396
1397
1495
1496
1495
1397
1396
1495
1400
1500
1400
1495
1398
1399
1401
1402
1401
1399
1398
1498
1399
1499
1399
1498
1398
1401
1498
1501
1498
1401
1400
1500
1405
1504
1405
1500
1401
1402
1407
1401
1407
1406
1401
1406
1505
1401
1505
1501
1403
1404
1503
1403
1503
1502
1403
1502
1506
1403
1506
1408
1404
1405
1503
1504
1503
1405
1406
1407
1409
1410
1409
1407
1406
1409
1505
1509
1505
1409
1408
1506
1413
1510
1413
1506
1409
1410
1415
1409
1415
1414
1409
1414
1513
1409
1513
1509
1411
1412
1417
1411
1417
1416
1412
1413
1417
1418
1417
1413
1413
1510
1514
1413
1514
1418
1414
1415
1419
1420
1419
1415
1414
1419
1513
1516
1513
1419
1416
1417
1421
1422
1421
1417
1417
1418
1423
1417
1423
1422
1418
1514
1423
1517
1423
1514
1419
1424
1519
1419
1519
1516
1421
1422
1427
1421
1427
1426
1422
1423
1427
1428
1427
1423
1423
1517
1521
1423
1521
1428
1424
1429
1425
1430
1425
1429
1424
1425
1519
1520
1519
1425
1425
1430
1523
1425
1523
1520
1426
1427
1431
1432
1431
1427
1427
1428
1433
1427
1433
1432
1428
1521
1433
1524
1433
1521
1430
1434
1523
1526
1523
1434
1431
1432
1438
1431
1438
1437
1432
1433
1438
1439
1438
1433
1433
1524
1529
1433
1529
1439
1434
1435
1526
1527
1526
1435
1435
1436
1528
1435
1528
1527
1436
1440
1528
1531
1528
1440
1437
1438
1443
1437
1443
1442
1438
1439
1443
1444
1443
1439
1439
1529
1535
1439
1535
1444
1440
1445
1441
1446
1441
1445
1440
1441
1531
1532
1531
1441
1441
1446
1536
1441
1536
1532
1442
1443
1447
1448
1447
1443
1443
1444
1535
1443
1535
1534
1443
1534
1538
1443
1538
1448
1446
1447
1536
1537
1536
1447
1447
1448
1450
1447
1450
1449
1447
1449
1539
1447
1539
1537
1448
1538
1450
1540
1450
1538
1449
1450
1540
1449
1540
1539
1451
1454
1455
1451
1455
1452
1453
1460
1461
1453
1461
1454
1454
1541
1455
1542
1455
1541
1454
1461
1541
1547
1541
1461
1455
1542
1543
1455
1543
1456
1456
1543
1457
1544
1457
1543
1457
1544
1550
1457
1550
1462
1458
1465
1459
1466
1459
1465
1459
1545
1546
1459
1546
1460
1459
1466
1552
1459
1552
1545
1460
1546
1461
1547
1461
1546
1462
1467
1463
1468
1463
1467
1462
1550
1467
1554
1467
1550
1464
1470
1465
1471
1465
1470
1465
1551
1552
1465
1552
1466
1465
1471
1557
1465
1557
1551
1467
1554
1555
1467
1555
1468
1468
1555
1472
1558
1472
1555
1469
1474
1475
1469
1475
1470
1470
1556
1471
1557
1471
1556
1470
1475
1556
1561
1556
1475
1472
1558
1476
1562
1476
1558
1473
1559
1560
1473
1560
1474
1473
1478
1563
1473
1563
1559
1474
1560
1475
1561
1475
1560
1476
1562
1480
1566
1480
1562
1477
1481
1482
1477
1482
1478
1478
1482
1563
1568
1563
1482
1479
1480
1566
1479
1566
1565
1479
1565
1569
1479
1569
1483
1481
1567
1568
1481
1568
1482
1481
1485
1572
1481
1572
1567
1483
1569
1574
1483
1574
1487
1484
1571
1485
1572
1485
1571
1484
1488
1571
1576
1571
1488
1486
1487
1573
1574
1573
1487
1486
1573
1490
1578
1490
1573
1488
1491
1576
1579
1576
1491
1489
1490
1493
1489
1493
1492
1490
1578
1493
1581
1493
1578
1491
1494
1582
1491
1582
1579
1492
1493
1496
1497
1496
1493
1493
1581
1585
1493
1585
1497
1494
1499
1582
1587
1582
1499
1495
1496
1584
1495
1584
1583
1495
1583
1588
1495
1588
1500
1496
1497
1584
1585
1584
1497
1498
1586
1499
1587
1499
1586
1498
1501
1586
1590
1586
1501
1500
1588
1504
1592
1504
1588
1501
1505
1594
1501
1594
1590
1502
1503
1506
1507
1506
1503
1503
1504
1508
1503
1508
1507
1504
1592
1508
1595
1508
1592
1505
1509
1597
1505
1597
1594
1506
1507
1510
1511
1510
1507
1507
1508
1512
1507
1512
1511
1508
1595
1512
1599
1512
1595
1509
1513
1601
1509
1601
1597
1510
1511
1514
1515
1514
1511
1511
1512
1599
1511
1599
1598
1511
1598
1602
1511
1602
1515
1513
1516
1605
1513
1605
1601
1514
1515
1517
1518
1517
1515
1515
1602
1606
1515
1606
1518
1516
1519
1605
1608
1605
1519
1517
1518
1522
1517
1522
1521
1518
1606
1522
1610
1522
1606
1519
1520
1609
1519
1609
1608
1520
1523
1609
1612
1609
1523
1521
1522
1525
1521
1525
1524
1522
1610
1525
1613
1525
1610
1523
1526
1614
1523
1614
1612
1524
1525
1529
1530
1529
1525
1525
1613
1618
1525
1618
1530
1526
1527
1614
1615
1614
1527
1527
1528
1616
1527
1616
1615
1528
1531
1616
1619
1616
1531
1529
1530
1618
1529
1618
1617
1529
1617
1623
1529
1623
1535
1531
1532
1620
1531
1620
1619
1532
1536
1533
1537
1533
1536
1532
1533
1620
1621
1620
1533
1533
1537
1625
1533
1625
1621
1534
1535
1622
1623
1622
1535
1534
1622
1538
1626
1538
1622
1537
1539
1629
1537
1629
1625
1538
1626
1540
1630
1540
1626
1539
1540
1630
1539
1630
1629
1541
1633
1634
1541
1634
1542
1541
1547
1636
1541
1636
1633
1542
1548
1543
1549
1543
1548
1542
1634
1548
1637
1548
1634
1543
1549
1550
1543
1550
1544
1545
1552
1553
1545
1553
1546
1546
1635
1547
1636
1547
1635
1546
1553
1635
1642
1635
1553
1548
1637
1549
1638
1549
1637
1549
1638
1639
1549
1639
1550
1550
1639
1554
1646
1554
1639
1551
1640
1641
1551
1641
1552
1551
1557
1649
1551
1649
1640
1552
1641
1553
1642
1553
1641
1554
1646
1555
1647
1555
1646
1555
1647
1652
1555
1652
1558
1556
1648
1557
1649
1557
1648
1556
1561
1648
1654
1648
1561
1558
1652
1562
1658
1562
1652
1559
1563
1564
1559
1564
1560
1560
1653
1561
1654
1561
1653
1560
1564
1653
1660
1653
1564
1562
1658
1566
1661
1566
1658
1563
1659
1660
1563
1660
1564
1563
1568
1663
1563
1663
1659
1565
1566
1570
1565
1570
1569
1566
1661
1570
1664
1570
1661
1567
1662
1663
1567
1663
1568
1567
1572
1665
1567
1665
1662
1569
1570
1575
1569
1575
1574
1570
1664
1575
1668
1575
1664
1571
1576
1577
1571
1577
1572
1572
1577
1665
1669
1665
1577
1573
1574
1667
1573
1667
1666
1573
1666
1670
1573
1670
1578
1574
1575
1667
1668
1667
1575
1576
1579
1577
1580
1577
1579
1577
1580
1673
1577
1673
1669
1578
1670
1581
1674
1581
1670
1579
1672
1673
1579
1673
1580
1579
1582
1676
1579
1676
1672
1581
1674
1678
1581
1678
1585
1582
1587
1676
1680
1676
1587
1583
1584
1589
1583
1589
1588
1584
1585
1677
1678
1677
1585
1584
1677
1589
1681
1589
1677
1586
1590
1587
1591
1587
1590
1587
1591
1684
1587
1684
1680
1588
1589
1592
1593
1592
1589
1589
1681
1685
1589
1685
1593
1590
1683
1591
1684
1591
1683
1590
1594
1683
1687
1683
1594
1592
1593
1595
1596
1595
1593
1593
1685
1689
1593
1689
1596
1594
1597
1687
1691
1687
1597
1595
1596
1600
1595
1600
1599
1596
1689
1600
1692
1600
1689
1597
1601
1693
1597
1693
1691
1598
1599
1602
1603
1602
1599
1599
1600
1604
1599
1604
1603
1600
1692
1604
1695
1604
1692
1601
1605
1697
1601
1697
1693
1602
1603
1606
1607
1606
1603
1603
1604
1695
1603
1695
1694
1603
1694
1698
1603
1698
1607
1605
1608
1701
1605
1701
1697
1606
1607
1610
1611
1610
1607
1607
1698
1704
1607
1704
1611
1608
1609
1701
1702
1701
1609
1609
1612
1705
1609
1705
1702
1610
1611
1703
1704
1703
1611
1610
1703
1613
1706
1613
1703
1612
1614
1705
1708
1705
1614
1613
1706
1711
1613
1711
1618
1614
1615
1708
1709
1708
1615
1615
1616
1710
1615
1710
1709
1616
1619
1710
1714
1710
1619
1617
1618
1624
1617
1624
1623
1618
1711
1624
1718
1624
1711
1619
1620
1715
1619
1715
1714
1620
1621
1715
1716
1715
1621
1621
1625
1721
1621
1721
1716
1622
1623
1626
1627
1626
1623
1623
1624
1628
1623
1628
1627
1624
1718
1628
1724
1628
1718
1625
1629
1727
1625
1727
1721
1626
1627
1630
1631
1630
1627
1627
1628
1632
1627
1632
1631
1628
1724
1632
1730
1632
1724
1629
1630
1728
1629
1728
1727
1630
1631
1728
1729
1728
1631
1631
1632
1730
1631
1730
1729
1633
1732
1733
1633
1733
1634
1633
1636
1734
1633
1734
1732
1634
1733
1637
1735
1637
1733
1635
1642
1643
1635
1643
1636
1636
1643
1734
1738
1734
1643
1637
1644
1645
1637
1645
1638
1637
1735
1739
1637
1739
1644
1638
1645
1639
1646
1639
1645
1640
1649
1641
1650
1641
1649
1641
1736
1737
1641
1737
1642
1641
1650
1742
1641
1742
1736
1642
1737
1643
1738
1643
1737
1644
1739
1645
1740
1645
1739
1645
1740
1741
1645
1741
1646
1646
1651
1647
1652
1647
1651
1646
1741
1651
1747
1651
1741
1648
1654
1649
1655
1649
1654
1649
1655
1656
1649
1656
1650
1650
1656
1742
1751
1742
1656
1651
1657
1658
1651
1658
1652
1651
1747
1752
1651
1752
1657
1653
1748
1749
1653
1749
1654
1653
1660
1755
1653
1755
1748
1654
1749
1655
1750
1655
1749
1655
1750
1751
1655
1751
1656
1657
1752
1753
1657
1753
1658
1658
1753
1661
1757
1661
1753
1659
1754
1755
1659
1755
1660
1659
1663
1759
1659
1759
1754
1661
1757
1761
1661
1761
1664
1662
1758
1663
1759
1663
1758
1662
1665
1758
1762
1758
1665
1664
1761
1668
1765
1668
1761
1665
1669
1766
1665
1766
1762
1666
1667
1670
1671
1670
1667
1667
1668
1765
1667
1765
1764
1667
1764
1768
1667
1768
1671
1669
1673
1771
1669
1771
1766
1670
1671
1674
1675
1674
1671
1671
1768
1772
1671
1772
1675
1672
1770
1673
1771
1673
1770
1672
1676
1770
1774
1770
1676
1674
1675
1678
1679
1678
1675
1675
1772
1777
1675
1777
1679
1676
1680
1774
1778
1774
1680
1677
1678
1682
1677
1682
1681
1678
1679
1776
1777
1776
1679
1678
1776
1682
1779
1682
1776
1680
1684
1778
1780
1778
1684
1681
1682
1686
1681
1686
1685
1682
1779
1686
1781
1686
1779
1683
1687
1688
1683
1688
1684
1684
1688
1780
1783
1780
1688
1685
1686
1690
1685
1690
1689
1686
1781
1690
1785
1690
1781
1687
1782
1783
1687
1783
1688
1687
1691
1786
1687
1786
1782
1689
1690
1785
1689
1785
1784
1689
1784
1788
1689
1788
1692
1691
1693
1789
1691
1789
1786
1692
1788
1695
1790
1695
1788
1693
1697
1792
1693
1792
1789
1694
1695
1698
1699
1698
1695
1695
1790
1794
1695
1794
1699
1696
1697
1700
1701
1700
1697
1696
1791
1697
1792
1697
1791
1696
1700
1791
1795
1791
1700
1698
1699
1793
1794
1793
1699
1698
1793
1704
1798
1704
1793
1700
1701
1795
1796
1795
1701
1701
1702
1797
1701
1797
1796
1702
1705
1797
1800
1797
1705
1703
1704
1707
1703
1707
1706
1704
1798
1707
1805
1707
1798
1705
1708
1807
1705
1807
1800
1706
1707
1711
1712
1711
1707
1707
1805
1812
1707
1812
1712
1708
1709
1807
1808
1807
1709
1709
1710
1809
1709
1809
1808
1710
1714
1809
1814
1809
1714
1711
1712
1719
1711
1719
1718
1712
1713
1719
1720
1719
1713
1712
1812
1713
1813
1713
1812
1713
1813
1819
1713
1819
1720
1714
1715
1814
1815
1814
1715
1715
1716
1816
1715
1816
1815
1716
1721
1717
1722
1717
1721
1716
1717
1816
1817
1816
1717
1717
1722
1820
1717
1820
1817
1718
1719
1724
1725
1724
1719
1719
1720
1726
1719
1726
1725
1720
1819
1726
1823
1726
1819
1721
1727
1728
1721
1728
1722
1722
1728
1723
1729
1723
1728
1722
1723
1820
1821
1820
1723
1723
1729
1824
1723
1824
1821
1724
1725
1730
1731
1730
1725
1725
1726
1823
1725
1823
1822
1725
1822
1826
1725
1826
1731
1729
1730
1825
1729
1825
1824
1730
1731
1825
1826
1825
1731
1732
1734
1733
1735
1733
1734
1734
1832
1735
1833
1735
1832
1734
1738
1832
1834
1832
1738
1735
1833
1835
1735
1835
1739
1736
1742
1737
1743
1737
1742
1737
1743
1744
1737
1744
1738
1738
1744
1834
1838
1834
1744
1739
1745
1746
1739
1746
1740
1739
1835
1839
1739
1839
1745
1740
1746
1741
1747
1741
1746
1742
1836
1743
1837
1743
1836
1742
1751
1836
1844
1836
1751
1743
1837
1838
1743
1838
1744
1745
1839
1840
1745
1840
1746
1746
1840
1747
1841
1747
1840
1747
1841
1846
1747
1846
1752
1748
1755
1749
1756
1749
1755
1749
1842
1843
1749
1843
1750
1749
1756
1849
1749
1849
1842
1750
1843
1751
1844
1751
1843
1752
1846
1753
1847
1753
1846
1753
1847
1853
1753
1853
1757
1754
1759
1755
1760
1755
1759
1755
1848
1849
1755
1849
1756
1755
1760
1855
1755
1855
1848
1757
1853
1857
1757
1857
1761
1758
1762
1759
1763
1759
1762
1759
1854
1855
1759
1855
1760
1759
1763
1858
1759
1858
1854
1761
1857
1860
1761
1860
1765
1762
1766
1763
1767
1763
1766
1763
1767
1862
1763
1862
1858
1764
1765
1768
1769
1768
1765
1765
1860
1863
1765
1863
1769
1766
1861
1767
1862
1767
1861
1766
1771
1861
1864
1861
1771
1768
1769
1772
1773
1772
1769
1769
1863
1867
1769
1867
1773
1770
1774
1771
1775
1771
1774
1771
1775
1869
1771
1869
1864
1772
1773
1866
1867
1866
1773
1772
1866
1777
1871
1777
1866
1774
1868
1775
1869
1775
1868
1774
1778
1868
1873
1868
1778
1776
1777
1870
1871
1870
1777
1776
1870
1779
1875
1779
1870
1778
1780
1873
1877
1873
1780
1779
1875
1878
1779
1878
1781
1780
1783
1877
1879
1877
1783
1781
1878
1881
1781
1881
1785
1782
1786
1783
1787
1783
1786
1783
1787
1883
1783
1883
1879
1784
1785
1880
1881
1880
1785
1784
1880
1788
1884
1788
1880
1786
1882
1787
1883
1787
1882
1786
1789
1882
1886
1882
1789
1788
1884
1790
1888
1790
1884
1789
1792
1890
1789
1890
1886
1790
1888
1794
1892
1794
1888
1791
1889
1890
1791
1890
1792
1791
1795
1893
1791
1893
1889
1793
1794
1799
1793
1799
1798
1794
1892
1799
1897
1799
1892
1795
1796
1894
1795
1894
1893
1796
1797
1894
1895
1894
1797
1797
1800
1898
1797
1898
1895
1798
1799
1805
1806
1805
1799
1799
1897
1903
1799
1903
1806
1800
1807
1801
1808
1801
1807
1800
1801
1898
1899
1898
1801
1801
1808
1809
1801
1809
1802
1801
1802
1900
1801
1900
1899
1802
1809
1803
1810
1803
1809
1802
1803
1900
1901
1900
1803
1803
1810
1811
1803
1811
1804
1803
1804
1902
1803
1902
1901
1804
1811
1902
1904
1902
1811
1805
1806
1813
1805
1813
1812
1806
1903
1813
1905
1813
1903
1809
1814
1815
1809
1815
1810
1810
1815
1811
1816
1811
1815
1811
1816
1906
1811
1906
1904
1813
1905
1909
1813
1909
1819
1816
1817
1906
1907
1906
1817
1817
1820
1821
1817
1821
1818
1817
1818
1908
1817
1908
1907
1818
1821
1908
1910
1908
1821
1819
1909
1911
1819
1911
1823
1821
1824
1912
1821
1912
1910
1822
1823
1826
1827
1826
1823
1823
1911
1913
1823
1913
1827
1824
1825
1828
1829
1828
1825
1824
1828
1912
1914
1912
1828
1825
1826
1830
1825
1830
1829
1826
1827
1830
1831
1830
1827
1827
1913
1917
1827
1917
1831
1828
1829
1914
1915
1914
1829
1829
1830
1916
1829
1916
1915
1830
1831
1916
1917
1916
1831
1832
1834
1833
1835
1833
1834
1834
1838
1835
1839
1835
1838
1836
1844
1837
1845
1837
1844
1837
1918
1919
1837
1919
1838
1837
1845
1924
1837
1924
1918
1838
1919
1839
1920
1839
1919
1839
1920
1921
1839
1921
1840
1840
1921
1841
1922
1841
1921
1841
1922
1928
1841
1928
1846
1842
1849
1843
1850
1843
1849
1843
1850
1851
1843
1851
1844
1844
1923
1845
1924
1845
1923
1844
1851
1923
1931
1923
1851
1846
1852
1847
1853
1847
1852
1846
1928
1852
1933
1852
1928
1848
1855
1849
1856
1849
1855
1849
1929
1930
1849
1930
1850
1849
1856
1936
1849
1936
1929
1850
1930
1851
1931
1851
1930
1852
1933
1853
1934
1853
1933
1853
1934
1938
1853
1938
1857
1854
1858
1855
1859
1855
1858
1855
1935
1936
1855
1936
1856
1855
1859
1940
1855
1940
1935
1857
1938
1942
1857
1942
1860
1858
1939
1859
1940
1859
1939
1858
1862
1939
1943
1939
1862
1860
1942
1863
1945
1863
1942
1861
1864
1865
1861
1865
1862
1862
1865
1943
1947
1943
1865
1863
1945
1948
1863
1948
1867
1864
1946
1865
1947
1865
1946
1864
1869
1946
1949
1946
1869
1866
1867
1871
1872
1871
1867
1867
1948
1952
1867
1952
1872
1868
1873
1869
1874
1869
1873
1869
1874
1954
1869
1954
1949
1870
1871
1875
1876
1875
1871
1871
1872
1952
1871
1952
1951
1871
1951
1956
1871
1956
1876
1873
1953
1954
1873
1954
1874
1873
1877
1957
1873
1957
1953
1875
1876
1956
1875
1956
1955
1875
1955
1959
1875
1959
1878
1877
1879
1960
1877
1960
1957
1878
1959
1881
1962
1881
1959
1879
1883
1963
1879
1963
1960
1880
1881
1884
1885
1884
1881
1881
1962
1965
1881
1965
1885
1882
1886
1883
1887
1883
1886
1883
1887
1966
1883
1966
1963
1884
1885
1964
1965
1964
1885
1884
1964
1888
1967
1888
1964
1886
1890
1887
1891
1887
1890
1887
1891
1969
1887
1969
1966
1888
1967
1892
1970
1892
1967
1889
1893
1894
1889
1894
1890
1890
1968
1891
1969
1891
1968
1890
1894
1968
1971
1968
1894
1892
1970
1897
1975
1897
1970
1894
1895
1971
1972
1971
1895
1895
1898
1899
1895
1899
1896
1895
1896
1973
1895
1973
1972
1896
1899
1973
1976
1973
1899
1897
1975
1980
1897
1980
1903
1899
1900
1977
1899
1977
1976
1900
1901
1977
1978
1977
1901
1901
1902
1979
1901
1979
1978
1902
1904
1979
1981
1979
1904
1903
1980
1982
1903
1982
1905
1904
1906
1981
1984
1981
1906
1905
1982
1987
1905
1987
1909
1906
1907
1984
1985
1984
1907
1907
1908
1986
1907
1986
1985
1908
1910
1986
1991
1986
1910
1909
1987
1992
1909
1992
1911
1910
1912
1991
1996
1991
1912
1911
1992
1997
1911
1997
1913
1912
1914
1996
2000
1996
1914
1913
1997
2003
1913
2003
1917
1914
1915
2000
2001
2000
1915
1915
1916
2002
1915
2002
2001
1916
1917
2002
2003
2002
1917
1918
1924
1919
1925
1919
1924
1919
1925
1926
1919
1926
1920
1920
1926
1921
1927
1921
1926
1921
1927
1928
1921
1928
1922
1923
1931
1932
1923
1932
1924
1924
2004
1925
2005
1925
2004
1924
1932
2004
2011
2004
1932
1925
2005
2006
1925
2006
1926
1926
2006
1927
2007
1927
2006
1927
2007
2008
1927
2008
1928
1928
2008
1933
2015
1933
2008
1929
1936
1937
1929
1937
1930
1930
2009
1931
2010
1931
2009
1930
1937
2009
2018
2009
1937
1931
2010
2011
1931
2011
1932
1933
2015
2016
1933
2016
1934
1934
2016
1938
2022
1938
2016
1935
1940
1941
1935
1941
1936
1936
2017
1937
2018
1937
2017
1936
1941
2017
2024
2017
1941
1938
2022
1942
2026
1942
2022
1939
1943
1944
1939
1944
1940
1940
2023
1941
2024
1941
2023
1940
1944
2023
2028
2023
1944
1942
2026
1945
2030
1945
2026
1943
2027
2028
1943
2028
1944
1943
1947
2031
1943
2031
2027
1945
2030
2033
1945
2033
1948
1946
1949
1947
1950
1947
1949
1947
1950
2035
1947
2035
2031
1948
2033
1952
2038
1952
2033
1949
2034
2035
1949
2035
1950
1949
1954
2039
1949
2039
2034
1951
1952
2038
1951
2038
2037
1951
2037
2042
1951
2042
1956
1953
1957
1958
1953
1958
1954
1954
1958
2039
2044
2039
1958
1955
1956
2042
1955
2042
2041
1955
2041
2045
1955
2045
1959
1957
1960
1961
1957
1961
1958
1958
1961
2044
2049
2044
1961
1959
2045
2050
1959
2050
1962
1960
2048
1961
2049
1961
2048
1960
1963
2048
2053
2048
1963
1962
2050
1965
2056
1965
2050
1963
1966
2059
1963
2059
2053
1964
1965
2055
2056
2055
1965
1964
2055
1967
2061
1967
2055
1966
1969
2059
2065
2059
1969
1967
2061
2066
1967
2066
1970
1968
1971
1969
1972
1969
1971
1969
1972
2070
1969
2070
2065
1970
2066
1975
2073
1975
2066
1972
1973
2070
2071
2070
1973
1973
1976
1977
1973
1977
1974
1973
1974
2072
1973
2072
2071
1974
1977
2072
2077
2072
1977
1975
2073
2080
1975
2080
1980
1977
1978
2078
1977
2078
2077
1978
1979
2078
2079
2078
1979
1979
1981
2084
1979
2084
2079
1980
2080
1982
2085
1982
2080
1981
1984
2089
1981
2089
2084
1982
1983
1987
1988
1987
1983
1982
2085
1983
2086
1983
2085
1983
2086
2091
1983
2091
1988
1984
1985
2089
2090
2089
1985
1985
1986
1991
1985
1991
1990
1985
1990
2096
1985
2096
2090
1987
1988
1993
1987
1993
1992
1988
1989
1993
1994
1993
1989
1988
2091
1989
2092
1989
2091
1989
2092
2097
1989
2097
1994
1990
1991
1995
1996
1995
1991
1990
1995
2096
2098
2096
1995
1992
1993
1997
1998
1997
1993
1993
1994
1999
1993
1999
1998
1994
2097
1999
2102
1999
2097
1995
1996
2099
1995
2099
2098
1996
2000
2099
2103
2099
2000
1997
1998
2101
1997
2101
2100
1997
2100
2106
1997
2106
2003
1998
1999
2101
2102
2101
1999
2000
2001
2103
2104
2103
2001
2001
2002
2105
2001
2105
2104
2002
2003
2105
2106
2105
2003
2004
2011
2005
2012
2005
2011
2005
2108
2109
2005
2109
2006
2005
2012
2111
2005
2111
2108
2006
2013
2007
2014
2007
2013
2006
2109
2013
2112
2013
2109
2007
2014
2015
2007
2015
2008
2009
2018
2019
2009
2019
2010
2010
2019
2011
2020
2011
2019
2011
2110
2111
2011
2111
2012
2011
2020
2117
2011
2117
2110
2013
2112
2113
2013
2113
2014
2014
2113
2015
2114
2015
2113
2015
2021
2022
2015
2022
2016
2015
2114
2121
2015
2121
2021
2017
2024
2025
2017
2025
2018
2018
2115
2019
2116
2019
2115
2018
2025
2115
2124
2115
2025
2019
2116
2117
2019
2117
2020
2021
2121
2122
2021
2122
2022
2022
2122
2026
2128
2026
2122
2023
2028
2029
2023
2029
2024
2024
2123
2025
2124
2025
2123
2024
2029
2123
2130
2123
2029
2026
2128
2030
2134
2030
2128
2027
2031
2032
2027
2032
2028
2028
2129
2029
2130
2029
2129
2028
2032
2129
2135
2129
2032
2030
2134
2033
2138
2033
2134
2031
2035
2036
2031
2036
2032
2032
2036
2135
2140
2135
2036
2033
2138
2142
2033
2142
2038
2034
2039
2035
2040
2035
2039
2035
2139
2140
2035
2140
2036
2035
2040
2144
2035
2144
2139
2037
2038
2043
2037
2043
2042
2038
2142
2043
2146
2043
2142
2039
2143
2144
2039
2144
2040
2039
2044
2147
2039
2147
2143
2041
2042
2046
2041
2046
2045
2042
2043
2046
2047
2046
2043
2043
2146
2150
2043
2150
2047
2044
2049
2147
2152
2147
2049
2045
2046
2051
2045
2051
2050
2046
2047
2051
2052
2051
2047
2047
2150
2154
2047
2154
2052
2048
2053
2049
2054
2049
2053
2049
2054
2156
2049
2156
2152
2050
2051
2056
2057
2056
2051
2051
2052
2058
2051
2058
2057
2052
2154
2058
2157
2058
2154
2053
2059
2060
2053
2060
2054
2054
2060
2156
2159
2156
2060
2055
2056
2062
2055
2062
2061
2056
2057
2062
2063
2062
2057
2057
2058
2064
2057
2064
2063
2058
2157
2064
2160
2064
2157
2059
2158
2159
2059
2159
2060
2059
2065
2161
2059
2161
2158
2061
2062
2067
2061
2067
2066
2062
2063
2067
2068
2067
2063
2063
2064
2069
2063
2069
2068
2064
2160
2069
2163
2069
2160
2065
2070
2164
2065
2164
2161
2066
2067
2073
2074
2073
2067
2067
2068
2075
2067
2075
2074
2068
2069
2075
2076
2075
2069
2069
2163
2170
2069
2170
2076
2070
2071
2164
2165
2164
2071
2071
2072
2166
2071
2166
2165
2072
2077
2166
2171
2166
2077
2073
2074
2081
2073
2081
2080
2074
2075
2168
2169
2168
2075
2074
2168
2081
2173
2081
2168
2075
2076
2170
2075
2170
2169
2077
2078
2083
2077
2083
2082
2077
2082
2176
2077
2176
2171
2078
2079
2083
2084
2083
2079
2080
2081
2085
2086
2085
2081
2081
2173
2178
2081
2178
2086
2082
2083
2087
2088
2087
2083
2082
2087
2176
2181
2176
2087
2083
2084
2089
2083
2089
2088
2086
2178
2091
2184
2091
2178
2087
2088
2094
2087
2094
2093
2087
2093
2186
2087
2186
2181
2088
2089
2094
2095
2094
2089
2089
2090
2096
2089
2096
2095
2091
2184
2185
2091
2185
2092
2092
2185
2097
2190
2097
2185
2093
2094
2187
2093
2187
2186
2094
2095
2187
2188
2187
2095
2095
2096
2189
2095
2189
2188
2096
2098
2189
2191
2189
2098
2097
2190
2194
2097
2194
2102
2098
2099
2191
2192
2191
2099
2099
2103
2195
2099
2195
2192
2100
2101
2106
2107
2106
2101
2101
2102
2194
2101
2194
2193
2101
2193
2199
2101
2199
2107
2103
2104
2196
2103
2196
2195
2104
2105
2196
2197
2196
2105
2105
2106
2198
2105
2198
2197
2106
2107
2198
2199
2198
2107
2108
2111
2109
2112
2109
2111
2110
2117
2111
2118
2111
2117
2111
2200
2201
2111
2201
2112
2111
2118
2203
2111
2203
2200
2112
2119
2113
2120
2113
2119
2112
2201
2119
2204
2119
2201
2113
2120
2121
2113
2121
2114
2115
2124
2125
2115
2125
2116
2116
2125
2117
2126
2117
2125
2117
2202
2203
2117
2203
2118
2117
2126
2208
2117
2208
2202
2119
2204
2205
2119
2205
2120
2120
2205
2121
2206
2121
2205
2121
2127
2128
2121
2128
2122
2121
2206
2212
2121
2212
2127
2123
2130
2131
2123
2131
2124
2124
2131
2125
2132
2125
2131
2125
2207
2208
2125
2208
2126
2125
2132
2214
2125
2214
2207
2127
2133
2134
2127
2134
2128
2127
2212
2218
2127
2218
2133
2129
2135
2136
2129
2136
2130
2130
2136
2131
2137
2131
2136
2131
2213
2214
2131
2214
2132
2131
2137
2221
2131
2221
2213
2133
2218
2219
2133
2219
2134
2134
2219
2138
2225
2138
2219
2135
2140
2141
2135
2141
2136
2136
2220
2137
2221
2137
2220
2136
2141
2220
2227
2220
2141
2138
2225
2142
2230
2142
2225
2139
2144
2145
2139
2145
2140
2140
2226
2141
2227
2141
2226
2140
2145
2226
2231
2226
2145
2142
2230
2146
2235
2146
2230
2143
2147
2148
2143
2148
2144
2144
2148
2145
2149
2145
2148
2145
2149
2237
2145
2237
2231
2146
2235
2150
2241
2150
2235
2147
2152
2153
2147
2153
2148
2148
2236
2149
2237
2149
2236
2148
2153
2236
2244
2236
2153
2150
2241
2154
2247
2154
2241
2151
2152
2156
2151
2156
2155
2151
2242
2243
2151
2243
2152
2151
2155
2248
2151
2248
2242
2152
2243
2153
2244
2153
2243
2154
2247
2157
2250
2157
2247
2155
2156
2159
2155
2159
2158
2155
2158
2251
2155
2251
2248
2157
2250
2254
2157
2254
2160
2158
2161
2251
2255
2251
2161
2160
2254
2163
2259
2163
2254
2161
2164
2165
2161
2165
2162
2161
2162
2256
2161
2256
2255
2162
2165
2256
2260
2256
2165
2163
2259
2263
2163
2263
2170
2165
2166
2261
2165
2261
2260
2166
2171
2167
2172
2167
2171
2166
2167
2261
2262
2261
2167
2167
2172
2264
2167
2264
2262
2168
2169
2173
2174
2173
2169
2169
2170
2175
2169
2175
2174
2170
2263
2175
2267
2175
2263
2171
2176
2177
2171
2177
2172
2172
2177
2264
2268
2264
2177
2173
2174
2179
2173
2179
2178
2174
2175
2179
2180
2179
2175
2175
2267
2272
2175
2272
2180
2176
2181
2177
2182
2177
2181
2177
2182
2273
2177
2273
2268
2178
2179
2184
2185
2184
2179
2179
2180
2272
2179
2272
2271
2179
2271
2276
2179
2276
2185
2181
2186
2187
2181
2187
2182
2182
2187
2183
2188
2183
2187
2182
2183
2273
2274
2273
2183
2183
2188
2277
2183
2277
2274
2185
2276
2279
2185
2279
2190
2188
2189
2277
2278
2277
2189
2189
2191
2280
2189
2280
2278
2190
2279
2194
2286
2194
2279
2191
2192
2281
2191
2281
2280
2192
2195
2281
2287
2281
2195
2193
2194
2286
2193
2286
2285
2193
2285
2291
2193
2291
2199
2195
2196
2288
2195
2288
2287
2196
2197
2288
2289
2288
2197
2197
2198
2290
2197
2290
2289
2198
2199
2290
2291
2290
2199
2200
2203
2201
2204
2201
2203
2202
2208
2203
2209
2203
2208
2203
2292
2293
2203
2293
2204
2203
2209
2294
2203
2294
2292
2204
2210
2205
2211
2205
2210
2204
2293
2210
2295
2210
2293
2205
2211
2212
2205
2212
2206
2207
2214
2215
2207
2215
2208
2208
2215
2209
2216
2209
2215
2209
2216
2298
2209
2298
2294
2210
2295
2211
2296
2211
2295
2211
2217
2218
2211
2218
2212
2211
2296
2300
2211
2300
2217
2213
2221
2222
2213
2222
2214
2214
2222
2215
2223
2215
2222
2215
2297
2298
2215
2298
2216
2215
2223
2303
2215
2303
2297
2217
2300
2301
2217
2301
2218
2218
2224
2219
2225
2219
2224
2218
2301
2224
2306
2224
2301
2220
2227
2221
2228
2221
2227
2221
2228
2229
2221
2229
2222
2222
2302
2223
2303
2223
2302
2222
2229
2302
2308
2302
2229
2224
2306
2225
2307
2225
2306
2225
2307
2311
2225
2311
2230
2226
2231
2227
2232
2227
2231
2227
2232
2233
2227
2233
2228
2228
2233
2229
2234
2229
2233
2229
2234
2314
2229
2314
2308
2230
2311
2235
2316
2235
2311
2231
2237
2238
2231
2238
2232
2232
2312
2233
2313
2233
2312
2232
2238
2312
2317
2312
2238
2233
2239
2240
2233
2240
2234
2233
2313
2318
2233
2318
2239
2234
2240
2314
2319
2314
2240
2235
2316
2320
2235
2320
2241
2236
2244
2237
2245
2237
2244
2237
2245
2246
2237
2246
2238
2238
2246
2317
2324
2317
2246
2239
2318
2319
2239
2319
2240
2241
2320
2326
2241
2326
2247
2242
2248
2243
2249
2243
2248
2243
2321
2322
2243
2322
2244
2243
2249
2327
2243
2327
2321
2244
2322
2245
2323
2245
2322
2245
2323
2324
2245
2324
2246
2247
2326
2331
2247
2331
2250
2248
2251
2249
2252
2249
2251
2249
2252
2332
2249
2332
2327
2250
2331
2254
2336
2254
2331
2251
2255
2256
2251
2256
2252
2252
2256
2253
2257
2253
2256
2252
2253
2332
2333
2332
2253
2253
2257
2337
2253
2337
2333
2254
2336
2259
2340
2259
2336
2256
2260
2257
2261
2257
2260
2257
2261
2262
2257
2262
2258
2257
2258
2338
2257
2338
2337
2258
2262
2338
2341
2338
2262
2259
2340
2343
2259
2343
2263
2262
2264
2341
2344
2341
2264
2263
2343
2347
2263
2347
2267
2264
2268
2265
2269
2265
2268
2264
2265
2344
2345
2344
2265
2265
2269
2270
2265
2270
2266
2265
2266
2346
2265
2346
2345
2266
2270
2346
2348
2346
2270
2267
2347
2351
2267
2351
2272
2268
2273
2269
2274
2269
2273
2269
2274
2275
2269
2275
2270
2270
2275
2348
2352
2348
2275
2271
2272
2351
2271
2351
2350
2271
2350
2354
2271
2354
2276
2274
2277
2275
2278
2275
2277
2275
2278
2355
2275
2355
2352
2276
2354
2279
2361
2279
2354
2278
2280
2355
2362
2355
2280
2279
2361
2368
2279
2368
2286
2280
2281
2362
2363
2362
2281
2281
2287
2288
2281
2288
2282
2281
2282
2364
2281
2364
2363
2282
2288
2283
2289
2283
2288
2282
2283
2364
2365
2364
2283
2283
2289
2290
2283
2290
2284
2283
2284
2366
2283
2366
2365
2284
2290
2285
2291
2285
2290
2284
2285
2366
2367
2366
2285
2285
2286
2368
2285
2368
2367
2292
2294
2293
2295
2293
2294
2294
2298
2295
2299
2295
2298
2295
2299
2300
2295
2300
2296
2297
2303
2304
2297
2304
2298
2298
2369
2299
2370
2299
2369
2298
2304
2369
2373
2369
2304
2299
2370
2371
2299
2371
2300
2300
2305
2301
2306
2301
2305
2300
2371
2305
2375
2305
2371
2302
2308
2303
2309
2303
2308
2303
2372
2373
2303
2373
2304
2303
2309
2378
2303
2378
2372
2305
2375
2376
2305
2376
2306
2306
2310
2307
2311
2307
2310
2306
2376
2310
2382
2310
2376
2308
2377
2309
2378
2309
2377
2308
2314
2377
2383
2377
2314
2310
2315
2311
2316
2311
2315
2310
2382
2315
2388
2315
2382
2312
2317
2313
2318
2313
2317
2314
2319
2383
2391
2383
2319
2315
2388
2389
2315
2389
2316
2316
2389
2320
2395
2320
2389
2317
2324
2325
2317
2325
2318
2318
2390
2319
2391
2319
2390
2318
2325
2390
2397
2390
2325
2320
2395
2326
2402
2326
2395
2321
2327
2328
2321
2328
2322
2322
2328
2323
2329
2323
2328
2323
2329
2330
2323
2330
2324
2324
2396
2325
2397
2325
2396
2324
2330
2396
2403
2396
2330
2326
2402
2331
2408
2331
2402
2327
2332
2333
2327
2333
2328
2328
2333
2329
2334
2329
2333
2329
2334
2335
2329
2335
2330
2330
2335
2403
2409
2403
2335
2331
2408
2412
2331
2412
2336
2333
2337
2338
2333
2338
2334
2334
2338
2335
2339
2335
2338
2335
2339
2413
2335
2413
2409
2336
2412
2340
2417
2340
2412
2338
2341
2339
2342
2339
2341
2339
2342
2418
2339
2418
2413
2340
2417
2343
2422
2343
2417
2341
2344
2345
2341
2345
2342
2342
2345
2418
2423
2418
2345
2343
2422
2427
2343
2427
2347
2345
2346
2424
2345
2424
2423
2346
2348
2424
2428
2424
2348
2347
2427
2432
2347
2432
2351
2348
2352
2349
2353
2349
2352
2348
2349
2428
2429
2428
2349
2349
2353
2433
2349
2433
2429
2350
2351
2431
2432
2431
2351
2350
2431
2354
2438
2354
2431
2352
2355
2353
2356
2353
2355
2353
2356
2439
2353
2439
2433
2354
2438
2361
2444
2361
2438
2355
2362
2363
2355
2363
2356
2356
2363
2357
2364
2357
2363
2356
2357
2439
2440
2439
2357
2357
2364
2365
2357
2365
2358
2357
2358
2441
2357
2441
2440
2358
2365
2359
2366
2359
2365
2358
2359
2441
2442
2441
2359
2359
2366
2367
2359
2367
2360
2359
2360
2443
2359
2443
2442
2360
2367
2361
2368
2361
2367
2360
2361
2443
2444
2443
2361
2369
2373
2374
2369
2374
2370
2370
2374
2371
2375
2371
2374
2372
2378
2373
2379
2373
2378
2373
2379
2380
2373
2380
2374
2374
2380
2375
2381
2375
2380
2375
2381
2382
2375
2382
2376
2377
2383
2384
2377
2384
2378
2378
2384
2379
2385
2379
2384
2379
2385
2386
2379
2386
2380
2380
2386
2381
2387
2381
2386
2381
2387
2388
2381
2388
2382
2383
2391
2392
2383
2392
2384
2384
2392
2385
2393
2385
2392
2385
2445
2446
2385
2446
2386
2385
2393
2449
2385
2449
2445
2386
2446
2387
2447
2387
2446
2387
2447
2448
2387
2448
2388
2388
2394
2389
2395
2389
2394
2388
2448
2394
2452
2394
2448
2390
2397
2391
2398
2391
2397
2391
2398
2399
2391
2399
2392
2392
2399
2393
2400
2393
2399
2393
2400
2454
2393
2454
2449
2394
2401
2395
2402
2395
2401
2394
2452
2401
2457
2401
2452
2396
2403
2397
2404
2397
2403
2397
2404
2405
2397
2405
2398
2398
2405
2399
2406
2399
2405
2399
2453
2454
2399
2454
2400
2399
2406
2460
2399
2460
2453
2401
2407
2408
2401
2408
2402
2401
2457
2464
2401
2464
2407
2403
2409
2410
2403
2410
2404
2404
2458
2405
2459
2405
2458
2404
2410
2458
2465
2458
2410
2405
2459
2460
2405
2460
2406
2407
2411
2412
2407
2412
2408
2407
2464
2470
2407
2470
2411
2409
2413
2414
2409
2414
2410
2410
2414
2465
2471
2465
2414
2411
2416
2417
2411
2417
2412
2411
2470
2476
2411
2476
2416
2413
2418
2419
2413
2419
2414
2414
2419
2415
2420
2415
2419
2414
2415
2471
2472
2471
2415
2415
2420
2477
2415
2477
2472
2416
2421
2417
2422
2417
2421
2416
2476
2421
2480
2421
2476
2418
2423
2419
2424
2419
2423
2419
2424
2425
2419
2425
2420
2420
2425
2477
2481
2477
2425
2421
2426
2427
2421
2427
2422
2421
2480
2484
2421
2484
2426
2424
2428
2425
2429
2425
2428
2425
2429
2485
2425
2485
2481
2426
2431
2427
2432
2427
2431
2426
2484
2431
2490
2431
2484
2429
2433
2434
2429
2434
2430
2429
2430
2486
2429
2486
2485
2430
2434
2486
2491
2486
2434
2431
2490
2495
2431
2495
2438
2433
2439
2440
2433
2440
2434
2434
2440
2435
2441
2435
2440
2434
2435
2491
2492
2491
2435
2435
2441
2442
2435
2442
2436
2435
2436
2493
2435
2493
2492
2436
2442
2437
2443
2437
2442
2436
2437
2493
2494
2493
2437
2437
2443
2444
2437
2444
2438
2437
2438
2495
2437
2495
2494
2445
2449
2450
2445
2450
2446
2446
2450
2447
2451
2447
2450
2447
2451
2452
2447
2452
2448
2449
2454
2455
2449
2455
2450
2450
2455
2451
2456
2451
2455
2451
2456
2457
2451
2457
2452
2453
2460
2461
2453
2461
2454
2454
2461
2455
2462
2455
2461
2455
2462
2463
2455
2463
2456
2456
2463
2457
2464
2457
2463
2458
2465
2459
2466
2459
2465
2459
2466
2467
2459
2467
2460
2460
2467
2461
2468
2461
2467
2461
2496
2497
2461
2497
2462
2461
2468
2499
2461
2499
2496
2462
2497
2463
2498
2463
2497
2463
2469
2470
2463
2470
2464
2463
2498
2501
2463
2501
2469
2465
2471
2472
2465
2472
2466
2466
2472
2467
2473
2467
2472
2467
2473
2474
2467
2474
2468
2468
2474
2499
2504
2499
2474
2469
2475
2476
2469
2476
2470
2469
2501
2506
2469
2506
2475
2472
2502
2473
2503
2473
2502
2472
2477
2502
2507
2502
2477
2473
2503
2504
2473
2504
2474
2475
2479
2480
2475
2480
2476
2475
2506
2511
2475
2511
2479
2477
2481
2482
2477
2482
2478
2477
2478
2508
2477
2508
2507
2478
2482
2508
2512
2508
2482
2479
2483
2484
2479
2484
2480
2479
2511
2515
2479
2515
2483
2481
2485
2486
2481
2486
2482
2482
2486
2512
2516
2512
2486
2483
2489
2490
2483
2490
2484
2483
2515
2519
2483
2519
2489
2486
2491
2487
2492
2487
2491
2486
2487
2516
2517
2516
2487
2487
2492
2493
2487
2493
2488
2487
2488
2518
2487
2518
2517
2488
2493
2489
2494
2489
2493
2488
2489
2518
2519
2518
2489
2489
2494
2495
2489
2495
2490
2496
2499
2497
2500
2497
2499
2497
2500
2501
2497
2501
2498
2499
2504
2505
2499
2505
2500
2500
2505
2501
2506
2501
2505
2502
2507
2503
2508
2503
2507
2503
2508
2509
2503
2509
2504
2504
2509
2505
2510
2505
2509
2505
2510
2511
2505
2511
2506
2508
2512
2509
2513
2509
2512
2509
2513
2514
2509
2514
2510
2510
2514
2511
2515
2511
2514
2512
2516
2513
2517
2513
2516
2513
2517
2518
2513
2518
2514
2514
2518
2515
2519
2515
2518
