-17.85
-18.63
42.28
-17.90
-18.63
42.28
-17.75
-18.54
42.02
-17.86
-18.52
42.02
-17.33
-18.42
41.16
-17.56
-18.51
41.46
-17.79
-18.47
41.49
-17.34
-18.48
40.81
-17.54
-18.58
40.91
-17.74
-18.50
40.96
-17.38
-18.54
40.58
-17.53
-18.54
40.59
-17.69
-18.50
40.65
-17.82
-18.51
42.32
-17.89
-18.51
42.31
-17.66
-18.19
42.16
-17.86
-18.17
42.11
-17.16
-18.04
41.31
-17.38
-18.15
41.72
-17.89
-18.09
41.55
-17.20
-18.07
40.81
-17.35
-17.98
40.62
-17.82
-18.14
40.98
-17.34
-18.36
40.55
-17.50
-18.26
40.51
-17.71
-18.26
40.62
-17.68
-16.48
43.42
-17.82
-16.49
43.37
-17.56
-16.74
43.08
-17.84
-16.72
43.01
-16.95
-17.02
42.19
-17.39
-17.29
42.44
-17.84
-17.24
42.35
-16.52
-16.80
41.47
-16.85
-17.27
41.62
-17.19
-17.63
41.93
-17.91
-17.38
41.64
-16.57
-16.78
41.20
-16.93
-17.22
41.03
-17.38
-17.46
40.76
-17.75
-17.52
40.99
-17.55
-17.92
40.55
-17.71
-17.94
40.64
-17.54
-16.06
43.59
-17.81
-16.11
43.47
-16.81
-16.02
43.08
-17.22
-16.27
43.26
-17.95
-16.25
43.05
-16.29
-16.01
42.19
-16.66
-16.38
42.49
-17.09
-16.69
42.76
-17.99
-16.44
42.42
-16.31
-16.24
41.69
-16.56
-16.67
41.92
-17.94
-16.54
41.75
-16.42
-16.22
41.24
-16.81
-16.37
41.01
-17.30
-16.50
40.95
-17.71
-16.58
41.21
-16.96
-14.54
44.57
-17.17
-14.64
44.52
-16.86
-14.85
44.12
-17.33
-15.21
43.97
-17.75
-15.50
43.62
-16.15
-15.00
43.01
-16.58
-15.30
43.41
-17.05
-15.63
43.60
-17.94
-15.61
43.12
-16.04
-15.30
42.43
-16.40
-15.69
42.79
-17.99
-15.69
42.48
-15.98
-15.38
41.75
-17.90
-15.74
41.84
-16.18
-15.36
41.27
-16.66
-15.45
41.05
-17.22
-15.57
41.10
-17.65
-15.74
41.34
-16.93
-13.64
45.22
-17.07
-13.65
45.19
-16.85
-13.97
44.85
-17.18
-14.02
44.78
-16.55
-14.19
44.33
-17.50
-14.39
44.05
-17.74
-14.96
43.68
-15.90
-14.32
43.16
-16.26
-14.42
43.72
-17.68
-14.23
43.34
-17.85
-14.94
43.20
-15.20
-13.82
42.09
-15.58
-14.30
42.43
-17.69
-14.21
42.58
-17.88
-14.96
42.53
-15.16
-13.82
41.67
-15.59
-14.48
41.74
-17.54
-14.29
41.87
-17.78
-15.01
41.89
-15.27
-13.77
41.31
-15.81
-14.31
41.24
-16.50
-14.46
41.09
-17.18
-14.57
41.31
-17.59
-15.10
41.45
-16.85
-13.14
45.31
-17.07
-13.14
45.28
-16.61
-13.26
44.99
-17.25
-13.27
44.88
-15.90
-13.08
44.02
-16.25
-13.38
44.41
-17.45
-13.39
44.21
-15.70
-13.43
43.46
-16.06
-13.77
43.89
-17.56
-13.36
43.42
-14.99
-13.22
42.23
-15.32
-13.46
42.75
-17.53
-13.35
42.61
-14.52
-12.69
41.40
-14.79
-13.07
41.64
-17.34
-13.39
41.88
-14.61
-12.69
41.18
-15.01
-13.07
41.17
-15.65
-13.33
41.01
-16.34
-13.44
41.03
-16.95
-13.48
41.32
-16.78
-12.38
45.39
-17.04
-12.37
45.34
-16.48
-12.43
45.12
-17.25
-12.41
44.94
-15.77
-12.39
44.12
-16.14
-12.46
44.65
-17.41
-12.44
44.27
-14.98
-12.10
43.02
-15.36
-12.45
43.44
-17.48
-12.44
43.46
-14.79
-12.41
42.49
-15.14
-12.79
42.90
-17.42
-12.43
42.63
-14.38
-12.19
41.46
-14.53
-12.39
41.87
-17.22
-12.45
41.88
-14.51
-12.17
41.11
-14.94
-12.30
40.92
-15.57
-12.40
40.83
-16.24
-12.46
40.95
-16.82
-12.47
41.30
-16.70
-11.49
45.45
-17.00
-11.47
45.38
-16.37
-11.54
45.21
-17.23
-11.47
44.97
-15.67
-11.51
44.30
-16.04
-11.61
44.79
-17.38
-11.48
44.30
-14.84
-11.40
43.12
-15.25
-11.49
43.69
-17.43
-11.48
43.48
-14.20
-11.09
42.06
-14.48
-11.46
42.46
-17.37
-11.48
42.63
-14.19
-11.38
41.58
-14.35
-11.77
41.96
-17.16
-11.48
41.87
-14.35
-11.36
41.02
-14.84
-11.43
40.74
-15.50
-11.44
40.68
-16.19
-11.47
40.86
-16.77
-11.48
41.26
-16.59
-10.52
45.49
-16.94
-10.51
45.41
-15.88
-10.18
45.03
-16.20
-10.60
45.25
-17.20
-10.50
44.99
-15.59
-10.54
44.54
-15.95
-10.91
44.89
-17.36
-10.50
44.31
-14.70
-10.51
43.29
-15.13
-10.60
43.88
-17.41
-10.49
43.49
-14.04
-10.38
42.15
-14.34
-10.55
42.69
-17.34
-10.49
42.63
-13.89
-10.39
41.49
-17.14
-10.49
41.86
-14.04
-10.34
40.79
-14.68
-10.53
40.52
-15.40
-10.35
40.46
-16.18
-10.45
40.77
-16.75
-10.48
41.23
-14.02
-9.83
40.35
-14.50
-9.88
40.23
-14.98
-9.85
40.22
-16.11
-9.09
45.50
-16.45
-9.50
45.57
-16.87
-9.53
45.45
-15.82
-9.41
45.17
-16.16
-9.83
45.39
-17.16
-9.52
45.01
-14.87
-9.11
44.05
-15.30
-9.47
44.50
-17.33
-9.51
44.32
-14.10
-9.10
42.96
-14.54
-9.48
43.46
-14.99
-9.85
43.96
-17.39
-9.50
43.49
-13.86
-9.44
42.37
-14.23
-9.83
42.85
-17.33
-9.50
42.63
-12.93
-8.86
41.10
-13.43
-9.35
41.48
-17.14
-9.50
41.85
-11.79
-8.69
40.11
-12.08
-8.66
40.23
-12.67
-8.84
40.56
-13.40
-9.46
40.72
-15.61
-9.39
40.34
-16.25
-9.46
40.70
-16.78
-9.49
41.20
-11.80
-8.68
40.04
-12.11
-8.64
40.06
-12.73
-8.78
40.11
-13.58
-9.17
40.16
-14.35
-9.19
40.02
-15.01
-9.23
40.10
-16.05
-8.38
45.55
-16.46
-8.49
45.64
-16.83
-8.60
45.48
-15.65
-8.44
45.22
-17.10
-8.53
45.05
-14.79
-8.38
44.17
-15.21
-8.46
44.69
-17.30
-8.51
44.33
-13.95
-8.37
43.03
-14.38
-8.43
43.60
-17.37
-8.50
43.49
-13.57
-8.46
42.41
-17.33
-8.50
42.63
-12.78
-8.29
41.28
-13.19
-8.50
41.77
-17.14
-8.50
41.84
-11.78
-8.55
40.11
-12.03
-8.27
40.25
-12.41
-8.26
40.73
-15.71
-8.45
40.25
-16.31
-8.48
40.66
-16.80
-8.49
41.18
-11.80
-8.55
40.01
-12.11
-8.26
39.94
-12.74
-8.29
39.79
-13.51
-8.39
39.74
-14.30
-8.37
39.76
-15.04
-8.39
39.95
-15.96
-7.47
45.58
-16.46
-7.48
45.64
-16.79
-7.86
45.49
-15.53
-7.52
45.27
-16.73
-7.12
45.47
-17.00
-7.50
45.12
-14.70
-7.49
44.28
-15.12
-7.54
44.80
-17.25
-7.50
44.34
-13.79
-7.48
43.11
-14.25
-7.49
43.71
-17.36
-7.50
43.48
-12.93
-7.14
42.04
-13.31
-7.50
42.43
-17.32
-7.50
42.62
-12.68
-7.46
41.52
-13.05
-7.83
41.91
-17.15
-7.50
41.83
-12.08
-7.41
40.31
-12.31
-7.51
40.87
-15.76
-7.48
40.17
-16.35
-7.50
40.62
-16.82
-7.50
41.17
-12.20
-7.32
39.72
-12.77
-7.57
39.48
-13.48
-7.61
39.41
-14.28
-7.39
39.45
-15.09
-7.46
39.79
-12.34
-6.86
39.29
-12.78
-6.94
39.14
-13.39
-6.95
39.09
-13.92
-6.90
39.15
-15.81
-6.51
45.60
-16.28
-6.47
45.66
-15.39
-6.63
45.31
-16.68
-6.38
45.45
-17.00
-6.47
45.00
-14.61
-6.57
44.42
-15.02
-6.69
44.89
-17.23
-6.49
44.29
-13.66
-6.53
43.24
-14.14
-6.55
43.84
-17.34
-6.50
43.46
-12.82
-6.43
42.15
-13.23
-6.58
42.66
-17.32
-6.50
42.61
-12.08
-6.12
41.03
-12.40
-6.48
41.48
-17.15
-6.50
41.83
-11.96
-6.44
40.47
-12.20
-6.83
40.94
-15.82
-6.51
40.09
-16.37
-6.51
40.58
-16.83
-6.50
41.15
-11.93
-6.35
39.70
-14.58
-6.51
39.30
-15.19
-6.50
39.65
-12.16
-6.20
39.11
-12.71
-6.25
38.85
-13.39
-6.24
38.81
-14.05
-6.29
38.99
-15.21
-5.00
45.52
-15.59
-5.46
45.62
-16.15
-5.48
45.66
-14.92
-5.19
45.20
-15.21
-5.82
45.31
-16.60
-5.47
45.42
-16.96
-5.50
44.94
-14.55
-5.58
44.64
-14.93
-6.02
44.97
-17.21
-5.50
44.25
-13.06
-5.13
42.93
-13.48
-5.52
43.32
-14.03
-5.63
43.97
-17.33
-5.50
43.44
-12.75
-5.49
42.40
-13.15
-5.87
42.81
-17.31
-5.50
42.60
-11.95
-5.39
41.14
-12.30
-5.55
41.72
-17.15
-5.50
41.81
-11.69
-5.41
40.41
-15.87
-5.53
40.01
-16.40
-5.52
40.53
-16.84
-5.51
41.12
-11.24
-4.80
39.27
-11.55
-5.32
39.57
-14.71
-5.82
39.18
-15.23
-5.50
39.47
-11.27
-4.74
38.85
-11.80
-5.21
38.73
-12.60
-5.47
38.48
-13.41
-5.36
38.43
-14.28
-5.41
38.80
-14.84
-5.11
39.06
-11.97
-4.80
38.15
-12.52
-4.90
38.05
-13.08
-4.85
38.05
-15.15
-4.35
45.56
-15.59
-4.48
45.72
-16.09
-4.54
45.67
-14.74
-4.38
45.18
-16.54
-4.54
45.39
-16.91
-4.55
44.90
-13.85
-4.11
44.15
-14.26
-4.48
44.56
-17.16
-4.53
44.23
-12.97
-4.38
43.03
-13.52
-4.46
43.66
-13.94
-4.86
44.07
-17.30
-4.51
43.43
-12.08
-4.09
41.92
-12.46
-4.45
42.36
-17.30
-4.51
42.59
-11.83
-4.44
41.36
-12.18
-4.82
41.83
-17.15
-4.50
41.79
-11.10
-4.01
39.99
-11.41
-4.41
40.46
-15.97
-4.61
39.96
-16.43
-4.53
40.46
-16.85
-4.51
41.08
-11.02
-4.22
39.42
-11.29
-4.68
39.82
-15.48
-4.50
39.46
-10.57
-3.66
38.30
-10.91
-4.09
38.60
-11.42
-4.53
38.34
-13.68
-4.68
38.18
-14.30
-4.40
38.44
-14.95
-4.38
38.95
-10.59
-3.59
38.03
-10.95
-3.83
37.98
-11.66
-4.16
37.79
-12.47
-4.30
37.69
-13.28
-4.18
37.77
-13.91
-3.99
38.01
-11.95
-3.79
37.36
-12.44
-3.81
37.33
-12.91
-3.77
37.38
-15.11
-3.54
45.57
-15.57
-3.60
45.71
-16.03
-3.67
45.64
-14.69
-3.50
45.21
-16.45
-3.61
45.32
-16.83
-3.66
44.86
-13.80
-3.37
44.21
-14.24
-3.47
44.70
-17.08
-3.58
44.22
-12.88
-3.44
43.12
-13.37
-3.44
43.68
-17.24
-3.53
43.42
-12.00
-3.36
41.99
-12.41
-3.44
42.54
-17.27
-3.51
42.58
-11.64
-3.44
41.38
-17.15
-3.50
41.76
-10.96
-3.34
40.08
-11.28
-3.44
40.69
-16.04
-3.87
39.91
-16.42
-3.50
40.30
-16.86
-3.50
41.02
-10.73
-3.36
39.45
-15.71
-3.50
39.47
-16.11
-3.14
39.85
-10.38
-3.16
38.31
-10.54
-3.32
38.81
-14.58
-3.45
38.35
-15.13
-3.47
38.87
-10.45
-3.14
37.87
-10.81
-3.32
37.61
-11.32
-3.46
37.38
-13.52
-3.31
37.52
-14.08
-3.32
37.89
-11.78
-3.29
37.12
-12.38
-3.23
37.06
-12.98
-3.20
37.19
-15.11
-2.77
45.53
-15.57
-2.76
45.61
-15.97
-3.00
45.55
-14.72
-2.63
45.21
-15.80
-2.34
45.41
-16.30
-2.62
45.17
-16.72
-2.95
44.81
-13.78
-2.48
44.24
-14.25
-2.54
44.74
-16.62
-2.22
44.65
-16.92
-2.62
44.26
-12.82
-2.48
43.18
-13.30
-2.48
43.72
-17.15
-2.53
43.43
-11.92
-2.46
42.05
-12.36
-2.47
42.62
-17.23
-2.51
42.56
-11.53
-2.49
41.44
-17.15
-2.50
41.74
-10.81
-2.48
40.16
-11.16
-2.51
40.80
-16.56
-2.48
40.32
-16.91
-2.50
40.99
-10.52
-2.50
39.51
-15.74
-2.51
39.27
-16.17
-2.41
39.77
-10.19
-2.40
38.31
-10.32
-2.54
38.89
-14.74
-2.58
38.25
-15.23
-2.52
38.73
-10.25
-2.34
37.60
-10.70
-2.73
37.28
-11.14
-2.94
37.13
-13.66
-2.42
37.34
-14.26
-2.47
37.79
-10.25
-1.93
37.03
-10.74
-2.22
36.87
-11.47
-2.56
36.83
-12.29
-2.49
36.78
-13.01
-2.40
36.95
-15.12
-2.22
45.47
-15.40
-2.21
45.51
-14.92
-1.78
45.15
-15.54
-1.73
45.24
-16.09
-1.68
44.95
-13.81
-1.53
44.22
-14.34
-1.61
44.71
-16.54
-1.47
44.42
-16.87
-1.85
44.06
-12.80
-1.51
43.20
-13.29
-1.51
43.72
-16.78
-1.11
43.90
-17.03
-1.49
43.43
-11.86
-1.50
42.08
-12.32
-1.50
42.66
-17.18
-1.50
42.52
-11.42
-1.53
41.46
-17.15
-1.51
41.69
-10.68
-1.54
40.24
-11.05
-1.61
40.86
-16.64
-1.53
40.26
-16.96
-1.52
40.93
-10.07
-1.16
39.11
-10.32
-1.59
39.52
-15.80
-1.60
39.13
-16.24
-1.51
39.66
-9.98
-1.46
38.49
-10.18
-1.87
38.97
-14.85
-1.87
38.17
-15.29
-1.52
38.54
-9.88
-1.37
37.59
-13.80
-1.46
37.18
-14.48
-1.49
37.75
-14.95
-1.14
38.10
-9.42
-0.65
36.26
-9.87
-1.14
36.68
-10.64
-1.56
36.43
-11.44
-1.74
36.37
-12.25
-1.67
36.42
-13.05
-1.39
36.63
-9.39
-0.54
35.91
-9.86
-0.81
35.96
-10.59
-1.03
35.90
-11.39
-1.08
35.90
-12.15
-0.99
36.00
-12.71
-0.90
36.20
-14.94
-0.83
44.89
-15.48
-0.78
44.90
-15.94
-0.97
44.79
-13.87
-0.56
44.16
-14.44
-0.66
44.58
-15.71
-0.29
44.63
-16.20
-0.52
44.39
-12.81
-0.54
43.19
-13.32
-0.54
43.68
-16.66
-0.39
43.81
-16.98
-0.47
43.19
-11.81
-0.50
42.09
-12.32
-0.52
42.67
-17.15
-0.50
42.41
-10.89
-0.12
40.98
-11.27
-0.50
41.42
-17.15
-0.51
41.60
-10.19
-0.08
39.90
-10.56
-0.48
40.40
-10.95
-0.86
40.91
-16.70
-0.61
40.16
-16.99
-0.53
40.82
-9.99
-0.40
39.31
-10.27
-0.82
39.76
-15.91
-0.87
39.07
-16.30
-0.52
39.49
-9.73
-0.46
38.48
-15.59
-0.49
38.60
-16.01
-0.14
38.99
-9.55
-0.46
37.65
-13.95
-0.51
37.04
-14.52
-0.49
37.54
-15.05
-0.41
38.02
-9.14
-0.14
36.26
-9.39
-0.36
36.88
-13.37
-0.44
36.52
-8.64
0.38
35.19
-9.05
0.00
35.56
-9.75
-0.36
35.43
-10.52
-0.50
35.39
-11.33
-0.46
35.44
-12.15
-0.21
35.58
-12.85
-0.26
36.03
-8.65
0.46
34.91
-9.03
0.24
34.94
-9.68
0.06
34.90
-10.45
0.02
34.90
-11.22
0.11
34.98
-11.81
0.19
35.14
-14.96
-0.22
44.74
-15.28
-0.18
44.75
-13.96
0.42
44.05
-14.68
0.28
44.44
-15.43
0.36
44.48
-16.07
0.46
44.16
-12.84
0.38
43.16
-13.34
0.44
43.60
-16.57
0.51
43.66
-16.93
0.49
43.05
-11.84
0.50
42.15
-12.36
0.47
42.69
-17.13
0.49
42.32
-10.86
0.63
41.08
-11.31
0.54
41.59
-17.16
0.49
41.51
-10.08
0.65
39.94
-10.45
0.58
40.52
-16.78
0.14
40.12
-17.01
0.50
40.63
-9.78
0.57
39.26
-16.55
0.52
39.58
-16.86
0.88
40.06
-9.51
0.50
38.47
-15.65
0.50
38.39
-16.11
0.59
38.92
-9.30
0.40
37.69
-14.08
0.36
36.92
-14.59
0.43
37.36
-15.13
0.49
37.86
-8.86
0.58
36.39
-9.11
0.39
37.00
-13.60
0.46
36.43
-8.45
0.84
35.16
-8.64
0.70
35.71
-12.51
0.62
35.41
-13.08
0.55
35.90
-8.51
0.92
34.64
-8.97
0.66
34.47
-9.63
0.54
34.41
-10.39
0.59
34.43
-11.22
0.83
34.54
-11.96
0.78
34.96
-8.54
1.23
34.17
-8.94
1.13
34.00
-9.57
1.07
33.94
-10.28
1.13
33.97
-10.85
1.21
34.11
-13.98
1.46
43.91
-14.67
1.42
44.20
-15.37
1.42
44.21
-15.99
1.43
43.97
-12.87
1.12
43.13
-13.30
1.49
43.45
-16.50
1.45
43.53
-16.88
1.43
42.96
-11.88
1.50
42.19
-12.49
1.50
42.75
-12.91
1.87
43.09
-17.10
1.44
42.27
-10.83
1.55
41.15
-11.33
1.52
41.66
-17.16
1.49
41.50
-9.98
1.56
39.98
-10.38
1.55
40.59
-17.09
1.53
40.69
-9.62
1.53
39.28
-16.60
1.52
39.37
-16.91
1.61
39.99
-9.01
1.99
37.99
-9.27
1.53
38.42
-15.73
1.38
38.20
-16.19
1.49
38.73
-8.86
1.81
37.41
-9.09
1.18
37.65
-14.19
1.03
36.81
-14.64
1.35
37.11
-15.24
1.41
37.66
-8.69
1.47
36.63
-8.95
1.01
37.08
-13.88
1.36
36.36
-14.34
1.75
36.66
-8.26
1.50
35.14
-8.41
1.50
35.77
-12.76
1.42
35.28
-13.32
1.44
35.77
-8.24
1.65
34.56
-11.59
1.65
34.34
-12.23
1.56
34.81
-8.39
1.78
33.94
-8.84
1.76
33.51
-9.53
1.66
33.47
-10.28
1.84
33.52
-10.99
1.79
33.90
-8.99
2.14
33.04
-9.47
2.16
33.01
-9.95
2.21
33.10
-14.04
2.49
43.83
-14.68
2.46
44.05
-15.36
2.43
44.04
-15.94
2.35
43.82
-13.44
2.52
43.45
-16.42
2.39
43.40
-16.80
2.30
42.90
-11.88
2.50
42.16
-12.44
2.53
42.63
-12.94
2.61
43.05
-17.03
2.35
42.26
-10.82
2.51
41.18
-11.34
2.50
41.68
-17.13
2.47
41.49
-9.90
2.52
40.03
-10.34
2.52
40.63
-17.11
2.50
40.66
-9.50
2.50
39.36
-16.67
2.45
39.19
-16.96
2.51
39.90
-8.92
2.65
38.11
-9.19
2.46
38.69
-15.81
2.08
38.03
-16.23
2.45
38.44
-8.67
2.62
37.37
-14.87
2.10
37.02
-15.45
2.41
37.46
-15.94
2.82
37.86
-8.43
2.49
36.53
-13.98
2.11
36.13
-14.53
2.53
36.47
-15.13
2.85
36.90
-8.13
2.12
35.11
-8.19
2.39
35.63
-12.96
2.10
35.17
-13.53
2.42
35.55
-14.10
2.85
35.87
-8.05
2.49
34.59
-8.05
2.66
35.10
-11.85
2.49
34.17
-12.57
2.47
34.71
-13.15
2.82
35.04
-8.16
2.61
33.60
-8.54
2.30
33.24
-10.60
2.57
33.27
-11.21
2.56
33.68
-8.18
3.04
32.73
-8.73
2.65
32.69
-9.42
2.79
32.53
-10.10
2.76
32.85
-8.17
3.32
32.08
-8.62
3.16
32.03
-9.13
3.20
32.02
-14.07
3.47
43.77
-14.69
3.45
43.94
-15.40
3.46
43.86
-15.91
3.09
43.68
-13.51
3.49
43.42
-15.82
3.83
43.59
-16.31
3.45
43.22
-16.71
2.98
42.84
-11.90
3.47
42.12
-12.45
3.50
42.56
-12.98
3.52
43.00
-16.69
3.82
42.52
-16.91
3.18
42.31
-10.83
3.49
41.18
-11.36
3.48
41.67
-16.88
4.01
41.99
-17.04
3.54
41.53
-9.84
3.51
40.06
-10.32
3.50
40.66
-17.11
3.50
40.59
-9.05
3.89
38.90
-9.36
3.52
39.35
-16.78
3.33
39.08
-17.01
3.45
39.75
-8.84
3.56
38.32
-9.12
3.17
38.81
-16.48
3.39
38.40
-8.50
3.55
37.42
-15.65
3.20
37.30
-16.09
3.58
37.67
-8.00
3.99
36.09
-8.22
3.48
36.50
-14.78
3.48
36.22
-15.38
3.60
36.78
-15.85
3.94
37.14
-7.90
3.82
35.46
-8.06
3.20
35.67
-13.70
3.20
35.34
-14.22
3.60
35.62
-7.85
3.49
34.65
-7.97
3.12
35.13
-12.00
3.34
33.96
-12.64
3.39
34.41
-13.34
3.58
34.87
-13.86
3.94
35.14
-7.81
3.56
33.60
-10.79
3.20
33.07
-11.37
3.48
33.41
-7.79
3.73
32.62
-9.72
3.36
32.20
-10.38
3.61
32.55
-10.99
3.88
32.94
-7.35
4.29
30.98
-7.80
3.90
31.55
-8.53
3.66
31.39
-9.34
3.80
31.55
-9.97
3.99
31.95
-7.25
4.33
30.30
-7.75
4.03
30.47
-8.39
3.96
30.50
-8.98
4.17
30.59
-7.08
4.38
29.43
-7.64
4.15
29.52
-8.30
4.22
29.57
-8.78
4.35
29.92
-6.46
4.47
27.94
-6.83
4.40
28.42
-7.46
4.26
28.64
-8.03
4.37
28.73
-6.40
4.46
27.44
-6.82
4.38
27.56
-7.41
4.39
27.91
-7.84
4.47
28.16
-6.32
4.49
26.94
-6.57
4.45
26.93
-6.32
4.55
26.65
-6.47
4.57
26.63
-14.09
4.39
43.71
-14.64
4.38
43.87
-15.21
4.41
43.80
-13.57
4.43
43.37
-15.69
4.54
43.53
-16.16
4.52
43.10
-11.94
4.38
42.07
-12.47
4.46
42.47
-13.03
4.47
42.93
-16.54
4.63
42.50
-10.86
4.48
41.18
-11.42
4.46
41.65
-16.82
4.68
41.89
-17.03
4.55
41.24
-9.83
4.50
40.12
-10.33
4.49
40.67
-17.11
4.50
40.40
-9.01
4.62
38.95
-9.38
4.53
39.52
-16.88
4.00
38.98
-17.05
4.46
39.45
-8.68
4.56
38.28
-16.72
4.20
38.43
-16.95
4.82
38.65
-8.06
4.95
36.92
-8.32
4.56
37.42
-16.47
4.58
37.70
-16.81
5.02
38.08
-7.93
4.67
36.30
-8.14
4.23
36.76
-14.96
4.19
36.05
-15.45
4.55
36.39
-16.01
4.64
37.00
-7.74
4.63
35.43
-14.62
4.56
35.55
-15.13
4.89
35.90
-7.62
4.50
34.53
-12.16
3.99
33.83
-12.65
4.18
34.11
-13.32
4.57
34.44
-14.00
4.65
34.96
-7.54
4.47
33.58
-11.84
4.43
33.40
-12.50
4.78
33.76
-12.99
4.99
34.01
-7.46
4.52
32.67
-10.66
4.57
32.33
-11.22
4.58
32.84
-7.11
4.79
31.08
-7.35
4.61
31.81
-9.71
4.62
31.18
-10.18
4.65
31.76
-6.92
4.86
30.31
-9.35
4.74
30.43
-6.74
4.88
29.44
-8.62
4.55
29.25
-9.02
4.82
29.60
-6.31
4.75
27.96
-6.52
4.85
28.56
-8.47
4.78
28.60
-8.87
5.05
28.94
-6.23
4.74
27.42
-7.05
4.52
27.21
-7.53
4.73
27.37
-8.07
4.84
27.90
-6.23
4.75
26.92
-6.86
4.65
26.82
-7.27
4.94
26.81
-6.35
4.79
26.61
-6.66
4.90
26.54
-7.07
5.15
26.50
-14.14
5.19
43.64
-14.60
5.17
43.78
-15.08
5.20
43.72
-13.69
5.32
43.30
-15.52
5.35
43.43
-16.00
5.41
42.99
-11.99
5.11
42.02
-12.47
5.47
42.32
-13.13
5.42
42.84
-16.40
5.50
42.42
-10.93
5.45
41.15
-11.58
5.47
41.66
-12.05
5.84
41.95
-16.74
5.53
41.78
-16.99
5.49
41.10
-9.86
5.48
40.13
-10.38
5.47
40.66
-17.13
5.50
40.32
-8.99
5.50
38.99
-9.39
5.49
39.57
-17.15
5.52
39.47
-8.64
5.52
38.36
-17.08
5.64
38.65
-8.00
5.66
36.99
-8.29
5.56
37.65
-16.58
5.48
37.40
-16.89
5.67
37.94
-7.76
5.60
36.25
-15.71
5.44
36.27
-16.18
5.51
36.80
-7.55
5.55
35.39
-14.76
5.51
35.29
-15.29
5.58
35.77
-7.41
5.41
34.48
-13.60
5.47
34.28
-14.18
5.53
34.75
-7.31
5.33
33.57
-11.97
5.34
33.14
-12.54
5.49
33.50
-13.12
5.63
33.85
-7.22
5.30
32.72
-10.88
5.45
32.13
-11.44
5.44
32.67
-6.90
5.51
31.24
-7.10
5.33
31.95
-9.97
5.37
30.99
-10.38
5.46
31.55
-6.71
5.58
30.37
-9.66
5.46
30.32
-6.54
5.59
29.43
-9.37
5.61
29.53
-6.25
5.12
27.93
-6.37
5.53
28.39
-8.65
5.31
28.25
-9.04
5.67
28.65
-6.21
5.17
27.43
-6.31
5.73
27.55
-7.86
5.20
27.18
-8.38
5.57
27.54
-8.84
5.93
27.99
-6.26
5.18
26.91
-6.42
5.74
26.88
-7.64
5.40
26.74
-8.06
5.88
26.78
-6.39
5.15
26.59
-6.70
5.58
26.45
-7.33
5.73
26.35
-7.81
6.07
26.37
-14.22
5.74
43.56
-14.59
5.78
43.63
-14.98
5.75
43.61
-13.98
6.15
43.22
-14.61
6.29
43.33
-15.24
6.14
43.28
-15.81
6.23
42.87
-12.72
6.45
42.28
-13.37
6.36
42.74
-16.23
6.39
42.32
-10.98
6.37
41.06
-11.55
6.47
41.46
-12.14
6.57
41.86
-16.65
6.44
41.66
-16.94
6.38
41.02
-9.92
6.44
40.09
-10.46
6.44
40.61
-17.11
6.47
40.30
-9.01
6.39
39.00
-9.42
6.45
39.53
-17.20
6.51
39.45
-8.66
6.48
38.42
-17.15
6.55
38.58
-7.94
6.56
37.04
-8.28
6.52
37.74
-16.66
6.18
37.21
-16.95
6.57
37.70
-7.64
6.57
36.27
-15.88
6.14
36.17
-16.35
6.52
36.60
-16.76
6.90
37.09
-7.09
7.10
34.87
-7.34
6.61
35.33
-14.92
6.40
35.09
-15.53
6.48
35.66
-15.99
6.86
36.01
-6.98
6.98
34.26
-7.20
6.27
34.41
-13.75
6.17
34.12
-14.31
6.49
34.48
-6.87
6.87
33.44
-7.10
6.12
33.54
-12.09
5.99
32.97
-12.59
6.21
33.24
-13.32
6.57
33.62
-13.93
6.89
33.99
-6.78
6.69
32.55
-7.01
6.01
32.71
-11.08
6.31
31.93
-11.74
6.38
32.51
-12.42
6.79
32.85
-12.93
7.00
33.13
-6.72
6.38
31.57
-6.95
5.91
32.07
-10.14
5.98
30.87
-10.55
6.37
31.24
-6.55
6.43
30.48
-9.94
6.18
30.32
-10.28
6.75
30.52
-6.43
6.44
29.47
-9.74
6.55
29.53
-10.09
6.96
29.96
-6.35
6.44
28.48
-9.36
6.56
28.60
-6.35
6.51
27.58
-8.68
6.43
27.24
-9.04
6.59
27.82
-6.50
6.52
26.78
-8.36
6.54
26.62
-6.83
6.51
26.17
-7.40
6.54
25.97
-7.98
6.67
26.11
-14.09
6.85
42.96
-14.61
6.96
43.00
-15.21
6.92
42.92
-15.68
6.86
42.71
-12.92
7.35
42.14
-13.70
7.35
42.54
-14.52
7.63
42.61
-15.24
7.60
42.52
-15.94
7.34
42.21
-11.04
7.10
40.97
-11.56
7.46
41.24
-12.28
7.46
41.72
-16.54
7.44
41.44
-16.88
7.11
40.96
-10.01
7.37
40.00
-10.64
7.45
40.55
-11.14
7.82
40.85
-16.79
7.84
40.88
-17.03
7.48
40.36
-9.06
7.12
38.98
-9.46
7.46
39.39
-17.20
7.50
39.44
-8.78
7.49
38.50
-9.14
7.85
38.93
-17.21
7.53
38.56
-7.93
7.52
37.08
-8.32
7.50
37.77
-17.08
7.56
37.73
-7.59
7.54
36.37
-16.49
7.56
36.41
-16.85
7.63
37.02
-7.01
7.74
34.96
-7.28
7.60
35.62
-15.06
7.11
34.95
-15.52
7.44
35.28
-16.05
7.60
35.81
-6.80
7.74
34.24
-14.72
7.49
34.47
-15.23
7.83
34.83
-6.63
7.68
33.38
-13.57
7.55
33.40
-14.14
7.60
33.89
-6.53
7.51
32.46
-11.24
7.00
31.76
-11.74
7.33
32.05
-12.43
7.53
32.50
-13.04
7.64
32.93
-6.45
7.35
31.50
-10.97
7.30
31.23
-11.44
7.67
31.55
-6.36
7.30
30.49
-10.59
7.46
30.51
-6.29
7.29
29.49
-9.93
7.43
29.21
-10.29
7.59
29.82
-6.26
7.30
28.50
-9.61
7.47
28.41
-6.29
7.32
27.55
-8.87
7.04
27.05
-9.22
7.47
27.47
-6.42
7.35
26.62
-8.65
7.24
26.46
-9.00
7.82
26.62
-6.72
7.44
25.66
-7.46
7.32
25.40
-8.28
7.60
25.59
-8.79
8.00
26.00
-6.28
8.33
24.24
-6.67
7.96
24.55
-7.38
7.79
24.47
-8.04
8.00
24.48
-6.29
8.42
23.62
-6.74
8.14
23.56
-7.35
8.03
23.53
-7.93
8.20
23.52
-6.33
8.53
23.04
-6.73
8.39
22.61
-7.35
8.21
22.60
-7.87
8.32
22.65
-6.97
8.49
21.68
-7.46
8.35
21.68
-7.84
8.40
21.97
-7.10
8.56
21.01
-7.40
8.48
21.00
-7.19
8.63
20.67
-7.37
8.61
20.65
-13.02
8.10
41.96
-13.62
8.46
42.10
-14.49
8.51
42.24
-15.23
8.41
42.18
-15.83
8.30
41.91
-11.82
8.39
41.16
-12.54
8.44
41.59
-13.11
8.82
41.78
-16.31
8.44
41.39
-10.11
8.12
39.92
-10.61
8.48
40.24
-11.27
8.54
40.73
-16.70
8.56
40.78
-16.99
8.48
40.15
-9.76
8.50
39.45
-10.24
8.85
39.81
-17.17
8.49
39.36
-8.79
8.49
38.33
-9.24
8.58
38.86
-17.23
8.50
38.52
-7.95
8.49
37.08
-8.36
8.48
37.72
-17.15
8.52
37.70
-7.58
8.51
36.42
-16.60
8.51
36.26
-16.94
8.53
36.94
-6.93
8.60
35.03
-7.24
8.54
35.73
-15.70
8.18
35.19
-16.14
8.54
35.57
-6.66
8.62
34.26
-14.85
8.42
34.22
-15.42
8.57
34.73
-15.85
8.90
35.07
-6.14
9.12
32.87
-6.38
8.66
33.32
-13.77
8.40
33.19
-14.33
8.47
33.68
-6.05
9.02
32.24
-6.27
8.33
32.39
-11.97
8.02
31.84
-12.53
8.34
32.13
-13.21
8.46
32.65
-5.97
8.95
31.40
-6.20
8.18
31.45
-11.16
7.94
31.00
-11.68
8.32
31.28
-12.23
8.65
31.60
-5.92
8.92
30.47
-6.14
8.13
30.48
-10.91
8.14
30.42
-11.37
8.65
30.55
-5.89
8.90
29.49
-6.11
8.11
29.49
-10.14
8.12
29.05
-10.60
8.47
29.56
-11.14
8.88
29.97
-5.87
8.88
28.50
-6.09
8.10
28.51
-9.94
8.41
28.37
-10.33
8.76
28.86
-5.87
8.87
27.51
-6.11
8.10
27.53
-9.57
8.44
27.44
-5.88
8.85
26.54
-6.17
8.11
26.57
-9.30
8.56
26.58
-5.91
8.82
25.58
-6.26
8.14
25.67
-8.71
8.41
25.18
-9.04
8.59
25.79
-5.97
8.76
24.60
-6.28
8.26
24.92
-8.52
8.51
24.36
-5.93
8.92
23.70
-8.41
8.62
23.47
-6.06
8.99
22.96
-6.38
8.92
22.30
-8.30
8.69
22.57
-6.68
8.94
21.57
-7.78
8.52
21.37
-8.14
8.73
21.67
-6.94
8.94
20.96
-7.71
8.67
20.90
-8.09
8.97
20.96
-7.21
8.95
20.60
-7.58
8.96
20.55
-7.98
9.19
20.58
-13.81
9.44
41.84
-14.59
9.47
41.92
-15.26
9.16
41.90
-15.73
8.97
41.74
-11.96
9.09
41.02
-12.51
9.40
41.25
-13.18
9.52
41.57
-14.96
9.91
41.72
-15.42
9.73
41.60
-16.02
9.39
41.30
-10.89
9.40
40.15
-11.57
9.45
40.62
-12.15
9.80
40.87
-16.55
9.45
40.64
-16.91
9.38
40.02
-9.85
9.48
39.23
-10.39
9.55
39.70
-17.11
9.45
39.31
-8.86
9.38
38.20
-9.33
9.47
38.69
-17.21
9.48
38.48
-8.01
9.44
37.06
-8.45
9.44
37.66
-17.18
9.49
37.63
-7.62
9.47
36.43
-16.73
9.41
36.18
-17.01
9.48
36.83
-6.90
9.52
35.08
-7.24
9.50
35.77
-16.38
9.51
35.55
-6.59
9.55
34.37
-14.93
9.13
34.00
-15.41
9.52
34.34
-15.95
9.61
34.93
-6.06
9.75
32.95
-6.30
9.61
33.61
-13.94
9.10
32.99
-14.52
9.46
33.42
-15.06
9.84
33.82
-5.90
9.76
32.23
-12.85
9.01
31.95
-13.52
9.43
32.34
-14.12
9.80
32.80
-5.80
9.74
31.39
-11.99
8.93
31.06
-12.51
9.23
31.35
-13.11
9.81
31.50
-5.72
9.73
30.46
-11.80
9.21
30.50
-12.38
9.73
30.60
-12.88
10.07
30.88
-5.67
9.71
29.48
-10.91
9.29
29.22
-11.50
9.48
29.77
-12.06
9.88
29.99
-5.64
9.67
28.49
-10.14
9.21
28.06
-10.52
9.34
28.61
-5.62
9.63
27.51
-9.86
9.26
27.32
-5.61
9.61
26.53
-9.62
9.37
26.43
-5.59
9.59
25.57
-8.98
8.96
24.97
-9.33
9.36
25.41
-5.57
9.60
24.62
-8.90
9.07
24.30
-9.27
9.63
24.41
-5.36
10.16
23.47
-5.55
9.72
23.71
-8.82
9.16
23.45
-9.21
9.75
23.47
-5.45
10.17
23.11
-5.76
9.79
22.86
-6.16
9.61
22.14
-8.73
9.23
22.54
-9.14
9.83
22.54
-6.53
9.63
21.48
-8.62
9.31
21.67
-9.05
9.90
21.67
-6.90
9.54
20.90
-8.49
9.49
20.95
-8.91
10.03
20.95
-7.25
9.51
20.53
-7.69
9.64
20.40
-8.26
9.79
20.47
-8.73
10.16
20.53
-13.86
10.22
41.62
-14.39
10.25
41.69
-12.73
10.11
41.11
-13.30
10.37
41.30
-14.83
10.46
41.52
-15.39
10.41
41.31
-15.94
10.31
40.97
-11.04
10.09
40.00
-11.61
10.40
40.26
-12.38
10.51
40.71
-12.95
10.79
40.93
-16.45
10.42
40.35
-16.82
10.09
39.92
-10.00
10.36
39.04
-10.66
10.44
39.56
-11.24
10.80
39.83
-16.71
10.80
39.81
-16.98
10.45
39.33
-8.95
10.08
38.09
-9.42
10.43
38.45
-17.16
10.47
38.43
-8.11
10.35
37.00
-8.63
10.42
37.60
-9.08
10.80
37.96
-17.18
10.49
37.55
-7.71
10.44
36.41
-16.82
10.13
36.11
-17.03
10.50
36.63
-6.92
10.46
35.10
-7.30
10.46
35.75
-16.59
10.50
35.54
-16.89
10.86
36.03
-6.59
10.50
34.42
-15.65
10.42
34.22
-16.12
10.50
34.80
-6.02
10.57
33.00
-6.28
10.53
33.71
-14.76
10.40
33.19
-15.24
10.54
33.67
-5.82
10.59
32.24
-13.87
10.35
32.08
-14.34
10.48
32.61
-5.68
10.60
31.39
-13.51
10.51
31.38
-5.57
10.60
30.45
-12.61
10.27
30.25
-13.12
10.67
30.56
-5.48
10.58
29.45
-11.09
9.82
28.89
-11.60
10.11
29.17
-12.29
10.43
29.61
-12.86
10.98
29.75
-5.42
10.48
28.47
-10.35
9.74
27.88
-10.81
10.02
28.26
-11.55
10.68
28.38
-12.25
10.95
28.91
-12.69
11.19
29.20
-5.39
10.41
27.49
-10.21
9.93
27.28
-10.67
10.41
27.47
-11.19
10.90
27.54
-5.36
10.37
26.53
-10.07
10.20
26.37
-10.57
10.70
26.74
-10.99
11.04
26.93
-5.32
10.35
25.60
-9.79
10.18
25.39
-5.13
10.87
24.30
-5.26
10.41
24.68
-9.68
10.28
24.43
-5.22
10.69
23.68
-5.31
10.25
24.00
-9.62
10.36
23.48
-5.39
10.67
23.08
-5.74
10.62
22.50
-6.11
10.25
22.01
-9.56
10.43
22.54
-6.07
10.94
21.98
-6.51
10.59
21.45
-6.95
11.02
21.03
-9.47
10.52
21.65
-6.98
10.22
20.83
-7.32
10.81
20.66
-9.30
10.65
20.89
-7.29
10.03
20.51
-7.72
10.43
20.37
-8.38
10.60
20.28
-8.97
10.77
20.38
-13.98
10.73
41.47
-14.31
10.76
41.50
-13.78
11.13
41.13
-14.56
11.19
41.18
-15.30
11.08
41.02
-15.79
10.94
40.80
-11.85
11.12
40.09
-12.47
11.41
40.32
-13.18
11.43
40.71
-14.83
11.77
40.81
-15.39
11.67
40.64
-16.05
11.38
40.31
-10.15
11.06
38.88
-10.70
11.39
39.16
-11.49
11.52
39.65
-12.11
11.83
39.91
-16.56
11.51
39.66
-16.90
11.38
39.09
-9.80
11.39
38.40
-10.34
11.77
38.68
-17.09
11.44
38.36
-8.20
11.07
36.90
-8.64
11.40
37.26
-9.24
11.53
37.80
-17.16
11.48
37.51
-7.91
11.44
36.39
-8.35
11.80
36.79
-17.10
11.51
36.66
-6.99
11.37
35.06
-7.39
11.44
35.67
-16.65
11.47
35.28
-16.94
11.58
35.93
-6.65
11.45
34.42
-15.78
11.13
34.06
-16.21
11.47
34.51
-6.02
11.45
33.01
-6.31
11.46
33.71
-14.95
11.08
32.99
-15.46
11.48
33.43
-15.95
11.84
33.93
-5.81
11.48
32.25
-14.13
10.97
31.93
-14.62
11.35
32.33
-15.12
11.78
32.73
-5.64
11.52
31.39
-13.92
11.18
31.35
-14.34
11.70
31.54
-5.48
11.55
30.44
-13.70
11.56
30.53
-14.17
11.95
30.95
-5.13
12.04
28.86
-5.30
11.59
29.36
-13.28
11.64
29.65
-5.06
11.97
28.24
-5.22
11.30
28.40
-11.94
11.36
27.99
-12.43
11.50
28.47
-12.91
11.68
28.95
-4.99
11.92
27.41
-5.17
11.18
27.47
-11.60
11.43
27.32
-4.95
11.87
26.50
-5.14
11.12
26.54
-10.28
10.71
25.95
-10.67
11.05
26.13
-11.26
11.47
26.46
-4.94
11.78
25.58
-5.11
11.06
25.66
-10.18
10.78
25.29
-10.64
11.24
25.34
-11.20
11.70
25.44
-5.00
11.56
24.62
-5.10
11.01
24.97
-10.11
10.86
24.42
-10.60
11.36
24.44
-11.15
11.82
24.48
-5.12
11.60
23.66
-5.27
11.93
23.15
-10.07
10.93
23.48
-10.57
11.43
23.50
-11.11
11.91
23.52
-5.31
11.27
23.11
-5.56
11.59
22.66
-10.02
11.00
22.54
-10.53
11.52
22.55
-11.06
12.00
22.58
-6.03
11.66
22.04
-6.53
11.61
21.51
-7.07
11.69
21.04
-9.94
11.12
21.62
-10.47
11.67
21.63
-10.99
12.11
21.72
-7.67
11.62
20.57
-8.23
11.91
20.30
-9.78
11.35
20.79
-10.42
11.96
20.75
-10.88
12.21
21.08
-7.98
11.18
20.31
-8.56
11.52
20.16
-9.43
11.75
20.10
-10.11
12.15
20.04
-9.78
12.26
19.72
-10.06
12.37
19.70
-13.87
11.78
40.83
-14.32
11.81
40.87
-12.80
12.10
40.15
-13.53
12.33
40.36
-14.52
12.36
40.49
-15.30
12.38
40.28
-15.92
12.29
39.95
-10.93
12.12
38.96
-11.57
12.43
39.24
-12.39
12.53
39.71
-13.02
12.80
39.92
-16.43
12.40
39.35
-16.81
12.08
38.95
-9.94
12.14
38.15
-10.55
12.52
38.45
-11.21
12.82
38.78
-16.66
12.76
38.80
-16.94
12.41
38.34
-8.89
12.15
37.18
-9.49
12.49
37.57
-10.11
12.83
37.92
-17.10
12.43
37.46
-7.99
12.40
36.13
-8.57
12.55
36.69
-9.09
12.87
37.03
-17.11
12.47
36.60
-7.06
12.10
34.99
-7.46
12.45
35.44
-16.77
12.33
35.15
-16.99
12.46
35.79
-6.81
12.45
34.43
-7.17
12.82
34.90
-16.47
12.38
34.49
-6.08
12.30
32.96
-6.39
12.41
33.63
-15.73
12.47
33.18
-16.16
12.55
33.83
-5.86
12.36
32.25
-14.86
12.06
32.09
-15.28
12.50
32.40
-5.68
12.47
31.42
-14.68
12.30
31.52
-15.06
12.83
31.65
-5.48
12.51
30.49
-13.99
12.35
30.14
-14.47
12.59
30.78
-14.87
13.01
31.09
-5.10
12.60
28.91
-5.27
12.55
29.57
-13.62
12.34
29.38
-4.98
12.67
28.23
-12.19
11.77
27.76
-12.60
12.01
28.01
-13.20
12.38
28.47
-4.88
12.69
27.39
-12.06
11.91
27.21
-12.58
12.33
27.31
-13.10
12.74
27.54
-4.82
12.68
26.49
-11.91
12.07
26.40
-12.56
12.64
26.43
-13.02
12.94
26.84
-4.79
12.65
25.56
-11.79
12.21
25.45
-12.37
12.73
25.45
-4.84
12.59
24.66
-11.72
12.31
24.49
-12.26
12.83
24.49
-4.99
12.60
23.83
-5.24
12.65
23.18
-11.65
12.40
23.53
-12.18
12.93
23.54
-5.59
12.56
22.61
-11.58
12.49
22.59
-12.06
12.98
22.64
-6.05
12.54
22.06
-6.58
12.53
21.57
-7.16
12.55
21.12
-11.51
12.65
21.65
-11.96
13.03
21.93
-7.79
12.55
20.68
-8.46
12.61
20.28
-8.97
12.92
20.04
-10.82
12.52
20.38
-11.20
12.62
20.88
-8.78
12.23
20.05
-9.33
12.60
19.86
-10.54
12.62
19.89
-9.86
12.73
19.60
-10.28
12.78
19.60
-13.77
13.38
39.92
-14.59
13.41
39.95
-15.29
13.10
39.91
-15.78
12.91
39.74
-11.84
13.13
39.06
-12.44
13.42
39.28
-13.13
13.50
39.62
-14.96
13.86
39.63
-15.45
13.63
39.51
-16.04
13.28
39.26
-10.84
13.37
38.19
-11.52
13.50
38.61
-12.12
13.80
38.86
-16.47
13.42
38.63
-16.81
13.29
38.07
-9.75
13.38
37.31
-10.31
13.46
37.72
-17.00
13.34
37.34
-8.11
13.13
35.96
-8.60
13.49
36.28
-9.26
13.55
36.82
-17.07
13.44
36.48
-7.79
13.47
35.44
-8.25
13.82
35.79
-16.85
12.99
35.04
-17.01
13.45
35.50
-6.88
13.43
34.15
-7.31
13.54
34.78
-16.69
13.17
34.48
-16.90
13.80
34.67
-6.15
12.96
32.88
-6.45
13.39
33.32
-16.00
13.30
33.02
-16.44
13.47
33.72
-16.76
13.96
34.07
-6.00
13.16
32.31
-6.23
13.77
32.54
-15.66
13.34
32.32
-5.83
13.50
31.47
-6.07
13.97
31.95
-15.39
13.51
31.58
-5.56
13.49
30.46
-14.20
12.90
29.86
-14.62
13.34
30.16
-15.09
13.60
30.84
-5.10
13.19
28.91
-5.29
13.51
29.45
-14.00
12.99
29.25
-14.42
13.58
29.30
-5.00
13.47
28.30
-5.15
13.85
28.78
-13.76
13.11
28.43
-14.24
13.76
28.45
-4.87
13.53
27.40
-13.59
13.31
27.51
-14.08
13.96
27.54
-4.76
13.55
26.48
-12.95
13.10
26.12
-13.38
13.44
26.53
-13.90
14.07
26.63
-4.70
13.57
25.56
-12.88
13.25
25.40
-13.41
13.82
25.52
-13.80
14.19
25.91
-4.72
13.59
24.67
-12.78
13.38
24.49
-13.24
13.91
24.57
-4.89
13.59
23.89
-5.22
13.55
23.21
-12.72
13.55
23.50
-13.12
13.96
23.84
-5.64
13.49
22.62
-12.50
13.51
22.52
-6.10
13.43
22.10
-6.65
13.41
21.65
-7.25
13.42
21.23
-11.78
13.09
21.22
-12.26
13.49
21.55
-7.87
13.43
20.83
-8.52
13.49
20.45
-9.13
13.58
20.09
-11.11
12.93
20.19
-11.55
13.17
20.52
-12.17
13.71
20.62
-9.61
13.41
19.76
-10.95
13.13
19.80
-11.49
13.54
19.87
-12.06
13.96
19.91
-10.09
13.37
19.52
-10.67
13.47
19.49
-11.38
13.97
19.46
-11.92
14.21
19.49
-13.83
14.18
39.59
-14.36
14.22
39.61
-12.70
14.08
39.08
-13.26
14.32
39.26
-14.84
14.46
39.29
-15.46
14.20
39.12
-15.93
13.94
38.92
-11.01
13.99
37.94
-11.61
14.35
38.14
-12.38
14.43
38.64
-12.95
14.71
38.83
-15.08
14.86
38.86
-15.56
14.66
38.66
-16.21
14.30
38.29
-16.66
13.92
37.91
-9.98
14.01
37.14
-10.57
14.21
37.46
-11.21
14.78
37.55
-16.51
14.73
37.50
-16.83
14.13
37.32
-8.91
14.37
36.11
-9.63
14.42
36.63
-10.38
14.81
36.94
-10.91
15.07
37.13
-16.73
14.94
36.92
-16.96
14.50
36.48
-7.92
14.36
35.16
-8.42
14.49
35.61
-17.05
14.51
35.50
-7.06
14.29
33.99
-7.48
14.39
34.57
-17.01
14.61
34.62
-6.73
14.35
33.30
-16.17
13.90
32.82
-16.52
14.34
33.16
-16.85
14.61
33.84
-6.47
14.55
32.54
-15.98
14.03
32.26
-16.33
14.63
32.36
-5.94
14.42
31.18
-6.20
14.61
31.80
-15.75
14.24
31.49
-16.14
14.87
31.61
-5.71
14.45
30.37
-14.97
14.03
30.00
-15.46
14.53
30.50
-15.94
15.01
30.98
-5.46
14.49
29.46
-14.82
14.21
29.32
-15.22
14.83
29.47
-5.03
14.15
28.09
-5.22
14.56
28.54
-14.67
14.42
28.50
-15.03
15.01
28.65
-4.94
14.42
27.39
-5.11
14.85
27.84
-14.56
14.75
27.56
-14.89
15.13
28.02
-4.79
14.46
26.46
-14.28
14.77
26.55
-4.67
14.50
25.54
-13.71
14.35
25.18
-14.04
14.75
25.59
-4.48
15.05
24.32
-4.61
14.64
24.63
-13.64
14.53
24.43
-13.96
14.93
24.83
-4.55
15.05
24.07
-4.79
14.64
23.90
-5.26
14.50
23.23
-13.02
14.02
23.12
-13.40
14.44
23.46
-5.75
14.39
22.65
-12.95
14.07
22.41
-13.39
14.61
22.49
-6.19
14.25
22.17
-6.73
14.24
21.77
-7.38
14.26
21.39
-12.86
14.14
21.51
-13.44
14.78
21.52
-13.77
15.22
21.19
-7.98
14.22
21.00
-8.63
14.33
20.65
-9.43
14.51
20.21
-10.05
14.95
19.95
-12.75
14.26
20.62
-13.32
14.79
20.60
-13.74
15.24
20.56
-9.93
14.13
19.73
-10.46
14.72
19.60
-10.99
15.02
19.38
-12.61
14.47
19.85
-13.24
14.98
19.78
-13.67
15.30
19.97
-10.23
13.89
19.49
-10.70
14.19
19.40
-11.43
14.72
19.23
-12.30
14.77
19.27
-12.95
15.08
19.27
-13.91
14.67
39.40
-14.20
14.68
39.41
-13.71
15.00
39.03
-14.35
15.03
39.04
-11.95
14.99
37.94
-12.50
15.13
38.22
-13.19
15.30
38.51
-14.83
15.36
38.54
-15.46
15.22
38.27
-15.95
15.02
38.01
-11.74
15.45
37.44
-12.48
15.70
37.73
-13.06
15.78
37.99
-14.94
15.82
38.04
-15.47
15.73
37.79
-16.11
15.48
37.42
-9.06
15.03
35.86
-9.66
15.34
36.12
-10.43
15.49
36.54
-11.14
15.62
36.91
-16.58
15.58
36.73
-16.89
15.42
36.15
-8.08
15.03
34.94
-8.67
15.36
35.31
-9.30
15.72
35.61
-17.04
15.48
35.38
-7.25
14.92
33.88
-7.74
15.32
34.28
-8.32
15.72
34.69
-17.08
15.52
34.48
-7.02
15.12
33.30
-7.42
15.71
33.47
-16.74
15.04
33.02
-16.98
15.51
33.48
-6.78
15.45
32.48
-7.17
15.91
32.84
-16.65
15.29
32.40
-16.91
15.87
32.60
-6.07
15.10
31.02
-6.39
15.48
31.51
-16.51
15.62
31.61
-16.81
16.05
31.96
-5.93
15.38
30.35
-6.23
15.79
30.80
-15.82
15.48
30.20
-16.18
15.65
30.83
-5.68
15.43
29.43
-15.56
15.61
29.41
-5.44
15.48
28.50
-15.30
15.69
28.60
-5.00
15.11
27.13
-5.21
15.54
27.57
-14.80
15.53
27.22
-15.07
15.70
27.85
-4.91
15.35
26.42
-5.11
15.80
26.84
-14.59
15.56
26.41
-4.74
15.35
25.55
-14.37
15.56
25.47
-4.50
15.45
24.35
-4.63
15.42
24.78
-13.88
15.06
24.10
-14.17
15.54
24.47
-4.58
15.45
24.05
-4.90
15.42
23.77
-5.42
15.40
23.25
-13.80
15.10
23.40
-14.14
15.73
23.47
-6.03
15.29
22.66
-6.74
15.67
22.34
-7.50
15.88
22.03
-8.17
16.10
21.80
-8.63
16.26
21.63
-13.77
15.17
22.57
-14.11
15.78
22.52
-6.32
14.86
22.24
-6.83
14.99
21.97
-7.61
15.11
21.60
-8.33
15.57
21.43
-8.89
15.99
21.27
-13.77
15.20
21.87
-14.06
15.69
21.53
-8.06
14.81
21.19
-8.61
15.07
20.99
-9.37
15.54
20.66
-10.21
15.64
20.05
-10.68
15.92
19.74
-14.08
15.78
20.56
-10.59
15.34
19.67
-11.04
15.68
19.39
-13.49
15.42
19.41
-13.91
15.79
19.68
-11.76
15.72
18.90
-12.49
15.53
18.81
-13.21
15.62
18.92
-13.77
16.08
18.95
-12.18
16.18
18.50
-12.65
16.14
18.41
-13.22
16.19
18.44
-13.64
16.32
18.53
-13.86
15.45
38.75
-14.17
15.46
38.76
-13.71
15.73
38.36
-14.30
15.75
38.37
-11.94
16.10
37.07
-12.61
16.37
37.24
-13.50
16.25
37.70
-14.50
16.26
37.74
-15.29
16.33
37.39
-15.92
16.29
37.01
-9.94
15.99
35.89
-10.57
16.18
36.17
-11.47
16.46
36.51
-12.22
16.76
36.72
-16.42
16.41
36.37
-16.80
16.10
35.97
-8.95
16.08
35.04
-9.63
16.41
35.34
-10.47
16.74
35.69
-11.13
16.91
35.97
-16.65
16.78
35.80
-16.93
16.44
35.34
-8.04
16.09
34.05
-8.62
16.44
34.41
-9.25
16.78
34.74
-17.09
16.47
34.41
-7.83
16.46
33.39
-8.34
16.79
33.76
-17.12
16.52
33.48
-6.96
16.14
32.16
-7.38
16.55
32.53
-17.07
16.64
32.57
-6.76
16.41
31.44
-7.16
16.81
31.84
-16.64
16.27
31.28
-16.91
16.68
31.69
-6.07
16.08
30.09
-6.41
16.50
30.51
-16.05
16.15
30.04
-16.43
16.52
30.55
-16.78
16.92
31.02
-5.94
16.34
29.37
-6.24
16.77
29.78
-15.89
16.45
29.38
-16.23
16.79
29.86
-5.69
16.36
28.45
-15.56
16.46
28.48
-5.48
16.45
27.51
-14.98
16.14
27.06
-15.26
16.46
27.57
-5.01
15.98
26.14
-5.26
16.48
26.53
-14.89
16.41
26.39
-15.16
16.74
26.91
-4.91
16.08
25.48
-5.18
16.73
25.65
-14.66
16.40
25.42
-4.60
15.85
24.34
-4.86
16.20
24.66
-5.13
16.78
25.00
-14.52
16.42
24.46
-4.66
15.83
24.10
-5.02
16.13
23.99
-5.68
16.35
23.42
-6.26
16.79
23.13
-14.47
16.50
23.49
-6.10
16.05
22.92
-6.67
16.47
22.71
-7.46
16.64
22.33
-8.16
16.70
22.00
-8.70
16.71
21.69
-14.46
16.53
22.51
-9.13
16.62
21.27
-14.49
16.52
21.52
-9.62
16.49
20.71
-10.23
16.48
20.16
-10.70
16.46
19.75
-14.49
16.51
20.55
-11.09
16.48
19.32
-14.39
16.55
19.66
-11.60
16.62
18.82
-14.19
16.73
18.91
-12.13
16.77
18.39
-12.70
16.80
18.19
-13.30
16.83
18.20
-13.82
16.84
18.42
-12.94
16.94
36.91
-13.62
16.98
37.08
-14.45
16.99
37.11
-15.21
16.95
36.96
-15.73
16.86
36.77
-11.84
17.13
36.21
-12.60
17.40
36.37
-13.56
17.62
36.52
-14.45
17.66
36.55
-15.25
17.52
36.47
-15.97
17.25
36.25
-9.92
17.11
35.00
-10.59
17.43
35.21
-11.45
17.50
35.70
-12.16
17.80
35.85
-16.44
17.43
35.62
-16.81
17.33
35.06
-8.92
17.12
34.10
-9.57
17.45
34.41
-10.25
17.76
34.67
-17.01
17.39
34.31
-8.08
17.10
33.09
-8.63
17.44
33.44
-9.24
17.77
33.77
-17.13
17.45
33.44
-7.84
17.37
32.41
-8.36
17.73
32.76
-17.14
17.52
32.53
-6.97
17.09
31.13
-7.40
17.44
31.53
-17.05
17.56
31.64
-6.81
17.38
30.41
-7.25
17.76
30.83
-16.63
17.36
30.26
-16.89
17.58
30.84
-6.09
16.98
29.08
-6.44
17.45
29.45
-16.07
17.20
29.07
-16.37
17.36
29.62
-5.94
17.13
28.39
-6.25
17.74
28.54
-15.82
17.19
28.35
-5.80
17.39
27.49
-6.09
17.89
27.85
-15.58
17.23
27.54
-5.59
17.39
26.54
-15.11
17.15
26.12
-15.37
17.29
26.76
-5.49
17.49
25.66
-14.95
17.15
25.33
-5.15
16.80
24.47
-5.45
17.36
24.75
-14.85
17.19
24.44
-5.26
16.76
24.10
-5.77
17.27
23.92
-6.50
17.51
23.27
-7.07
17.85
22.93
-14.81
17.24
23.49
-6.88
17.17
22.84
-7.49
17.49
22.50
-8.20
17.36
22.05
-8.72
17.27
21.69
-14.82
17.28
22.54
-9.14
17.27
21.25
-14.93
17.38
21.53
-15.28
17.91
21.19
-9.62
17.30
20.67
-10.24
17.31
20.05
-10.67
16.99
19.72
-14.92
17.28
20.53
-15.39
17.97
20.45
-15.66
18.33
20.11
-10.61
17.75
19.54
-10.96
17.20
19.34
-14.84
17.30
19.64
-15.30
17.90
19.68
-15.63
18.34
19.65
-10.96
17.98
19.12
-11.40
17.57
18.81
-14.64
17.57
18.84
-15.20
18.11
19.07
-15.54
18.39
19.25
-12.06
17.59
18.32
-12.71
17.59
18.08
-13.40
17.60
18.07
-14.06
17.60
18.31
-12.88
18.09
35.95
-13.59
18.35
35.96
-14.49
18.39
35.99
-15.28
18.13
36.00
-15.84
17.91
35.88
-10.92
17.99
34.93
-11.57
18.17
35.19
-12.45
18.47
35.42
-13.20
18.71
35.55
-14.83
18.79
35.62
-15.43
18.60
35.53
-16.16
18.27
35.27
-16.64
17.97
34.89
-9.90
18.07
34.08
-10.61
18.35
34.35
-11.46
18.65
34.65
-12.11
18.87
34.85
-16.42
18.63
34.63
-16.80
18.26
34.26
-8.94
18.06
33.10
-9.58
18.36
33.43
-10.25
18.64
33.72
-17.01
18.31
33.39
-8.10
17.96
32.08
-8.67
18.34
32.39
-9.28
18.63
32.75
-17.09
18.43
32.48
-7.84
18.13
31.42
-8.37
18.63
31.52
-17.09
18.47
31.51
-7.08
18.05
30.11
-7.58
18.42
30.53
-8.15
18.83
30.85
-16.74
17.97
30.00
-16.98
18.46
30.45
-6.90
18.31
29.38
-7.35
18.66
29.79
-16.24
17.70
28.89
-16.56
18.04
29.27
-16.91
18.77
29.42
-6.57
18.43
28.45
-16.11
17.80
28.28
-16.49
18.33
28.37
-16.86
18.97
28.44
-5.96
18.02
27.17
-6.25
18.50
27.51
-15.95
17.88
27.43
-16.40
18.47
27.45
-16.82
19.08
27.48
-5.85
18.13
26.54
-6.06
18.66
26.71
-15.35
17.64
25.96
-15.73
17.93
26.42
-16.31
18.56
26.48
-16.77
19.15
26.51
-5.84
18.41
25.78
-5.97
18.74
26.20
-15.29
17.73
25.30
-15.74
18.19
25.44
-16.28
18.69
25.53
-16.74
19.21
25.57
-5.87
18.33
24.85
-15.24
17.82
24.44
-15.74
18.36
24.50
-16.26
18.82
24.64
-16.69
19.27
24.70
-6.12
18.26
24.13
-6.63
18.40
23.57
-7.24
18.53
23.00
-15.22
17.91
23.51
-15.77
18.55
23.48
-16.28
18.99
23.84
-16.63
19.33
24.05
-7.85
18.39
22.25
-8.35
17.95
21.85
-8.70
17.71
21.63
-15.18
17.91
22.62
-15.60
18.48
22.53
-8.28
18.69
21.53
-8.60
18.27
21.36
-8.97
17.85
21.22
-15.19
17.91
21.92
-15.54
18.38
21.62
-8.51
18.86
20.95
-8.83
18.54
20.82
-9.38
18.10
20.60
-9.97
17.98
20.10
-15.69
18.53
20.83
-15.85
18.79
20.30
-8.63
18.97
20.62
-8.93
18.89
20.48
-9.51
18.75
20.20
-10.25
18.51
19.69
-15.81
18.86
19.69
-10.89
18.61
19.10
-11.46
18.50
18.64
-14.74
18.23
18.51
-15.16
18.68
18.69
-15.60
18.84
19.15
-12.07
18.44
18.24
-12.74
18.43
18.02
-13.48
18.44
18.00
-14.29
18.47
18.19
-14.79
18.84
18.33
-13.81
18.85
35.63
-14.28
18.87
35.65
-12.81
19.07
35.03
-13.56
19.25
35.16
-14.53
19.28
35.20
-15.35
19.12
35.08
-15.93
18.92
34.91
-10.92
18.91
33.96
-11.56
19.17
34.13
-12.44
19.43
34.42
-13.19
19.64
34.61
-14.85
19.72
34.70
-15.45
19.58
34.56
-16.16
19.27
34.26
-16.64
18.89
33.98
-9.93
18.91
33.07
-10.60
19.16
33.35
-11.45
19.62
33.44
-12.13
19.78
33.76
-16.45
19.60
33.46
-16.80
19.06
33.34
-9.05
18.89
32.07
-9.65
19.15
32.39
-10.49
19.62
32.50
-11.16
19.86
32.79
-16.60
19.83
32.82
-16.90
19.37
32.45
-8.87
19.14
31.40
-9.56
19.59
31.50
-10.20
19.83
31.81
-17.03
19.41
31.45
-7.91
19.02
30.15
-8.56
19.40
30.48
-9.24
19.74
30.79
-17.08
19.46
30.45
-7.14
18.89
29.07
-7.63
19.19
29.43
-8.26
19.67
29.56
-17.09
19.60
29.46
-6.96
19.12
28.37
-7.54
19.65
28.57
-8.08
19.90
28.92
-17.10
19.70
28.47
-6.44
19.69
26.82
-6.65
19.44
27.37
-7.24
19.83
27.85
-17.10
19.76
27.49
-6.27
19.56
26.37
-6.24
19.21
26.65
-17.08
19.80
26.51
-6.13
19.25
25.75
-6.08
19.09
26.18
-17.05
19.82
25.54
-6.23
19.18
24.86
-6.57
19.52
24.48
-16.97
19.84
24.60
-6.33
18.92
24.27
-6.78
19.24
23.92
-7.48
19.41
23.21
-7.98
19.92
22.99
-16.06
18.96
23.04
-16.40
19.31
23.24
-16.80
19.79
23.64
-7.96
19.22
22.35
-8.30
19.85
22.36
-16.00
19.00
22.42
-16.40
19.51
22.50
-16.75
20.01
22.74
-8.29
19.22
21.59
-8.57
19.72
21.60
-15.96
19.04
21.66
-16.36
19.75
21.65
-16.67
20.14
22.12
-8.51
19.21
20.97
-8.84
19.60
20.89
-9.28
19.76
20.56
-15.94
19.03
21.03
-16.10
19.51
20.65
-8.63
19.15
20.63
-8.94
19.28
20.49
-9.54
19.44
20.18
-10.28
19.41
19.67
-15.93
19.56
19.79
-10.94
19.39
19.10
-11.57
19.33
18.62
-15.21
19.45
18.66
-15.65
19.52
19.16
-12.12
19.22
18.25
-12.76
19.21
18.06
-13.49
19.23
18.02
-14.22
19.26
18.12
-14.78
19.36
18.30
-13.81
19.76
34.73
-14.29
19.78
34.76
-12.83
19.97
34.01
-13.58
20.15
34.16
-14.54
20.19
34.22
-15.34
20.07
34.05
-15.88
19.86
33.91
-11.83
20.07
33.09
-12.49
20.24
33.38
-13.23
20.57
33.42
-14.83
20.59
33.66
-15.43
20.53
33.39
-16.05
20.13
33.33
-10.86
20.07
32.10
-11.55
20.30
32.40
-12.42
20.73
32.52
-13.06
20.89
32.80
-15.72
20.77
32.77
-16.30
20.44
32.49
-16.73
20.06
32.12
-9.91
20.02
31.09
-10.57
20.26
31.39
-11.48
20.75
31.45
-12.15
20.97
31.82
-16.50
20.69
31.76
-16.84
20.30
31.37
-8.99
19.92
30.09
-9.63
20.18
30.36
-10.43
20.59
30.45
-11.18
20.99
30.51
-17.01
20.32
30.42
-8.82
20.14
29.41
-9.57
20.60
29.36
-10.36
20.94
29.53
-10.98
21.19
29.73
-17.09
20.44
29.45
-7.86
20.13
28.26
-8.46
20.34
28.61
-9.19
20.78
28.59
-10.58
21.23
29.12
-10.90
21.33
29.27
-17.16
20.48
28.47
-6.56
19.99
26.69
-6.94
20.18
26.95
-7.62
20.35
27.59
-8.39
20.70
27.84
-9.01
20.98
27.98
-17.20
20.51
27.49
-6.46
19.98
26.25
-6.83
20.35
26.27
-17.21
20.53
26.50
-6.43
19.87
25.64
-6.89
20.36
25.53
-7.33
20.65
25.21
-17.19
20.54
25.52
-6.45
19.73
25.06
-6.85
20.02
24.74
-7.50
20.51
24.56
-8.05
20.74
24.17
-17.14
20.55
24.56
-7.02
19.81
24.14
-7.53
20.07
23.83
-8.21
20.47
23.42
-17.04
20.56
23.63
-8.78
20.49
22.50
-9.44
20.90
22.15
-9.88
21.15
21.88
-16.93
20.63
22.78
-8.96
20.20
21.64
-9.49
20.58
21.45
-10.05
20.99
21.33
-16.51
20.56
21.41
-16.78
20.66
22.07
-9.09
20.01
21.06
-9.57
20.21
20.75
-10.22
20.68
20.61
-16.22
20.45
20.60
-9.84
19.98
20.22
-10.49
20.24
19.88
-15.93
20.37
19.83
-11.12
20.14
19.22
-11.86
20.14
18.73
-12.68
20.42
18.56
-13.49
20.50
18.50
-14.29
20.45
18.55
-15.02
20.20
18.72
-15.59
20.24
19.21
-12.22
19.78
18.34
-12.77
19.86
18.22
-13.49
19.91
18.19
-14.21
19.90
18.24
-14.72
19.85
18.35
-13.89
20.59
33.77
-14.31
20.61
33.79
-13.79
20.88
33.25
-14.51
20.91
33.28
-15.11
20.94
33.03
-12.84
21.16
32.14
-13.55
21.28
32.41
-14.48
21.33
32.51
-15.35
21.24
32.35
-15.99
21.02
32.09
-11.95
21.21
31.11
-12.58
21.40
31.44
-13.25
21.56
31.73
-15.65
21.50
31.68
-16.22
21.26
31.36
-16.67
20.89
31.04
-11.82
21.44
30.42
-12.37
21.62
30.74
-16.43
21.53
30.47
-16.80
21.03
30.35
-9.85
20.96
28.93
-10.23
21.11
29.01
-11.47
21.54
29.64
-16.54
21.71
29.77
-16.88
21.28
29.43
-9.74
21.15
28.40
-10.46
21.44
28.59
-11.11
21.59
29.00
-17.04
21.25
28.43
-7.26
20.60
26.76
-7.76
20.78
26.97
-8.50
21.07
27.18
-9.45
21.41
27.49
-10.19
21.66
27.83
-17.12
21.26
27.47
-7.23
20.71
26.30
-7.76
20.97
26.31
-8.48
21.28
26.36
-9.26
21.64
26.43
-17.15
21.27
26.49
-7.22
20.72
25.80
-7.70
20.95
25.54
-8.44
21.30
25.48
-9.20
21.71
25.48
-17.15
21.28
25.51
-7.87
20.91
24.88
-8.46
21.15
24.54
-9.23
21.65
24.56
-17.12
21.29
24.55
-8.77
21.05
23.65
-9.39
21.54
23.67
-17.05
21.29
23.62
-9.05
20.98
22.98
-9.61
21.37
22.80
-10.18
21.55
22.18
-16.95
21.30
22.79
-10.63
21.55
21.41
-11.21
21.91
21.17
-16.48
21.35
21.44
-16.78
21.30
22.08
-10.82
21.23
20.59
-11.43
21.70
20.55
-16.11
21.29
20.65
-11.09
20.91
19.88
-11.82
21.41
19.83
-12.67
21.56
19.54
-13.52
21.62
19.42
-14.35
21.59
19.42
-15.10
21.45
19.56
-15.71
21.17
19.87
-11.33
20.67
19.38
-11.89
20.84
19.19
-12.66
21.01
19.01
-13.50
21.08
18.93
-14.33
21.04
18.95
-15.04
20.91
19.10
-15.52
20.81
19.34
-13.89
21.67
31.89
-14.48
21.71
31.91
-15.05
21.65
31.87
-12.98
21.78
31.04
-13.63
21.88
31.28
-14.47
21.98
31.25
-15.29
21.86
31.28
-15.86
21.74
31.01
-12.17
21.80
30.07
-12.75
21.96
30.34
-13.61
22.22
30.38
-14.48
22.30
30.45
-15.29
22.20
30.44
-15.97
21.97
30.34
-11.97
21.93
29.42
-12.69
22.26
29.43
-13.61
22.58
29.39
-14.51
22.61
29.63
-15.33
22.51
29.61
-16.15
22.22
29.35
-16.66
21.84
29.05
-10.91
21.87
28.18
-11.59
22.08
28.54
-12.47
22.49
28.54
-13.24
22.78
28.54
-16.36
22.39
28.35
-16.79
21.89
28.33
-10.02
21.87
27.09
-10.68
22.08
27.42
-11.54
22.43
27.60
-12.40
22.79
27.63
-13.06
22.94
27.88
-16.46
22.50
27.42
-16.87
21.94
27.44
-9.97
22.05
26.35
-10.78
22.47
26.41
-11.53
22.73
26.78
-12.15
22.94
26.96
-16.52
22.56
26.46
-16.91
21.97
26.48
-9.91
22.14
25.46
-10.60
22.57
25.45
-16.56
22.59
25.49
-16.93
21.98
25.50
-9.93
22.13
24.55
-10.67
22.63
24.49
-11.19
22.97
24.12
-16.57
22.59
24.52
-16.92
21.98
24.53
-9.98
22.00
23.70
-10.60
22.42
23.56
-11.22
22.87
23.42
-16.55
22.55
23.57
-16.88
21.96
23.61
-10.05
21.84
23.04
-10.60
22.12
22.63
-11.32
22.66
22.56
-16.46
22.44
22.66
-16.80
21.91
22.78
-10.94
22.05
21.87
-11.62
22.44
21.59
-12.34
22.77
21.33
-16.31
22.14
21.76
-16.69
21.81
22.17
-11.95
22.17
20.73
-12.71
22.54
20.72
-13.57
22.60
20.50
-14.39
22.58
20.46
-15.15
22.43
20.57
-15.81
22.10
20.84
-12.15
21.91
20.17
-12.75
22.06
20.06
-13.55
22.13
19.94
-14.37
22.10
19.92
-15.10
21.98
20.02
-15.60
21.79
20.20
-14.01
22.86
28.90
-14.59
22.88
28.95
-15.27
22.81
28.94
-15.80
22.66
28.87
-13.84
23.01
28.30
-14.55
23.09
28.25
-15.26
23.03
28.22
-15.87
22.80
28.23
-12.82
23.09
27.18
-13.54
23.20
27.45
-14.45
23.30
27.42
-15.24
23.22
27.36
-15.92
22.94
27.38
-11.19
22.83
26.00
-11.73
23.02
26.17
-12.53
23.23
26.46
-13.52
23.52
26.39
-14.42
23.56
26.53
-15.23
23.46
26.33
-15.97
23.06
26.42
-11.15
22.92
25.42
-11.76
23.21
25.40
-12.48
23.47
25.56
-13.19
23.70
25.57
-15.48
23.52
25.39
-16.06
23.11
25.46
-11.16
22.99
24.79
-11.76
23.32
24.45
-12.48
23.63
24.80
-13.04
23.79
24.96
-15.56
23.55
24.48
-16.11
23.12
24.50
-11.87
23.34
23.46
-12.33
23.58
23.14
-15.54
23.53
23.56
-16.09
23.09
23.56
-11.91
23.14
22.62
-12.46
23.47
22.54
-15.43
23.45
22.69
-15.99
22.99
22.66
-12.07
22.97
21.97
-12.75
23.24
21.77
-13.60
23.40
21.60
-14.38
23.42
21.62
-15.15
23.30
21.86
-15.82
22.82
21.84
-13.02
22.98
21.13
-13.65
23.04
21.02
-14.40
23.03
21.01
-15.12
22.90
21.13
-15.63
22.66
21.22
-13.90
23.77
25.89
-14.41
23.79
25.90
-14.89
23.73
25.85
-13.74
23.87
25.31
-14.36
23.91
25.24
-14.95
23.80
25.25
-12.21
23.63
24.12
-12.71
23.79
24.22
-13.46
23.93
24.51
-14.28
23.97
24.45
-14.96
23.84
24.44
-12.25
23.63
23.68
-12.73
23.79
23.46
-13.52
23.96
23.57
-14.27
23.98
23.59
-14.95
23.84
23.59
-12.96
23.75
22.72
-13.60
23.90
22.78
-14.28
23.91
22.80
-14.90
23.78
22.80
-13.10
23.63
22.18
-13.65
23.73
22.14
-14.30
23.74
22.16
-14.81
23.67
22.23
