-25.26
-15.39
28.78
-25.49
-15.50
28.80
-25.25
-15.45
28.27
-25.62
-15.61
28.27
-25.98
-15.60
28.04
-25.25
-15.47
27.57
-25.61
-15.66
27.50
-26.02
-15.63
27.44
-25.30
-15.45
26.98
-25.61
-15.57
26.73
-26.04
-15.58
26.73
-25.76
-15.47
26.18
-26.04
-15.50
26.19
-25.33
-14.52
30.52
-25.62
-14.59
30.58
-25.93
-14.56
30.57
-25.25
-14.70
30.02
-25.64
-14.88
30.04
-26.09
-14.73
30.10
-25.17
-14.98
29.18
-25.67
-15.22
29.23
-26.28
-14.96
29.32
-26.70
-14.71
29.02
-25.00
-15.00
28.37
-25.85
-15.46
28.66
-26.28
-15.30
28.38
-26.79
-14.82
28.33
-25.00
-15.02
27.54
-26.43
-15.35
27.47
-26.89
-14.87
27.45
-25.14
-15.05
26.67
-25.44
-15.32
26.34
-26.44
-15.32
26.60
-26.93
-14.89
26.52
-25.25
-14.87
25.98
-25.65
-15.11
25.68
-26.30
-15.20
25.72
-26.91
-14.83
25.58
-25.89
-14.81
24.71
-26.41
-14.90
24.65
-26.95
-14.70
24.59
-26.05
-14.65
24.03
-26.47
-14.64
23.66
-27.01
-14.56
23.65
-26.73
-14.48
22.81
-27.11
-14.42
22.84
-26.88
-14.35
22.30
-27.12
-14.32
22.30
-25.24
-14.08
30.77
-25.64
-14.15
30.97
-26.09
-14.18
30.84
-24.99
-14.15
30.16
-26.47
-14.28
30.31
-26.84
-13.98
30.04
-24.85
-14.26
29.33
-26.59
-14.53
29.69
-26.94
-14.20
29.34
-24.75
-14.30
28.44
-27.16
-14.20
28.41
-24.76
-14.31
27.52
-27.30
-14.23
27.45
-24.87
-14.31
26.58
-27.35
-14.30
26.48
-25.06
-14.29
25.64
-25.37
-14.63
25.28
-27.38
-14.32
25.52
-25.14
-14.05
24.89
-25.48
-14.37
24.55
-27.41
-14.29
24.56
-25.79
-14.33
23.79
-26.14
-14.36
23.24
-27.45
-14.22
23.63
-26.42
-14.24
22.58
-27.50
-14.07
22.71
-27.75
-13.73
22.38
-26.75
-14.02
21.92
-27.31
-13.94
21.89
-27.68
-13.68
21.92
-26.83
-13.68
21.31
-27.17
-13.69
21.28
-25.36
-12.56
32.43
-25.67
-12.61
32.50
-26.01
-12.58
32.49
-25.26
-12.81
32.01
-25.70
-13.01
32.07
-26.24
-12.86
32.06
-26.65
-12.72
31.79
-25.11
-13.28
31.22
-25.67
-13.53
31.45
-26.30
-13.51
31.30
-26.80
-12.99
31.22
-24.78
-13.37
30.34
-26.62
-13.75
30.71
-27.00
-13.33
30.39
-24.62
-13.44
29.42
-27.27
-13.40
29.44
-24.55
-13.47
28.47
-27.48
-13.43
28.48
-24.57
-13.46
27.51
-27.67
-13.38
27.44
-27.92
-12.92
26.98
-24.65
-13.44
26.53
-27.71
-13.62
26.43
-27.98
-12.98
26.31
-24.79
-13.42
25.54
-27.74
-13.71
25.48
-28.03
-13.04
25.44
-24.99
-13.40
24.51
-25.30
-13.88
24.14
-27.77
-13.74
24.54
-28.06
-13.08
24.51
-25.10
-13.13
23.49
-25.52
-13.80
23.38
-25.89
-14.04
23.01
-27.79
-13.75
23.66
-28.06
-13.15
23.56
-25.21
-12.94
22.61
-25.60
-13.49
22.53
-26.03
-13.88
22.44
-27.78
-13.74
22.97
-27.99
-13.29
22.59
-25.34
-12.79
21.86
-25.73
-13.22
21.79
-26.26
-13.61
21.72
-27.53
-13.53
21.39
-27.89
-13.20
21.61
-25.46
-12.67
21.38
-25.84
-12.87
21.17
-26.56
-13.14
20.87
-27.31
-13.26
20.79
-27.83
-12.88
20.71
-26.89
-12.77
20.11
-27.37
-12.77
19.92
-27.80
-12.61
19.95
-27.56
-12.50
19.47
-27.78
-12.44
19.50
-25.26
-12.10
32.54
-25.67
-12.09
32.73
-26.12
-12.11
32.67
-24.98
-12.23
32.06
-26.47
-12.25
32.35
-26.83
-12.19
31.94
-24.75
-12.40
31.30
-27.11
-12.27
31.26
-24.52
-12.47
30.40
-27.35
-12.41
30.40
-24.41
-12.57
29.45
-27.55
-12.56
29.49
-24.36
-12.58
28.49
-27.72
-12.63
28.61
-24.38
-12.52
27.50
-27.87
-12.60
27.81
-28.06
-12.33
27.17
-24.47
-12.50
26.50
-28.18
-12.27
26.35
-24.58
-12.47
25.50
-28.27
-12.29
25.44
-24.71
-12.43
24.50
-28.32
-12.32
24.49
-24.82
-12.32
23.52
-28.34
-12.39
23.51
-24.95
-12.24
22.60
-28.32
-12.44
22.53
-25.12
-12.20
21.79
-28.28
-12.40
21.56
-25.34
-12.25
21.23
-25.71
-12.28
20.78
-26.24
-12.41
20.32
-28.23
-12.26
20.64
-26.73
-12.24
19.68
-27.19
-12.43
19.54
-28.12
-12.11
19.83
-27.01
-11.92
19.14
-27.45
-12.11
19.15
-27.91
-12.02
19.26
-25.15
-11.38
32.68
-25.67
-11.35
32.91
-26.28
-11.35
32.81
-26.69
-11.05
32.63
-24.76
-11.46
32.14
-26.60
-11.69
32.51
-26.95
-11.37
32.17
-24.48
-11.53
31.38
-27.32
-11.38
31.35
-23.98
-11.02
29.99
-24.23
-11.50
30.41
-27.64
-11.38
30.38
-27.90
-10.91
29.90
-23.94
-11.06
29.35
-24.18
-11.72
29.44
-27.79
-11.73
29.46
-28.00
-11.05
29.29
-23.93
-11.04
28.58
-24.15
-11.72
28.51
-27.92
-11.90
28.64
-28.11
-11.21
28.47
-23.96
-10.98
27.90
-24.16
-11.52
27.51
-28.00
-12.01
27.99
-28.20
-11.50
27.52
-24.28
-11.53
26.48
-28.36
-11.44
26.46
-24.41
-11.51
25.48
-28.47
-11.46
25.48
-24.53
-11.47
24.49
-28.56
-11.48
24.49
-24.65
-11.43
23.50
-28.60
-11.57
23.49
-24.79
-11.40
22.53
-28.61
-11.62
22.51
-25.02
-11.43
21.56
-25.19
-11.24
21.00
-28.61
-11.60
21.53
-25.26
-11.74
21.08
-25.52
-11.49
20.51
-26.00
-11.82
20.08
-28.58
-11.50
20.58
-25.81
-11.19
19.83
-26.29
-11.50
19.48
-28.47
-11.35
19.65
-26.85
-11.27
18.71
-27.54
-11.41
18.55
-28.19
-11.21
18.73
-27.09
-10.85
18.02
-27.62
-10.85
17.75
-28.28
-10.68
17.70
-28.55
-10.43
17.26
-27.84
-10.57
17.21
-28.24
-10.48
17.09
-28.52
-10.35
16.98
-24.98
-10.52
32.90
-25.61
-10.46
33.18
-26.24
-10.43
33.07
-26.75
-10.35
32.73
-24.53
-10.65
32.28
-27.12
-10.42
32.19
-24.24
-10.74
31.53
-27.46
-10.43
31.46
-23.80
-10.49
30.18
-24.02
-10.73
30.79
-27.74
-10.40
30.67
-27.97
-10.26
29.99
-23.69
-10.42
29.40
-28.14
-10.28
29.25
-23.69
-10.37
28.54
-28.27
-10.36
28.41
-23.79
-10.34
27.62
-24.02
-10.82
27.18
-28.40
-10.46
27.47
-23.87
-10.12
26.87
-24.09
-10.58
26.42
-28.55
-10.49
26.46
-24.25
-10.55
25.45
-28.68
-10.58
25.49
-24.40
-10.51
24.47
-28.81
-10.55
24.48
-29.01
-10.00
24.10
-24.53
-10.48
23.48
-28.85
-10.76
23.46
-29.08
-10.04
23.38
-24.68
-10.47
22.49
-28.90
-10.83
22.50
-29.18
-10.08
22.49
-24.88
-10.47
21.45
-25.09
-10.77
20.94
-28.94
-10.81
21.53
-29.27
-10.07
21.58
-25.00
-10.17
20.77
-25.27
-10.59
20.37
-28.96
-10.69
20.57
-29.38
-9.94
20.65
-29.61
-9.60
20.36
-25.66
-10.55
19.53
-26.09
-10.87
19.16
-28.93
-10.43
19.56
-29.35
-9.84
19.90
-29.58
-9.57
20.04
-25.85
-10.25
18.88
-26.32
-10.54
18.51
-28.72
-10.35
18.62
-26.81
-10.32
17.68
-27.35
-10.50
17.41
-28.68
-10.17
17.78
-28.73
-10.04
17.18
-27.08
-10.01
17.05
-27.61
-10.20
16.89
-28.21
-10.08
16.57
-28.63
-9.94
16.66
-28.40
-9.75
16.15
-28.63
-9.66
16.19
-24.88
-8.52
34.45
-25.15
-8.54
34.47
-24.23
-8.66
33.80
-24.68
-8.80
34.06
-25.25
-8.86
34.16
-24.05
-8.90
33.24
-24.67
-9.53
33.28
-25.53
-9.45
33.62
-26.25
-9.47
33.35
-26.80
-9.45
32.87
-23.29
-8.74
31.94
-23.68
-9.07
32.37
-24.19
-9.84
32.41
-27.21
-9.47
32.26
-23.20
-8.87
31.31
-23.57
-9.46
31.46
-23.95
-10.06
31.61
-27.53
-9.47
31.54
-23.13
-9.00
30.46
-23.53
-9.78
30.52
-23.83
-10.19
30.98
-27.81
-9.45
30.79
-28.04
-9.41
30.05
-23.07
-9.01
29.55
-23.40
-9.72
29.51
-28.23
-9.41
29.26
-23.09
-8.97
28.70
-23.38
-9.63
28.58
-28.38
-9.43
28.40
-23.15
-8.91
28.04
-23.44
-9.38
27.61
-28.54
-9.47
27.45
-23.72
-9.42
26.59
-23.97
-9.86
26.14
-28.73
-9.46
26.39
-28.90
-9.05
25.88
-23.85
-9.14
25.88
-24.07
-9.58
25.42
-28.84
-9.79
25.51
-28.99
-9.17
25.29
-24.26
-9.52
24.45
-28.93
-9.91
24.82
-29.10
-9.37
24.43
-24.43
-9.50
23.47
-29.29
-9.31
23.46
-24.57
-9.48
22.48
-29.45
-9.32
22.53
-24.73
-9.47
21.48
-29.56
-9.39
21.67
-24.91
-9.44
20.49
-25.16
-9.96
20.10
-29.66
-9.37
20.94
-29.77
-9.18
20.45
-25.04
-9.15
19.57
-25.35
-9.83
19.45
-29.14
-9.76
19.14
-29.43
-9.31
19.40
-29.70
-9.16
19.91
-25.19
-8.97
18.77
-25.61
-9.62
18.63
-26.05
-9.92
18.20
-29.05
-9.48
18.48
-29.30
-9.12
18.84
-25.31
-8.80
18.21
-25.67
-9.12
17.90
-26.27
-9.55
17.49
-28.94
-9.43
17.68
-28.90
-9.44
17.07
-26.84
-9.41
16.67
-27.52
-9.64
16.34
-28.01
-9.74
16.20
-28.84
-9.29
16.48
-27.01
-8.99
16.03
-27.58
-9.07
15.71
-28.23
-9.34
15.79
-28.68
-9.12
15.85
-27.88
-8.75
15.21
-28.28
-8.82
15.23
-28.60
-8.74
15.30
-24.82
-8.08
34.60
-25.33
-8.08
34.60
-25.73
-7.82
34.56
-24.04
-8.15
33.97
-24.45
-8.22
34.34
-25.62
-8.49
34.28
-26.00
-8.05
34.24
-23.69
-8.23
33.37
-25.85
-8.83
33.90
-26.33
-8.47
33.68
-26.87
-8.48
33.00
-23.09
-8.20
32.09
-23.39
-8.34
32.69
-27.26
-8.49
32.32
-22.91
-8.21
31.33
-27.57
-8.49
31.59
-22.81
-8.25
30.45
-27.84
-8.48
30.84
-28.07
-8.47
30.07
-22.78
-8.26
29.54
-28.27
-8.47
29.27
-22.84
-8.26
28.66
-28.44
-8.48
28.41
-22.99
-8.32
27.86
-23.23
-8.56
27.24
-28.60
-8.49
27.49
-23.47
-8.55
26.48
-28.77
-8.49
26.57
-28.93
-8.49
25.92
-23.72
-8.41
25.64
-23.98
-8.82
25.17
-29.08
-8.47
25.26
-23.87
-8.09
25.00
-24.11
-8.48
24.45
-29.27
-8.44
24.44
-24.33
-8.49
23.44
-29.50
-8.46
23.50
-24.48
-8.49
22.47
-29.75
-8.45
22.50
-30.02
-8.06
22.03
-24.60
-8.47
21.49
-29.82
-8.75
21.66
-30.07
-8.22
21.42
-24.70
-8.43
20.52
-29.85
-8.89
21.07
-30.02
-8.50
20.64
-24.80
-8.33
19.59
-29.67
-8.60
19.23
-29.92
-8.49
19.82
-24.93
-8.26
18.73
-29.22
-8.65
18.13
-29.45
-8.55
18.66
-25.15
-8.27
18.00
-25.56
-8.45
17.32
-26.04
-8.93
17.10
-29.09
-8.56
17.38
-29.00
-8.86
16.95
-25.85
-8.21
16.54
-26.33
-8.76
16.51
-29.06
-8.19
16.76
-28.98
-8.53
16.39
-26.10
-8.04
15.97
-26.63
-8.43
15.80
-27.22
-8.47
15.31
-28.87
-8.35
15.65
-27.70
-8.24
14.83
-28.26
-8.29
14.79
-28.67
-8.13
14.96
-27.84
-7.79
14.40
-28.25
-7.78
14.37
-28.56
-7.74
14.47
-24.20
-7.05
34.62
-24.64
-7.33
34.75
-25.27
-7.29
34.80
-25.78
-7.23
34.65
-23.90
-7.38
34.20
-24.31
-7.68
34.49
-26.19
-7.31
34.27
-23.01
-7.10
32.97
-23.38
-7.41
33.44
-26.58
-7.44
33.71
-26.97
-7.48
33.05
-22.89
-7.43
32.34
-23.19
-7.74
32.85
-27.31
-7.49
32.35
-22.66
-7.44
31.41
-27.60
-7.50
31.61
-22.53
-7.44
30.47
-27.85
-7.49
30.86
-28.09
-7.49
30.08
-22.52
-7.45
29.52
-28.29
-7.49
29.27
-22.59
-7.43
28.55
-28.45
-7.49
28.40
-22.81
-7.47
27.53
-23.07
-7.94
27.07
-28.61
-7.50
27.46
-22.96
-7.15
26.68
-23.22
-7.77
26.47
-28.80
-7.51
26.44
-28.94
-7.92
25.92
-23.12
-6.97
26.10
-23.43
-7.41
25.70
-28.98
-7.15
25.65
-29.09
-7.75
25.35
-23.75
-7.36
24.92
-24.04
-7.46
24.20
-29.16
-6.97
25.07
-29.36
-7.44
24.55
-24.27
-7.49
23.35
-29.69
-7.59
23.59
-24.42
-7.49
22.43
-29.95
-7.66
22.80
-30.22
-7.50
22.16
-24.51
-7.48
21.48
-30.38
-7.56
21.38
-24.56
-7.46
20.52
-30.38
-7.67
20.51
-24.61
-7.42
19.56
-29.86
-8.02
19.06
-30.22
-7.66
19.54
-24.68
-7.41
18.62
-29.37
-8.02
17.98
-29.68
-7.80
18.45
-30.14
-7.24
18.73
-24.88
-7.53
17.78
-25.20
-7.68
17.11
-29.30
-7.61
17.35
-29.66
-7.17
17.83
-30.04
-6.88
18.18
-25.48
-7.59
16.39
-29.11
-7.47
16.50
-29.03
-7.85
16.13
-25.86
-7.45
15.60
-26.51
-7.85
15.27
-26.97
-8.05
15.04
-29.03
-7.14
15.87
-28.97
-7.51
15.52
-26.04
-6.98
14.87
-26.62
-7.40
14.73
-27.20
-7.76
14.65
-28.83
-7.35
14.80
-26.29
-6.73
14.44
-26.79
-6.93
14.29
-27.52
-7.23
14.19
-28.18
-7.16
14.07
-28.61
-7.18
14.26
-24.10
-6.37
34.72
-24.65
-6.42
34.93
-25.27
-6.41
34.94
-25.82
-6.40
34.72
-23.64
-6.48
34.28
-26.29
-6.43
34.31
-22.83
-6.44
33.06
-23.20
-6.51
33.68
-26.69
-6.47
33.74
-27.04
-6.49
33.07
-22.59
-6.57
32.31
-27.34
-6.50
32.36
-22.38
-6.62
31.45
-27.61
-6.50
31.62
-21.97
-5.99
30.18
-22.22
-6.54
30.50
-27.86
-6.50
30.86
-28.09
-6.50
30.09
-21.98
-5.98
29.54
-22.24
-6.62
29.52
-28.29
-6.50
29.27
-22.03
-5.93
28.91
-22.29
-6.45
28.54
-28.44
-6.50
28.40
-22.51
-6.44
27.56
-28.57
-6.49
27.49
-22.76
-6.35
26.68
-28.73
-6.46
26.57
-23.02
-6.33
25.97
-23.33
-6.51
25.42
-28.92
-6.34
25.75
-23.64
-6.46
24.79
-23.97
-6.48
24.08
-29.19
-6.29
25.04
-29.61
-6.38
24.28
-30.01
-5.94
23.84
-24.22
-6.49
23.28
-29.95
-6.80
23.51
-30.37
-6.11
23.22
-30.82
-5.78
22.82
-24.38
-6.50
22.41
-30.14
-7.06
22.91
-30.52
-6.71
22.41
-31.04
-5.98
22.24
-24.46
-6.49
21.48
-30.78
-6.83
21.43
-31.31
-6.09
21.39
-31.67
-5.70
21.04
-24.47
-6.48
20.52
-30.83
-6.93
20.51
-31.32
-6.28
20.50
-31.70
-5.75
20.44
-24.45
-6.45
19.53
-30.76
-6.87
19.61
-31.27
-6.23
19.66
-31.67
-5.72
19.74
-24.20
-5.88
17.93
-24.41
-6.38
18.45
-30.62
-6.58
18.79
-31.19
-5.93
18.89
-31.59
-5.63
19.21
-24.22
-5.94
17.29
-24.59
-6.70
17.39
-24.93
-7.13
16.95
-29.37
-6.83
17.03
-29.71
-6.35
17.35
-30.34
-6.21
18.04
-30.86
-5.82
18.32
-24.24
-5.86
16.54
-24.62
-6.47
16.50
-25.05
-7.00
16.36
-29.19
-6.52
16.41
-29.40
-6.09
16.75
-24.32
-5.74
15.86
-24.71
-6.23
15.77
-25.25
-6.75
15.62
-29.01
-6.42
15.60
-28.97
-6.81
15.23
-24.43
-5.61
15.41
-24.81
-5.86
15.19
-25.49
-6.26
14.87
-28.91
-6.15
15.00
-28.87
-6.49
14.63
-26.13
-6.20
14.32
-26.78
-6.27
14.02
-27.53
-6.37
13.83
-28.20
-6.35
13.70
-28.65
-6.36
13.95
-28.42
-5.98
13.49
-28.62
-5.99
13.58
-23.94
-5.49
34.83
-24.59
-5.48
35.06
-25.25
-5.47
35.05
-25.84
-5.46
34.79
-23.43
-5.63
34.38
-26.33
-5.47
34.34
-22.17
-4.97
32.93
-22.55
-5.54
33.19
-23.01
-5.70
33.84
-26.73
-5.49
33.75
-27.07
-5.50
33.08
-21.96
-5.07
32.29
-22.29
-5.77
32.35
-27.36
-5.50
32.36
-21.78
-5.19
31.45
-22.11
-5.89
31.53
-27.62
-5.50
31.62
-21.75
-5.41
30.51
-22.02
-5.96
30.85
-27.86
-5.50
30.86
-28.09
-5.50
30.09
-21.71
-5.31
29.56
-28.28
-5.50
29.28
-21.86
-5.32
28.67
-22.12
-5.75
28.23
-28.42
-5.50
28.41
-21.95
-5.06
28.02
-22.24
-5.45
27.52
-28.54
-5.49
27.50
-22.58
-5.44
26.59
-28.68
-5.47
26.61
-22.95
-5.44
25.74
-23.25
-5.82
25.29
-28.88
-5.43
25.80
-23.17
-5.10
25.20
-23.49
-5.47
24.77
-23.90
-5.49
24.01
-29.18
-5.40
25.09
-29.60
-5.39
24.47
-30.06
-5.27
23.96
-24.18
-5.51
23.24
-30.52
-5.26
23.44
-30.98
-5.19
22.91
-24.35
-5.51
22.39
-31.40
-5.23
22.25
-31.74
-4.94
21.83
-24.42
-5.51
21.48
-31.56
-5.53
21.66
-31.83
-5.16
21.27
-24.41
-5.50
20.55
-31.95
-5.13
20.47
-24.34
-5.48
19.63
-31.92
-5.12
19.73
-24.07
-5.25
18.03
-24.22
-5.41
18.74
-31.40
-5.22
18.60
-31.75
-5.13
19.10
-23.99
-5.21
17.30
-29.86
-5.38
17.13
-30.44
-5.33
17.68
-30.98
-5.22
18.12
-23.99
-5.17
16.55
-29.15
-5.78
16.15
-29.38
-5.35
16.50
-24.10
-5.13
15.86
-28.93
-5.45
15.56
-29.11
-5.06
15.99
-24.35
-5.11
15.31
-24.79
-5.22
14.91
-25.41
-5.38
14.54
-28.79
-5.56
14.82
-28.80
-5.76
14.33
-26.06
-5.46
14.17
-26.77
-5.52
13.90
-27.59
-5.58
13.66
-28.06
-5.84
13.52
-28.71
-5.76
13.85
-27.98
-5.42
13.48
-28.31
-5.62
13.44
-28.60
-5.67
13.54
-23.12
-3.97
34.77
-23.68
-4.43
34.97
-24.50
-4.49
35.23
-25.22
-4.46
35.19
-25.85
-4.48
34.87
-22.24
-3.93
33.85
-22.69
-4.18
34.28
-23.16
-4.84
34.44
-26.35
-4.49
34.37
-22.04
-4.29
33.25
-22.53
-4.78
33.71
-22.89
-5.11
34.02
-26.75
-4.50
33.77
-27.08
-4.50
33.09
-21.64
-4.29
32.38
-27.36
-4.50
32.36
-20.98
-3.86
31.09
-21.35
-4.33
31.45
-27.62
-4.50
31.62
-20.95
-3.94
30.48
-21.32
-4.56
30.50
-27.86
-4.50
30.86
-28.09
-4.50
30.09
-20.96
-3.91
29.87
-21.30
-4.44
29.56
-28.28
-4.50
29.28
-21.53
-4.49
28.68
-28.41
-4.50
28.41
-21.77
-4.38
27.92
-22.09
-4.49
27.24
-28.52
-4.50
27.51
-22.42
-4.49
26.48
-28.65
-4.49
26.63
-22.77
-4.46
25.75
-28.85
-4.47
25.82
-23.11
-4.38
25.14
-23.49
-4.47
24.58
-23.86
-4.52
23.93
-29.17
-4.46
25.13
-29.60
-4.45
24.55
-30.09
-4.41
24.04
-24.15
-4.53
23.20
-30.60
-4.40
23.54
-31.07
-4.38
23.01
-24.32
-4.54
22.38
-31.49
-4.38
22.43
-31.82
-4.33
21.88
-24.37
-4.54
21.49
-32.00
-4.37
21.23
-24.35
-4.54
20.58
-32.10
-4.36
20.46
-24.26
-4.53
19.69
-32.06
-4.36
19.68
-23.96
-4.43
18.12
-24.12
-4.51
18.88
-31.54
-4.49
18.45
-31.86
-4.39
18.97
-23.86
-4.39
17.34
-29.97
-4.44
17.02
-30.55
-4.43
17.52
-31.11
-4.42
17.99
-23.85
-4.36
16.56
-29.46
-4.41
16.48
-23.99
-4.35
15.84
-28.15
-4.02
14.88
-28.61
-4.43
15.25
-29.04
-4.34
15.92
-24.30
-4.36
15.25
-24.80
-4.42
14.79
-25.44
-4.53
14.43
-27.88
-4.29
14.43
-28.46
-4.91
14.49
-28.66
-5.31
14.17
-26.05
-4.71
14.14
-26.74
-4.76
13.97
-27.60
-4.80
13.90
-28.27
-5.05
13.89
-28.59
-5.34
13.81
-27.98
-5.13
13.57
-28.31
-5.26
13.55
-28.55
-5.39
13.56
-24.06
-2.83
35.68
-24.49
-2.88
35.73
-24.91
-2.85
35.69
-23.05
-3.26
34.96
-23.74
-3.30
35.36
-24.49
-3.53
35.48
-25.21
-3.35
35.40
-25.87
-3.45
34.95
-22.05
-3.28
33.93
-22.51
-3.29
34.47
-26.37
-3.49
34.41
-21.69
-3.40
33.28
-26.76
-3.50
33.78
-27.09
-3.50
33.09
-20.90
-3.02
32.03
-21.27
-3.42
32.46
-27.36
-3.50
32.37
-20.38
-2.78
30.96
-20.72
-3.20
31.33
-21.09
-3.67
31.76
-27.62
-3.50
31.62
-20.33
-2.81
30.46
-20.64
-3.33
30.46
-27.86
-3.50
30.86
-28.09
-3.50
30.09
-20.36
-2.80
29.94
-20.70
-3.26
29.57
-21.06
-3.83
29.23
-28.27
-3.50
29.27
-20.91
-3.10
28.70
-21.24
-3.73
28.59
-28.41
-3.50
28.41
-21.13
-2.98
28.12
-21.50
-3.46
27.79
-21.92
-3.61
27.08
-28.52
-3.50
27.51
-22.25
-3.56
26.40
-28.64
-3.50
26.63
-22.63
-3.51
25.71
-28.85
-3.50
25.83
-23.03
-3.49
25.07
-23.45
-3.53
24.47
-23.82
-3.59
23.86
-29.17
-3.49
25.15
-29.61
-3.49
24.58
-30.11
-3.48
24.07
-24.09
-3.61
23.17
-30.63
-3.48
23.56
-31.11
-3.50
23.03
-24.25
-3.61
22.37
-31.53
-3.51
22.44
-31.84
-3.58
21.88
-24.30
-3.61
21.49
-32.04
-3.52
21.23
-24.27
-3.61
20.59
-32.14
-3.50
20.44
-24.17
-3.61
19.73
-32.10
-3.49
19.61
-23.89
-3.52
18.24
-24.04
-3.64
18.96
-31.62
-3.83
18.37
-31.89
-3.49
18.79
-23.77
-3.48
17.41
-30.03
-3.48
16.98
-30.63
-3.48
17.46
-31.28
-3.48
17.97
-31.66
-3.15
18.32
-23.78
-3.46
16.59
-29.49
-3.47
16.48
-23.94
-3.46
15.85
-27.95
-3.36
15.00
-28.50
-3.44
15.44
-29.00
-3.45
15.96
-24.29
-3.47
15.24
-24.86
-3.51
14.79
-25.66
-3.61
14.45
-26.47
-3.41
14.41
-27.32
-3.52
14.54
-26.07
-4.12
14.20
-26.59
-4.08
14.14
-27.16
-4.11
14.15
-23.98
-2.22
35.76
-24.49
-2.20
35.85
-24.99
-2.23
35.76
-22.90
-2.38
35.08
-23.48
-2.36
35.48
-25.45
-2.39
35.46
-25.96
-2.46
35.00
-21.85
-2.43
34.02
-22.35
-2.41
34.59
-26.41
-2.49
34.43
-21.46
-2.57
33.40
-26.77
-2.50
33.78
-27.09
-2.51
33.09
-20.77
-2.40
32.27
-21.11
-2.60
32.78
-27.36
-2.51
32.36
-20.22
-2.22
31.07
-20.48
-2.36
31.64
-27.61
-2.51
31.61
-20.13
-2.19
30.44
-27.86
-2.51
30.86
-28.08
-2.51
30.08
-20.19
-2.24
29.80
-20.41
-2.43
29.26
-28.27
-2.51
29.27
-20.66
-2.36
28.57
-28.41
-2.50
28.41
-21.01
-2.35
27.89
-21.45
-2.56
27.29
-21.81
-2.93
26.91
-28.51
-2.50
27.51
-21.67
-2.21
26.73
-22.03
-2.62
26.37
-28.64
-2.50
26.63
-22.46
-2.55
25.65
-28.85
-2.51
25.84
-22.93
-2.54
24.97
-23.39
-2.60
24.33
-23.76
-2.75
23.78
-29.17
-2.51
25.16
-29.61
-2.51
24.58
-30.11
-2.51
24.05
-24.00
-2.76
23.14
-30.63
-2.53
23.51
-31.09
-2.61
22.96
-24.14
-2.75
22.36
-31.52
-2.54
22.29
-31.82
-2.91
21.85
-24.19
-2.75
21.50
-31.75
-2.20
21.70
-31.96
-2.62
21.27
-24.15
-2.75
20.60
-32.09
-2.59
20.43
-23.88
-2.25
19.24
-24.04
-2.71
19.70
-32.09
-2.59
19.60
-23.82
-2.55
18.50
-23.98
-2.96
19.04
-31.94
-2.57
18.86
-23.71
-2.51
17.50
-30.03
-2.51
16.97
-30.63
-2.51
17.43
-31.22
-2.51
17.88
-31.66
-2.48
18.31
-23.73
-2.50
16.63
-29.46
-2.52
16.50
-23.92
-2.51
15.87
-27.83
-2.47
15.17
-28.42
-2.52
15.58
-28.95
-2.55
16.03
-24.29
-2.52
15.27
-24.86
-2.53
14.86
-25.59
-2.53
14.64
-26.38
-2.48
14.63
-27.15
-2.49
14.81
-23.93
-1.40
35.82
-24.49
-1.39
35.91
-25.03
-1.41
35.80
-22.79
-1.45
35.16
-23.37
-1.44
35.55
-25.54
-1.45
35.49
-26.01
-1.49
35.01
-21.19
-0.98
33.74
-21.60
-1.43
34.05
-22.21
-1.45
34.67
-26.42
-1.50
34.43
-20.93
-1.18
33.27
-21.23
-1.80
33.44
-26.78
-1.51
33.77
-27.08
-1.53
33.08
-20.65
-1.54
32.59
-20.99
-1.99
32.95
-27.34
-1.52
32.35
-20.07
-1.44
31.20
-20.31
-1.57
31.85
-27.59
-1.52
31.60
-19.96
-1.40
30.43
-27.84
-1.52
30.84
-28.07
-1.53
30.08
-20.02
-1.43
29.57
-20.24
-1.80
29.10
-28.25
-1.52
29.27
-20.09
-1.13
28.95
-20.39
-1.49
28.48
-28.39
-1.51
28.41
-20.84
-1.50
27.59
-21.26
-1.84
27.14
-28.51
-1.51
27.51
-21.06
-1.16
26.99
-21.50
-1.47
26.54
-21.93
-1.87
26.16
-28.65
-1.51
26.63
-21.81
-1.16
25.95
-22.23
-1.55
25.57
-28.87
-1.53
25.84
-22.78
-1.57
24.82
-23.32
-1.63
24.03
-23.68
-2.11
23.68
-29.18
-1.55
25.17
-29.61
-1.53
24.59
-30.10
-1.51
24.02
-23.59
-1.34
23.22
-23.85
-2.02
23.13
-30.65
-1.50
23.37
-31.02
-1.87
22.92
-23.73
-1.23
22.38
-23.97
-1.97
22.37
-30.95
-1.13
22.87
-31.29
-1.49
22.37
-23.79
-1.22
21.48
-24.01
-1.96
21.51
-31.67
-1.45
21.47
-31.91
-1.91
21.06
-23.79
-1.30
20.55
-24.00
-2.00
20.65
-31.81
-1.21
20.78
-31.98
-1.69
20.39
-23.76
-1.53
19.55
-23.95
-2.06
19.96
-32.01
-1.75
19.58
-23.65
-1.54
18.52
-31.89
-1.75
18.87
-23.60
-1.53
17.54
-29.97
-1.54
17.00
-30.60
-1.54
17.47
-31.19
-1.59
17.92
-31.63
-1.72
18.34
-23.68
-1.53
16.65
-29.38
-1.58
16.53
-23.91
-1.55
15.89
-27.77
-1.53
15.35
-28.38
-1.64
15.72
-28.89
-1.69
16.10
-24.30
-1.59
15.32
-24.86
-1.58
14.95
-25.56
-1.55
14.78
-26.32
-1.53
14.80
-27.07
-1.52
15.00
-23.91
-0.50
35.84
-24.49
-0.50
35.93
-25.04
-0.50
35.81
-22.73
-0.50
35.22
-23.33
-0.50
35.59
-25.56
-0.50
35.49
-26.02
-0.51
35.00
-21.10
-0.32
33.83
-21.59
-0.44
34.29
-22.15
-0.49
34.78
-26.42
-0.52
34.40
-20.69
-0.38
33.25
-26.76
-0.54
33.73
-27.05
-0.58
33.05
-20.03
-0.15
32.10
-20.33
-0.56
32.54
-27.30
-0.57
32.34
-19.91
-0.49
31.44
-20.16
-0.88
31.95
-27.55
-0.54
31.58
-19.77
-0.50
30.48
-27.80
-0.55
30.80
-28.03
-0.58
30.05
-19.80
-0.50
29.59
-28.22
-0.57
29.27
-19.94
-0.46
28.80
-20.21
-0.66
28.20
-28.36
-0.53
28.41
-20.53
-0.64
27.51
-28.50
-0.52
27.51
-20.86
-0.53
26.85
-21.28
-0.61
26.31
-28.67
-0.52
26.63
-21.66
-0.49
25.75
-22.12
-0.65
25.27
-28.91
-0.55
25.82
-22.58
-0.63
24.65
-23.03
-0.64
23.97
-29.21
-0.64
25.19
-29.60
-0.57
24.65
-30.06
-0.52
24.07
-23.31
-0.55
23.21
-30.51
-0.48
23.45
-23.47
-0.48
22.38
-30.87
-0.40
22.83
-31.20
-0.48
22.17
-23.52
-0.47
21.47
-31.48
-0.50
21.36
-23.52
-0.51
20.51
-31.68
-0.52
20.46
-31.88
-1.06
20.12
-23.48
-0.58
19.53
-31.65
-0.34
19.59
-31.87
-1.03
19.52
-23.42
-0.58
18.52
-31.49
-0.38
18.83
-31.76
-1.05
18.87
-23.45
-0.58
17.55
-29.85
-0.56
17.08
-30.52
-0.58
17.58
-31.17
-0.65
18.16
-31.57
-1.12
18.41
-23.61
-0.54
16.66
-28.10
-0.03
15.91
-28.55
-0.22
16.18
-29.15
-0.59
16.54
-23.94
-0.62
15.90
-27.75
-0.50
15.57
-28.39
-0.84
15.90
-28.82
-1.03
16.17
-24.32
-0.74
15.37
-24.85
-0.71
15.07
-25.54
-0.62
14.93
-26.29
-0.61
14.96
-27.01
-0.58
15.17
-23.91
0.40
35.84
-24.48
0.39
35.91
-25.03
0.40
35.79
-22.70
0.45
35.25
-23.32
0.44
35.60
-25.53
0.44
35.46
-25.99
0.46
34.97
-21.00
0.55
33.93
-21.54
0.48
34.43
-22.11
0.44
34.86
-26.38
0.46
34.34
-20.12
0.93
32.86
-20.47
0.57
33.28
-26.72
0.42
33.63
-27.00
0.30
33.00
-19.93
0.61
32.29
-20.22
0.20
32.72
-27.23
0.34
32.31
-19.66
0.53
31.40
-27.45
0.42
31.53
-19.53
0.44
30.46
-27.72
0.40
30.70
-27.96
0.29
30.00
-19.55
0.42
29.52
-28.14
0.34
29.27
-19.73
0.44
28.48
-20.06
-0.03
28.03
-28.29
0.45
28.43
-19.91
0.77
27.54
-20.26
0.10
27.42
-28.47
0.47
27.52
-20.15
0.97
26.76
-20.60
0.29
26.61
-21.09
0.04
26.12
-28.69
0.48
26.62
-20.32
1.17
26.22
-20.72
0.84
25.95
-21.39
0.41
25.45
-21.95
0.02
25.08
-29.02
0.47
25.73
-29.33
0.80
25.22
-21.79
0.70
24.76
-22.29
0.25
24.48
-22.78
0.14
23.86
-29.24
0.08
25.22
-29.57
0.39
24.80
-30.02
0.46
24.16
-23.04
0.17
23.18
-30.44
0.49
23.48
-23.17
0.22
22.37
-30.79
0.49
22.78
-31.09
0.43
22.08
-23.22
0.24
21.46
-31.30
0.42
21.30
-23.22
0.23
20.51
-31.42
0.43
20.46
-23.18
0.23
19.55
-31.39
0.47
19.61
-22.83
0.86
18.21
-23.10
0.34
18.54
-31.21
0.45
18.84
-22.88
0.94
17.56
-23.22
0.31
17.56
-29.72
0.42
17.23
-30.37
0.39
17.73
-30.90
0.32
18.23
-23.01
1.10
16.95
-23.50
0.54
16.64
-27.98
0.61
16.03
-28.55
0.57
16.41
-29.13
0.38
16.78
-24.09
0.30
15.85
-24.67
0.62
15.52
-25.20
0.82
15.39
-27.44
0.43
15.63
-24.37
-0.11
15.43
-24.82
0.04
15.24
-25.51
0.30
15.15
-26.26
0.23
15.12
-26.89
0.25
15.29
-23.93
1.23
35.81
-24.47
1.20
35.86
-24.97
1.22
35.74
-22.66
1.39
35.27
-23.36
1.37
35.58
-25.42
1.36
35.41
-25.90
1.40
34.90
-20.96
1.50
34.11
-21.52
1.37
34.56
-22.08
1.30
34.93
-26.30
1.43
34.23
-20.03
1.64
32.94
-20.44
1.55
33.52
-26.68
1.42
33.37
-26.94
0.97
32.92
-19.71
1.59
32.26
-26.88
1.78
32.57
-27.09
1.15
32.34
-19.04
2.12
30.92
-19.36
1.62
31.35
-27.02
1.95
31.96
-27.27
1.46
31.50
-18.92
2.04
30.31
-19.24
1.34
30.42
-27.62
1.39
30.43
-27.88
0.95
29.93
-18.89
1.98
29.58
-19.22
1.30
29.51
-27.78
1.75
29.58
-28.00
1.14
29.33
-18.92
2.03
28.95
-19.27
1.53
28.52
-27.90
1.95
28.97
-28.13
1.48
28.49
-19.55
1.56
27.53
-28.38
1.45
27.51
-19.82
1.66
26.70
-28.65
1.47
26.63
-20.14
1.71
26.00
-20.61
1.50
25.51
-21.13
1.29
25.02
-29.00
1.49
25.83
-29.43
1.53
25.16
-29.73
1.80
24.74
-21.61
1.36
24.29
-22.24
0.90
23.95
-22.63
0.63
23.69
-29.67
1.13
24.75
-29.98
1.45
24.27
-21.76
1.74
23.35
-22.31
1.22
23.24
-22.74
0.75
23.15
-30.39
1.44
23.46
-21.89
1.90
22.43
-22.39
1.37
22.39
-22.82
0.83
22.37
-30.72
1.40
22.67
-30.98
1.26
21.99
-21.95
1.96
21.48
-22.43
1.42
21.47
-22.86
0.86
21.47
-31.14
1.25
21.27
-21.97
1.97
20.51
-22.44
1.43
20.52
-22.87
0.86
20.53
-31.20
1.26
20.46
-21.96
1.95
19.54
-22.45
1.39
19.55
-22.85
0.85
19.63
-31.13
1.28
19.63
-21.94
1.94
18.58
-22.51
1.31
18.55
-22.83
0.84
18.90
-30.51
1.71
18.49
-30.90
1.29
18.84
-21.89
2.04
17.66
-22.48
1.52
17.60
-28.93
1.80
17.13
-29.49
1.42
17.40
-30.25
1.34
17.99
-30.72
1.00
18.31
-21.95
2.20
16.90
-22.69
1.86
16.72
-23.66
1.57
16.29
-24.43
1.86
16.02
-25.03
1.99
15.91
-27.81
1.41
16.21
-28.52
1.45
16.70
-29.05
1.10
16.95
-21.91
2.43
16.49
-22.28
2.33
16.42
-24.11
1.05
15.94
-24.65
1.26
15.75
-25.45
1.48
15.63
-26.32
1.50
15.62
-27.09
1.29
15.75
-25.76
0.92
15.31
-26.29
0.90
15.31
-26.78
0.84
15.40
-23.98
1.84
35.75
-24.45
1.88
35.76
-24.88
1.83
35.67
-21.30
3.01
34.73
-21.78
2.80
34.98
-22.51
2.41
35.24
-23.55
2.34
35.54
-24.39
2.52
35.53
-25.15
2.31
35.33
-25.75
2.30
34.83
-20.98
2.55
34.33
-21.56
2.18
34.73
-22.04
1.97
34.98
-26.14
2.39
34.19
-19.96
2.52
33.03
-20.40
2.52
33.66
-26.46
2.45
33.40
-19.59
2.53
32.37
-26.69
2.58
32.58
-18.91
2.75
31.04
-19.24
2.57
31.66
-26.90
2.59
31.80
-27.14
2.35
31.18
-18.33
3.22
29.90
-18.61
2.84
30.28
-27.37
2.34
30.39
-18.30
3.17
29.41
-18.58
2.63
29.51
-27.56
2.49
29.59
-18.33
3.15
28.88
-18.64
2.63
28.72
-18.97
2.31
28.12
-27.76
2.59
28.82
-28.01
2.37
28.19
-19.22
2.29
27.36
-28.25
2.36
27.42
-19.48
2.39
26.53
-28.54
2.44
26.60
-19.87
2.51
25.59
-20.46
2.12
25.08
-20.89
1.84
24.79
-28.93
2.46
25.80
-29.37
2.38
25.19
-29.71
2.38
24.71
-20.02
2.89
24.83
-20.50
2.61
24.41
-21.05
2.07
24.23
-29.98
2.37
24.15
-20.71
2.77
23.74
-21.16
2.41
23.37
-30.31
2.37
23.34
-21.37
2.47
22.42
-30.63
2.36
22.36
-30.88
1.89
21.90
-21.46
2.52
21.47
-30.74
2.67
21.41
-30.96
1.98
21.28
-21.49
2.52
20.51
-30.73
2.76
20.53
-30.98
2.02
20.49
-21.46
2.51
19.55
-30.59
2.70
19.66
-30.89
2.00
19.69
-21.39
2.50
18.61
-29.75
2.80
18.29
-30.29
2.45
18.75
-30.73
1.94
19.06
-20.28
3.31
17.17
-20.66
3.01
17.34
-21.22
2.60
17.68
-28.76
2.50
17.31
-29.44
2.40
17.79
-30.02
2.08
18.15
-20.30
3.31
16.71
-20.76
3.00
16.76
-21.35
2.63
16.87
-22.88
2.59
16.28
-23.63
2.56
16.21
-24.44
2.64
16.15
-25.20
2.62
16.10
-27.60
2.24
16.43
-28.22
2.30
16.85
-20.39
3.38
16.34
-20.83
3.20
16.28
-21.56
2.90
16.29
-22.27
2.82
16.19
-25.75
2.32
15.94
-26.40
2.22
15.93
-27.02
2.13
16.07
-21.26
3.67
34.79
-21.83
3.61
35.11
-22.58
3.50
35.32
-23.48
3.45
35.41
-24.35
3.47
35.31
-25.17
3.41
34.97
-25.66
3.03
34.70
-20.79
3.56
34.30
-25.57
3.75
34.50
-25.93
3.32
34.18
-19.90
3.40
33.06
-20.30
3.49
33.66
-26.25
3.37
33.38
-19.53
3.46
32.45
-26.48
3.49
32.49
-18.83
3.58
31.22
-19.17
3.43
31.83
-26.75
3.47
31.46
-27.01
2.97
31.00
-18.23
3.77
29.94
-18.49
3.66
30.54
-26.90
3.78
30.51
-27.15
3.09
30.36
-18.13
3.79
29.29
-27.05
3.95
29.70
-27.32
3.27
29.54
-18.18
3.72
28.46
-18.52
3.12
28.11
-18.79
2.78
27.84
-27.20
4.06
29.05
-27.54
3.56
28.55
-27.87
3.03
28.04
-18.18
3.98
27.53
-18.53
3.41
27.39
-18.89
2.89
27.27
-27.79
3.83
27.57
-28.06
3.17
27.39
-18.24
4.15
26.75
-18.60
3.64
26.63
-19.05
3.09
26.48
-27.99
3.97
26.90
-28.32
3.46
26.53
-18.33
4.27
26.18
-18.67
3.96
25.90
-19.25
3.44
25.50
-28.81
3.50
25.55
-29.33
3.11
25.01
-29.65
2.92
24.65
-19.71
3.52
24.46
-20.22
3.14
24.10
-29.04
3.91
24.89
-29.41
3.60
24.56
-29.80
3.20
24.13
-19.90
3.79
23.53
-20.43
3.25
23.38
-20.85
2.91
23.05
-30.11
3.25
23.31
-20.00
3.95
22.82
-20.40
3.59
22.43
-20.92
3.02
22.35
-30.35
3.37
22.39
-20.53
3.61
21.46
-21.00
3.07
21.45
-30.51
3.52
21.45
-20.53
3.62
20.52
-21.01
3.08
20.51
-30.51
3.57
20.59
-20.02
3.99
19.17
-20.42
3.64
19.55
-20.96
3.06
19.57
-30.31
3.51
19.74
-19.96
3.88
18.47
-20.45
3.44
18.64
-20.92
2.98
18.71
-28.89
3.86
18.08
-29.44
3.53
18.40
-29.99
3.40
18.99
-19.95
3.70
17.55
-20.48
3.26
17.88
-20.87
2.93
18.07
-26.06
4.05
16.76
-26.66
3.97
16.91
-27.45
3.77
17.14
-28.40
3.46
17.53
-29.11
3.14
17.89
-19.90
3.74
16.73
-22.96
3.22
16.08
-23.58
3.52
16.12
-24.52
3.53
16.27
-25.58
3.49
16.42
-26.50
3.33
16.55
-27.30
3.01
16.67
-27.99
2.94
17.00
-20.14
3.77
16.16
-20.74
3.69
15.91
-21.52
3.61
15.85
-22.42
3.62
15.90
-23.05
3.90
15.94
-25.93
2.89
16.18
-26.45
2.80
16.22
-26.94
2.68
16.29
-21.24
4.52
34.89
-21.82
4.47
35.23
-22.55
4.47
35.36
-23.42
4.45
35.33
-24.25
4.42
35.16
-24.96
4.40
34.81
-20.73
4.52
34.31
-25.50
4.47
34.23
-25.86
4.00
33.95
-19.86
4.14
33.05
-20.21
4.51
33.56
-25.76
4.80
33.53
-26.04
4.18
33.36
-19.13
4.88
31.95
-19.50
4.51
32.49
-19.87
4.88
33.04
-25.93
4.97
32.95
-26.21
4.50
32.50
-18.83
4.53
31.42
-19.16
4.15
31.93
-26.47
4.50
31.47
-18.14
4.50
29.97
-18.42
4.54
30.62
-26.66
4.62
30.55
-17.99
4.60
29.28
-26.85
4.70
29.70
-17.92
4.63
28.43
-27.06
4.71
28.95
-27.33
4.57
28.26
-17.91
4.73
27.53
-27.59
4.62
27.45
-17.99
4.78
26.68
-27.89
4.64
26.62
-28.20
4.21
26.21
-18.18
4.76
25.92
-18.56
4.51
25.32
-18.98
4.09
25.05
-28.06
4.91
25.97
-28.42
4.53
25.49
-18.72
4.68
24.68
-19.14
4.32
24.33
-28.87
4.61
24.51
-29.38
4.13
24.11
-29.71
3.78
23.86
-19.43
4.39
23.42
-29.06
4.96
23.63
-29.48
4.47
23.46
-29.86
3.97
23.27
-19.66
4.41
22.46
-20.07
4.05
22.11
-29.21
5.13
23.01
-29.56
4.78
22.76
-30.02
4.28
22.36
-19.63
4.56
21.47
-20.10
4.10
21.41
-30.32
4.38
21.38
-30.44
4.66
21.13
-19.62
4.55
20.53
-20.10
4.10
20.58
-30.32
4.40
20.66
-30.44
4.67
20.89
-19.64
4.41
19.53
-20.07
4.07
19.88
-29.62
4.69
19.43
-30.02
4.33
19.79
-19.43
4.39
18.56
-28.78
4.55
18.36
-29.39
4.39
18.87
-29.83
4.05
19.19
-18.09
5.07
17.04
-18.56
4.80
17.23
-19.21
4.38
17.58
-25.94
4.68
16.93
-26.64
4.69
17.18
-27.39
4.61
17.47
-28.16
4.51
17.85
-18.08
5.08
16.46
-18.67
4.74
16.52
-19.34
4.30
16.64
-23.77
4.43
16.11
-24.49
4.48
16.35
-25.28
4.51
16.62
-18.13
5.18
15.83
-18.78
4.87
15.83
-19.66
4.44
15.84
-20.56
4.35
15.55
-21.41
4.38
15.49
-22.29
4.64
15.56
-23.14
4.61
15.86
-18.20
5.38
15.37
-18.78
5.26
15.29
-19.59
5.10
15.24
-20.45
5.03
15.16
-21.25
5.04
15.17
-21.85
5.12
15.25
-21.43
5.72
35.38
-21.70
5.72
35.50
-22.02
5.75
35.53
-21.28
5.43
35.06
-21.77
5.27
35.36
-22.41
5.44
35.40
-23.35
5.38
35.22
-24.16
5.28
35.00
-24.77
5.22
34.69
-20.81
5.49
34.39
-25.18
5.34
34.17
-20.34
5.53
33.68
-25.48
5.55
33.49
-19.11
5.61
31.91
-19.51
5.55
32.48
-19.92
5.62
33.05
-25.78
5.60
32.78
-26.05
5.38
32.17
-18.74
5.54
31.29
-26.26
5.40
31.39
-18.11
5.18
29.96
-18.33
5.53
30.49
-26.45
5.52
30.52
-17.95
5.54
29.37
-18.11
5.89
29.93
-26.67
5.56
29.63
-17.78
5.56
28.42
-26.91
5.54
28.79
-27.15
5.41
28.10
-17.71
5.58
27.48
-27.38
5.47
27.37
-17.75
5.56
26.54
-27.63
5.50
26.57
-17.94
5.51
25.52
-18.31
5.07
25.07
-27.88
5.55
25.81
-28.18
5.40
25.18
-18.00
5.78
24.56
-18.46
5.20
24.35
-18.86
4.85
24.02
-28.46
5.49
24.39
-18.03
5.94
23.84
-18.41
5.57
23.43
-18.96
4.98
23.34
-28.70
5.61
23.52
-18.52
5.60
22.45
-19.07
5.04
22.44
-28.99
5.63
22.62
-29.49
5.20
22.19
-29.89
4.82
21.96
-18.51
5.61
21.51
-19.08
5.09
21.49
-29.06
5.84
21.84
-29.47
5.49
21.41
-30.06
4.92
21.31
-30.36
4.84
21.11
-17.81
5.95
20.17
-18.34
5.63
20.53
-19.02
5.07
20.52
-29.53
5.44
20.58
-30.07
4.92
20.69
-30.36
4.84
20.89
-17.04
6.19
19.08
-17.61
5.90
19.41
-18.32
5.44
19.53
-18.99
4.96
19.56
-28.88
5.66
19.33
-29.37
5.29
19.71
-29.86
4.88
20.04
-16.98
6.02
18.35
-17.64
5.63
18.46
-18.31
5.25
18.62
-18.90
4.85
18.68
-28.63
5.38
18.72
-29.15
5.04
19.07
-16.94
5.87
17.46
-17.70
5.40
17.46
-18.34
5.05
17.82
-18.82
4.77
18.02
-25.81
5.49
17.10
-26.56
5.48
17.41
-27.30
5.42
17.73
-27.99
5.38
18.13
-16.90
5.84
16.57
-17.54
5.44
16.56
-23.86
5.13
16.12
-24.37
5.45
16.38
-25.13
5.39
16.75
-16.95
5.90
15.79
-17.57
5.55
15.80
-22.59
5.59
15.48
-23.40
5.52
15.88
-23.91
5.74
16.14
-17.10
6.04
15.23
-17.79
5.83
15.14
-18.62
5.87
14.89
-19.53
5.81
14.85
-20.41
5.77
14.88
-21.23
5.75
14.98
-21.93
5.73
15.16
-21.45
5.98
35.36
-21.70
6.07
35.44
-22.02
6.04
35.47
-21.34
6.10
35.04
-21.75
6.45
35.12
-22.40
6.26
35.22
-23.35
6.30
34.95
-24.14
6.01
34.75
-24.62
5.78
34.58
-21.01
6.47
34.41
-21.48
6.80
34.72
-23.70
6.81
34.56
-24.30
6.61
34.29
-24.84
6.06
34.15
-20.46
6.50
33.66
-24.63
6.88
33.76
-25.11
6.44
33.42
-19.13
6.48
31.87
-19.54
6.48
32.43
-19.99
6.52
33.01
-25.57
6.47
32.46
-25.90
6.02
32.01
-18.76
6.49
31.26
-25.79
6.81
31.60
-26.05
6.19
31.38
-18.40
6.53
30.57
-25.96
6.99
30.98
-26.22
6.53
30.52
-17.89
6.54
29.20
-18.12
6.62
29.90
-26.50
6.51
29.51
-17.68
6.53
28.35
-26.78
6.48
28.51
-27.02
6.08
27.99
-17.53
6.52
27.42
-26.91
6.78
27.77
-27.15
6.33
27.34
-17.50
6.43
26.47
-27.40
6.33
26.46
-17.55
6.39
25.50
-27.66
6.37
25.52
-27.97
6.04
25.02
-17.61
6.45
24.53
-27.73
6.70
24.79
-28.06
6.30
24.35
-17.68
6.46
23.52
-18.05
6.05
23.12
-28.30
6.31
23.44
-17.10
7.11
22.14
-17.50
6.67
22.49
-18.03
6.11
22.42
-28.50
6.33
22.51
-17.00
7.01
21.43
-17.50
6.52
21.52
-18.01
6.07
21.59
-28.68
6.32
21.50
-29.10
5.95
21.15
-16.84
6.87
20.53
-17.47
6.32
20.59
-17.95
6.01
20.90
-28.62
6.39
20.55
-29.09
5.94
20.54
-15.88
7.03
19.03
-16.55
6.69
19.46
-17.21
6.29
19.82
-28.57
6.21
19.65
-29.04
5.85
19.94
-15.09
7.21
17.99
-15.62
6.94
18.31
-16.34
6.47
18.40
-28.22
6.14
18.87
-15.01
7.09
17.32
-15.60
6.71
17.40
-16.27
6.30
17.45
-25.00
6.86
17.07
-25.60
6.40
17.28
-26.46
6.28
17.67
-27.19
6.17
17.98
-27.78
6.10
18.32
-14.95
7.02
16.48
-15.59
6.63
16.51
-16.25
6.24
16.55
-23.88
6.89
16.25
-24.43
6.52
16.58
-25.05
6.11
16.87
-14.96
7.02
15.63
-15.63
6.66
15.66
-16.35
6.30
15.69
-22.66
6.52
15.46
-23.43
6.53
15.91
-23.94
6.26
16.19
-15.03
7.13
14.89
-15.74
6.84
14.89
-16.63
6.52
14.89
-17.54
6.50
14.61
-18.46
6.73
14.45
-19.50
6.65
14.58
-20.42
6.61
14.72
-21.24
6.56
14.89
-21.97
6.53
15.12
-15.12
7.33
14.37
-15.73
7.20
14.29
-16.53
7.07
14.23
-17.32
7.06
14.15
-17.93
7.14
14.13
-21.98
6.96
34.89
-22.49
6.94
34.90
-23.09
6.92
34.77
-21.11
7.41
34.08
-21.75
7.41
34.50
-22.51
7.54
34.51
-23.39
7.46
34.32
-24.06
7.23
34.07
-20.58
7.45
33.49
-23.82
7.85
33.83
-24.41
7.58
33.49
-24.92
7.18
33.13
-19.18
7.32
31.82
-19.58
7.36
32.32
-20.06
7.46
32.87
-24.73
7.87
32.87
-25.17
7.50
32.44
-18.84
7.43
31.25
-25.54
7.60
31.57
-18.48
7.49
30.56
-25.83
7.63
30.83
-26.10
7.44
30.20
-17.88
7.50
29.13
-18.16
7.52
29.86
-26.32
7.47
29.39
-17.61
7.52
28.31
-26.56
7.47
28.45
-17.13
8.09
26.87
-17.35
7.59
27.34
-26.79
7.50
27.45
-27.03
6.98
27.06
-17.04
8.00
26.25
-17.26
7.29
26.39
-26.90
7.76
26.49
-27.16
7.07
26.38
-16.98
7.94
25.41
-17.24
7.19
25.47
-27.02
7.89
25.60
-27.32
7.19
25.50
-16.93
7.90
24.50
-17.24
7.17
24.53
-27.11
7.96
24.86
-27.45
7.40
24.47
-27.82
6.90
24.07
-16.87
7.83
23.54
-17.23
7.15
23.61
-27.51
7.55
23.45
-27.92
6.96
23.36
-16.80
7.65
22.51
-17.17
7.15
22.87
-27.16
8.15
22.12
-27.48
7.69
22.46
-28.00
7.00
22.46
-16.57
7.60
21.53
-27.11
8.14
21.40
-27.54
7.58
21.47
-28.08
6.98
21.49
-16.34
7.47
20.67
-27.01
8.08
20.52
-27.51
7.51
20.53
-28.06
6.96
20.55
-14.96
7.87
19.01
-15.48
7.54
19.30
-16.04
7.38
19.90
-26.82
7.95
19.64
-27.39
7.39
19.65
-27.97
6.85
19.67
-14.23
8.15
18.04
-14.73
7.71
18.31
-15.26
7.37
18.65
-25.25
8.09
17.85
-25.74
7.93
18.20
-26.47
7.73
18.74
-27.22
7.18
18.88
-27.78
6.72
18.93
-14.00
8.11
17.34
-14.49
7.56
17.37
-24.97
7.66
17.37
-25.69
7.26
17.73
-26.45
7.02
18.09
-27.14
6.76
18.31
-27.60
6.57
18.47
-13.25
8.38
15.94
-13.70
8.09
16.40
-14.33
7.48
16.46
-23.76
7.61
16.31
-24.32
7.57
16.78
-13.17
8.32
15.37
-13.69
7.89
15.53
-14.32
7.43
15.59
-22.54
7.44
15.46
-23.20
7.49
15.88
-13.18
8.29
14.74
-13.73
7.91
14.78
-14.41
7.52
14.81
-18.71
7.63
14.20
-19.58
7.57
14.45
-20.46
7.52
14.68
-21.26
7.39
14.89
-21.93
7.34
15.13
-13.26
8.37
14.26
-13.81
8.15
14.15
-14.69
7.78
14.10
-15.59
7.70
13.85
-16.45
7.65
13.77
-17.25
7.68
13.79
-17.98
7.74
13.91
-21.22
8.22
33.81
-21.78
8.22
34.10
-22.45
8.26
34.14
-23.10
8.28
33.97
-20.74
8.36
33.30
-23.60
8.47
33.58
-24.15
8.40
33.19
-19.25
7.97
31.76
-19.61
8.16
32.13
-20.15
8.49
32.61
-24.56
8.50
32.64
-24.98
8.37
32.12
-19.04
8.41
31.28
-19.50
8.78
31.78
-19.88
8.97
32.14
-25.32
8.43
31.40
-18.60
8.45
30.52
-25.68
8.47
30.54
-25.97
8.12
30.05
-17.91
8.44
29.10
-18.23
8.46
29.80
-25.82
8.79
29.90
-26.09
8.42
29.38
-17.62
8.47
28.38
-26.34
8.42
28.41
-17.09
8.73
26.95
-17.34
8.56
27.61
-26.52
8.46
27.46
-16.91
8.74
26.23
-26.64
8.57
26.49
-16.79
8.73
25.40
-26.75
8.63
25.53
-16.68
8.70
24.49
-26.89
8.57
24.51
-27.17
8.04
24.16
-16.54
8.66
23.53
-26.88
8.71
23.50
-27.19
8.12
23.48
-15.93
9.06
22.02
-16.30
8.62
22.48
-26.90
8.65
22.49
-27.19
8.16
22.81
-15.69
8.92
21.40
-16.12
8.29
21.53
-26.75
8.76
21.49
-14.42
9.22
19.73
-14.79
8.99
20.06
-15.36
8.67
20.59
-15.90
8.06
20.73
-26.59
8.75
20.56
-14.28
8.99
19.20
-14.74
8.43
19.39
-15.33
8.11
19.86
-15.76
7.84
20.16
-26.38
8.61
19.73
-14.07
8.73
18.40
-14.48
8.26
18.72
-25.07
8.70
17.99
-25.57
8.65
18.51
-26.07
8.51
19.03
-13.71
8.78
17.52
-24.64
8.56
17.44
-13.03
8.88
16.02
-13.38
8.80
16.70
-23.57
8.48
16.38
-24.12
8.48
16.89
-12.42
9.23
14.92
-12.74
8.92
15.29
-21.03
9.01
15.01
-21.57
8.81
15.20
-22.29
8.43
15.49
-23.02
8.38
15.93
-12.42
9.19
14.50
-12.76
8.77
14.62
-18.77
8.55
14.07
-19.61
8.54
14.42
-20.55
8.56
14.77
-21.32
8.19
14.99
-21.87
7.98
15.17
-12.53
9.21
14.09
-12.97
8.85
14.00
-13.71
8.71
13.62
-14.62
8.42
13.53
-15.53
8.31
13.43
-16.40
8.28
13.41
-17.21
8.35
13.49
-17.96
8.59
13.67
-13.98
9.07
13.27
-14.66
8.99
13.20
-15.51
8.94
13.16
-16.36
8.91
13.17
-17.10
8.92
13.26
-17.61
8.98
13.38
-21.34
8.80
33.63
-21.80
8.86
33.77
-22.41
8.88
33.79
-22.94
8.84
33.71
-21.10
9.21
33.18
-21.77
9.42
33.37
-22.47
9.43
33.38
-23.28
9.25
33.22
-23.92
9.01
32.94
-20.53
9.44
32.57
-23.65
9.69
32.64
-24.27
9.32
32.33
-24.77
9.00
31.94
-19.10
9.37
31.02
-19.54
9.56
31.51
-20.03
9.62
32.02
-24.57
9.62
31.70
-24.99
9.26
31.33
-18.71
9.40
30.39
-25.35
9.33
30.51
-17.98
9.30
29.06
-18.32
9.40
29.68
-25.62
9.45
29.74
-25.92
9.27
29.11
-17.69
9.36
28.42
-26.12
9.26
28.32
-17.09
9.55
26.99
-17.39
9.49
27.71
-26.27
9.31
27.43
-16.86
9.57
26.23
-26.38
9.40
26.49
-16.69
9.57
25.40
-26.46
9.48
25.50
-16.53
9.57
24.50
-26.55
9.47
24.50
-16.34
9.55
23.60
-26.57
9.50
23.50
-15.79
9.68
22.18
-16.11
9.49
22.80
-26.55
9.50
22.52
-15.00
9.99
21.00
-15.39
9.69
21.43
-26.43
9.53
21.55
-14.32
9.74
19.84
-14.74
9.70
20.46
-15.14
9.34
20.84
-25.89
9.99
20.13
-26.20
9.57
20.56
-14.06
9.67
19.20
-25.71
9.82
19.58
-26.04
9.27
19.75
-13.82
9.60
18.42
-24.86
9.52
18.16
-25.42
9.50
18.87
-25.85
9.09
19.19
-13.54
9.59
17.59
-24.40
9.40
17.54
-12.90
9.58
16.11
-13.23
9.58
16.79
-22.85
9.84
16.17
-23.35
9.45
16.47
-23.94
9.33
17.00
-12.34
9.68
14.94
-12.59
9.60
15.46
-20.95
9.69
15.08
-21.62
9.63
15.39
-22.39
9.50
15.78
-22.94
9.11
16.04
-12.29
9.69
14.41
-18.73
9.49
14.05
-19.51
9.52
14.43
-20.29
9.57
14.78
-12.44
9.68
13.85
-12.87
9.36
13.59
-13.37
9.20
13.40
-18.09
9.40
13.66
-12.56
9.93
13.49
-12.96
9.79
13.32
-13.67
9.58
13.18
-14.57
9.61
13.07
-15.48
9.60
13.06
-16.35
9.54
13.10
-17.09
9.48
13.20
-17.64
9.43
13.36
-21.24
9.90
32.89
-21.76
10.03
32.99
-22.43
10.04
32.98
-23.03
9.94
32.86
-20.92
10.38
32.39
-21.69
10.65
32.56
-22.45
10.67
32.53
-23.34
10.43
32.26
-24.01
10.01
32.01
-19.18
10.07
30.85
-19.60
10.45
31.18
-20.21
10.47
31.80
-23.82
10.83
31.47
-24.37
10.22
31.37
-24.81
9.87
31.04
-18.91
10.36
30.28
-19.29
10.76
30.64
-24.08
11.07
30.86
-24.53
10.71
30.53
-25.02
10.08
30.38
-18.07
9.96
28.99
-18.43
10.40
29.41
-24.80
10.86
29.82
-25.30
10.35
29.40
-25.72
9.89
28.95
-17.84
10.15
28.46
-18.13
10.78
28.65
-25.51
10.64
28.39
-25.87
9.98
28.28
-17.16
10.42
26.97
-17.56
10.48
27.74
-17.88
10.96
28.11
-25.69
10.78
27.47
-26.00
10.08
27.43
-16.89
10.43
26.22
-25.82
10.88
26.59
-26.10
10.20
26.51
-16.68
10.46
25.40
-25.90
10.94
25.86
-26.15
10.39
25.49
-16.48
10.49
24.50
-26.26
10.30
24.47
-15.99
10.81
23.00
-16.22
10.49
23.54
-26.30
10.29
23.50
-15.77
10.52
22.44
-16.03
10.16
22.93
-26.28
10.29
22.56
-14.96
10.61
21.04
-15.36
10.56
21.65
-26.18
10.30
21.67
-14.25
10.41
19.85
-14.59
10.53
20.42
-25.73
10.57
20.31
-26.01
10.35
20.89
-14.00
10.42
19.21
-25.43
10.55
19.63
-13.78
10.47
18.43
-24.12
10.98
17.94
-24.54
10.52
18.27
-25.08
10.42
18.96
-13.53
10.47
17.57
-23.82
10.80
17.47
-24.15
10.18
17.59
-12.90
10.30
16.07
-13.23
10.42
16.73
-22.77
10.56
16.32
-23.39
10.45
16.85
-23.84
9.99
17.14
-12.36
10.23
14.92
-12.61
10.28
15.45
-20.86
10.55
15.18
-21.54
10.53
15.52
-22.20
10.49
15.89
-12.29
10.24
14.39
-17.75
10.88
13.93
-18.45
10.49
14.09
-19.36
10.50
14.50
-20.15
10.52
14.85
-12.36
10.24
13.86
-15.82
10.75
13.36
-16.48
10.68
13.44
-17.28
10.57
13.60
-17.89
10.08
13.66
-12.55
10.29
13.48
-12.98
10.28
13.29
-13.67
10.25
13.17
-14.52
10.27
13.12
-15.47
10.33
13.16
-16.38
10.15
13.20
-17.12
10.02
13.31
-17.59
9.85
13.40
-21.00
11.34
31.99
-21.67
11.42
32.19
-22.36
11.43
32.14
-22.99
11.37
31.88
-19.84
11.31
31.03
-20.38
11.35
31.53
-23.43
11.55
31.29
-19.03
11.09
30.05
-19.42
11.44
30.42
-23.87
11.65
30.53
-24.32
11.29
30.19
-18.81
11.45
29.42
-19.24
11.82
29.87
-24.08
11.90
29.84
-24.54
11.50
29.48
-24.99
11.09
29.09
-18.39
11.56
28.60
-24.72
11.73
28.77
-25.10
11.39
28.36
-17.24
11.20
26.83
-17.60
11.35
27.39
-18.00
11.59
27.92
-25.33
11.48
27.43
-17.00
11.24
26.18
-25.50
11.57
26.49
-16.79
11.32
25.39
-25.70
11.51
25.48
-25.97
10.98
25.12
-16.58
11.42
24.51
-25.73
11.67
24.46
-26.02
11.01
24.39
-16.02
11.42
23.00
-16.30
11.44
23.63
-25.75
11.73
23.50
-26.04
11.03
23.49
-15.75
11.39
22.37
-25.72
11.71
22.55
-26.02
11.02
22.57
-14.99
11.39
20.98
-15.39
11.46
21.64
-25.65
11.62
21.62
-25.94
10.98
21.72
-14.26
10.98
19.80
-14.58
11.39
20.21
-25.51
11.37
20.67
-25.85
10.92
21.07
-14.09
11.13
19.25
-14.33
11.70
19.45
-24.75
11.79
19.35
-25.13
11.39
19.74
-13.93
11.38
18.44
-14.17
11.85
18.83
-23.99
11.62
18.11
-24.49
11.49
18.74
-24.91
11.10
19.13
-13.68
11.37
17.47
-23.57
11.56
17.53
-13.00
10.87
15.93
-13.40
11.31
16.43
-22.58
11.42
16.44
-23.12
11.43
16.95
-12.48
10.66
14.87
-12.84
10.93
15.26
-13.41
11.58
15.50
-20.77
11.46
15.30
-21.45
11.43
15.66
-22.06
11.35
16.01
-12.48
10.71
14.40
-12.94
11.11
14.53
-13.72
11.66
14.62
-14.62
11.86
14.27
-15.54
11.87
14.10
-16.47
11.81
14.08
-17.44
11.56
14.12
-18.41
11.49
14.36
-19.29
11.46
14.65
-20.06
11.45
14.96
-12.52
10.67
13.88
-12.97
10.97
13.89
-13.68
11.21
13.86
-14.53
11.30
13.73
-15.48
11.21
13.61
-16.38
11.22
13.71
-17.05
11.12
13.80
-12.60
10.60
13.54
-12.99
10.70
13.46
-13.66
10.78
13.39
-14.44
10.81
13.33
-15.13
10.80
13.31
-21.10
12.10
31.69
-21.67
12.12
31.87
-22.29
12.17
31.79
-22.78
11.97
31.66
-20.05
11.91
30.90
-20.55
12.20
31.18
-22.54
12.50
31.43
-23.00
12.28
31.17
-19.81
12.15
30.41
-20.29
12.66
30.53
-23.41
12.43
30.38
-19.04
12.33
29.11
-19.54
12.52
29.72
-20.02
12.91
30.01
-23.83
12.54
29.49
-24.29
12.12
29.15
-18.64
12.38
28.39
-24.02
12.88
28.63
-24.49
12.29
28.44
-24.86
11.95
28.07
-17.34
11.75
26.70
-17.67
12.05
27.00
-18.20
12.48
27.52
-24.15
13.10
28.00
-24.53
12.78
27.57
-24.97
12.15
27.39
-17.22
11.93
26.18
-17.61
12.56
26.34
-18.02
12.87
26.79
-24.73
12.86
26.80
-25.10
12.38
26.44
-17.03
12.11
25.41
-17.37
12.74
25.54
-25.31
12.33
25.44
-16.84
12.41
24.49
-17.21
12.93
24.88
-25.39
12.38
24.47
-16.09
12.01
22.93
-16.43
12.42
23.42
-25.42
12.41
23.50
-15.88
12.17
22.35
-16.17
12.77
22.58
-25.39
12.40
22.55
-15.12
12.07
20.93
-15.55
12.47
21.48
-15.94
12.94
21.96
-25.31
12.34
21.62
-14.91
12.32
20.28
-15.28
12.75
20.71
-24.76
12.72
20.30
-25.11
12.30
20.69
-14.60
12.39
19.42
-24.58
12.47
19.63
-24.96
12.07
20.00
-14.06
12.04
18.14
-14.34
12.43
18.55
-23.74
12.45
18.28
-24.20
12.37
18.91
-13.98
12.24
17.42
-14.27
12.65
17.83
-23.31
12.34
17.63
-13.83
12.21
16.51
-21.77
12.74
16.30
-22.31
12.32
16.55
-22.89
12.24
17.07
-13.87
12.29
15.70
-20.66
12.41
15.47
-21.41
12.35
15.89
-21.94
12.02
16.13
-14.15
12.36
15.07
-14.80
12.51
14.73
-15.62
12.56
14.52
-16.52
12.54
14.44
-17.46
12.46
14.47
-18.39
12.41
14.61
-19.25
12.39
14.83
-19.99
12.33
15.10
-21.25
12.56
31.52
-21.65
12.63
31.59
-22.08
12.62
31.57
-21.05
12.81
31.11
-21.63
13.00
31.15
-22.26
12.92
31.16
-22.75
12.83
30.90
-20.84
13.29
30.39
-21.58
13.46
30.55
-22.26
13.41
30.51
-22.90
13.18
30.24
-19.22
12.94
28.86
-19.69
13.32
29.15
-20.30
13.46
29.72
-23.31
13.34
29.41
-18.98
13.11
28.29
-19.41
13.65
28.42
-23.59
13.56
28.57
-18.73
13.44
27.46
-19.20
13.89
27.82
-23.90
13.64
27.79
-24.25
13.45
27.18
-17.85
13.15
26.11
-18.29
13.54
26.49
-24.54
13.38
26.36
-24.89
12.93
26.06
-17.69
13.34
25.48
-18.08
13.83
25.64
-24.61
13.56
25.40
-24.98
12.98
25.35
-17.03
13.15
24.18
-17.46
13.60
24.61
-17.90
13.99
25.03
-24.66
13.64
24.46
-25.04
13.03
24.45
-16.83
13.41
23.42
-17.23
13.83
23.84
-24.68
13.66
23.50
-25.06
13.05
23.50
-16.48
13.53
22.56
-24.66
13.64
22.54
-25.04
13.04
22.56
-15.77
13.37
21.16
-16.14
13.56
21.80
-24.61
13.55
21.59
-24.98
12.97
21.67
-15.06
12.95
20.00
-15.44
13.41
20.34
-24.52
13.32
20.63
-24.89
12.89
20.98
-14.90
13.05
19.34
-15.28
13.66
19.41
-23.68
13.75
19.27
-24.14
13.33
19.69
-14.72
13.14
18.49
-15.14
13.79
18.51
-22.88
13.91
18.19
-23.42
13.41
18.55
-23.93
13.05
19.03
-14.22
12.81
17.14
-14.57
13.21
17.53
-15.04
13.86
17.63
-21.87
13.95
17.09
-22.45
13.73
17.54
-23.00
13.09
17.72
-14.21
12.88
16.50
-14.69
13.50
16.60
-15.04
13.93
16.95
-20.92
13.84
16.21
-21.56
13.50
16.53
-22.28
13.11
16.94
-22.74
12.83
17.22
-14.25
12.89
15.81
-14.73
13.39
15.82
-19.68
13.72
15.39
-20.42
13.43
15.69
-21.14
13.11
16.01
-14.40
12.84
15.32
-14.94
13.16
15.20
-15.71
13.23
14.91
-16.57
13.27
14.78
-17.47
13.27
14.76
-18.37
13.25
14.85
-19.26
13.28
15.07
-19.91
13.03
15.25
-21.04
13.86
29.90
-21.60
13.96
29.97
-22.22
13.92
29.93
-22.69
13.73
29.84
-20.05
13.95
28.93
-20.70
14.23
29.23
-21.53
14.42
29.37
-22.26
14.43
29.24
-22.86
13.99
29.25
-19.81
14.23
28.35
-20.35
14.68
28.45
-22.57
14.72
28.66
-23.10
14.36
28.40
-19.00
14.14
27.15
-19.52
14.56
27.53
-20.06
14.91
27.89
-23.56
14.40
27.38
-23.99
13.98
26.97
-18.80
14.38
26.42
-19.25
14.77
26.78
-23.71
14.66
26.39
-24.13
14.07
26.29
-18.46
14.46
25.58
-23.81
14.79
25.44
-24.22
14.18
25.41
-17.76
14.38
24.24
-18.16
14.52
24.84
-23.86
14.85
24.48
-24.26
14.24
24.47
-17.01
14.08
23.11
-17.42
14.45
23.48
-23.87
14.87
23.50
-24.27
14.26
23.50
-16.83
14.35
22.41
-17.26
14.77
22.79
-23.85
14.85
22.52
-24.26
14.24
22.53
-16.01
14.00
21.00
-16.40
14.33
21.47
-23.79
14.80
21.57
-24.20
14.17
21.58
-15.90
14.25
20.32
-16.28
14.60
20.75
-23.66
14.68
20.63
-24.09
14.05
20.69
-15.70
14.33
19.40
-22.96
14.84
19.14
-23.43
14.46
19.62
-23.90
13.96
19.98
-15.58
14.41
18.49
-22.73
14.57
18.52
-23.21
14.16
18.88
-15.50
14.43
17.59
-21.06
14.89
16.95
-21.57
14.60
17.23
-22.18
14.55
17.83
-15.08
13.94
16.33
-15.47
14.35
16.68
-20.76
14.55
16.48
-21.31
14.23
16.73
-15.19
13.87
15.81
-15.84
14.33
15.88
-16.69
14.57
15.60
-17.54
14.64
15.44
-18.41
14.59
15.42
-19.29
14.39
15.53
-20.10
14.40
15.94
-15.27
13.66
15.38
-15.83
13.83
15.28
-16.62
13.95
15.14
-17.49
13.98
15.07
-18.32
13.96
15.09
-18.98
13.90
15.19
-21.03
14.84
28.82
-21.54
14.92
28.88
-22.04
14.91
28.83
-20.86
15.25
28.24
-21.55
15.36
28.34
-22.27
15.26
28.24
-22.82
14.99
28.00
-19.87
15.31
27.12
-20.37
15.41
27.63
-22.52
15.58
27.59
-23.01
15.25
27.28
-19.01
14.95
26.07
-19.46
15.34
26.35
-23.28
15.34
26.37
-18.81
15.08
25.41
-19.28
15.62
25.48
-23.40
15.41
25.44
-18.04
14.93
24.06
-18.50
15.23
24.52
-19.08
15.84
24.66
-23.46
15.46
24.48
-17.86
15.16
23.41
-18.43
15.74
23.64
-18.91
16.03
24.04
-23.47
15.47
23.50
-17.06
14.98
22.09
-17.58
15.47
22.46
-18.13
15.88
22.92
-23.45
15.46
22.53
-16.82
15.06
21.36
-17.29
15.70
21.42
-23.40
15.43
21.58
-16.17
14.80
20.05
-16.57
15.17
20.43
-17.09
15.86
20.48
-23.27
15.36
20.70
-16.10
14.92
19.36
-16.55
15.45
19.48
-17.01
16.01
19.60
-22.66
15.45
19.33
-23.05
15.31
19.91
-16.05
15.02
18.49
-16.61
15.66
18.52
-16.99
16.08
18.90
-22.34
15.33
18.65
-16.01
15.02
17.60
-16.55
15.56
17.60
-20.82
15.50
17.18
-21.41
15.35
17.60
-21.93
15.26
18.07
-16.04
14.95
16.79
-16.61
15.43
16.81
-20.37
15.30
16.64
-16.20
14.86
16.22
-16.84
15.19
16.13
-17.63
15.25
15.86
-18.43
15.24
15.81
-19.21
15.17
15.90
-19.86
15.16
16.18
-21.04
15.76
27.78
-21.53
15.83
27.84
-22.02
15.78
27.78
-20.18
15.81
26.87
-20.76
16.06
27.13
-21.50
16.19
27.26
-22.20
16.08
27.14
-22.73
15.79
26.93
-19.96
15.96
26.27
-20.48
16.36
26.31
-22.42
16.33
26.28
-22.88
15.90
26.27
-19.79
16.16
25.48
-20.30
16.55
25.54
-22.52
16.45
25.40
-22.99
15.98
25.41
-19.64
16.41
24.61
-20.16
16.67
24.89
-22.55
16.51
24.47
-23.03
16.03
24.47
-18.78
16.36
23.28
-19.25
16.45
23.83
-22.55
16.54
23.50
-23.04
16.05
23.50
-17.99
16.26
22.10
-18.41
16.38
22.66
-22.54
16.56
22.53
-23.03
16.05
22.53
-17.74
16.37
21.32
-22.50
16.55
21.57
-22.98
16.02
21.59
-17.56
16.49
20.46
-22.42
16.46
20.66
-22.89
15.95
20.74
-17.47
16.58
19.55
-21.07
17.00
18.94
-21.52
16.75
19.24
-22.22
16.25
19.67
-22.75
15.86
20.09
-17.01
16.10
18.20
-17.41
16.52
18.59
-20.84
16.79
18.42
-21.41
16.40
18.59
-21.95
15.96
18.77
-17.09
16.05
17.55
-17.79
16.55
17.66
-18.60
16.71
17.37
-19.41
16.66
17.36
-20.40
16.36
17.62
-21.26
15.99
18.00
-21.74
15.76
18.26
-17.14
15.85
16.85
-17.78
16.14
16.84
-18.53
16.25
16.76
-19.28
16.18
16.76
-19.95
15.90
16.81
-17.21
15.65
16.37
-17.76
15.75
16.28
-18.47
15.79
16.23
-19.18
15.74
16.27
-19.69
15.64
16.38
-21.06
16.50
26.74
-21.49
16.56
26.77
-21.91
16.51
26.74
-20.95
16.68
26.19
-21.46
16.77
26.16
-21.97
16.66
26.17
-20.80
16.82
25.42
-21.40
16.91
25.38
-21.99
16.78
25.38
-19.95
16.78
24.17
-20.55
16.92
24.49
-21.32
17.00
24.47
-21.98
16.85
24.46
-19.08
16.76
22.99
-19.67
16.90
23.40
-20.49
17.11
23.49
-21.27
17.12
23.49
-21.97
16.92
23.50
-18.31
16.73
21.90
-18.83
16.92
22.28
-19.64
17.21
22.47
-20.44
17.34
22.54
-21.23
17.26
22.51
-21.95
16.98
22.52
-18.20
16.91
21.26
-18.84
17.36
21.33
-19.62
17.53
21.63
-20.39
17.57
21.67
-21.16
17.43
21.47
-21.92
17.02
21.56
-18.05
17.07
20.45
-18.54
17.49
20.50
-21.34
17.38
20.61
-21.92
16.97
20.71
-18.01
17.23
19.57
-18.41
17.55
19.87
-20.79
17.35
19.22
-21.29
17.23
19.80
-21.85
16.86
20.04
-17.95
17.16
18.74
-20.42
17.28
18.61
-18.18
17.16
18.12
-18.71
17.22
17.87
-19.37
17.21
17.86
-20.00
17.14
18.08
-19.14
17.70
20.89
-19.66
17.78
20.97
-20.29
17.78
21.00
-20.79
17.69
20.99
-18.99
17.77
20.32
-19.60
17.88
20.30
-20.27
17.83
20.34
-20.84
17.68
20.47
-18.33
17.58
19.28
-18.78
17.76
19.56
-19.51
17.85
19.56
-20.29
17.71
19.56
-20.84
17.60
19.94
-18.33
17.56
18.77
-18.80
17.74
18.84
-19.40
17.78
18.85
-19.98
17.64
18.82
-18.39
17.50
18.35
-18.79
17.58
18.30
-19.33
17.59
18.30
-19.78
17.52
18.36
