9
1
0
1
9
10
1
83
0
83
1
84
83
9
0
9
83
95
11
2
1
10
11
1
85
84
1
2
85
1
11
3
2
3
11
12
3
85
2
85
3
86
13
4
3
12
13
3
87
86
3
4
87
3
13
5
4
5
13
14
5
87
4
87
5
88
15
6
5
14
15
5
89
88
5
6
89
5
15
89
6
89
15
96
17
8
7
16
17
7
94
93
7
8
94
7
100
16
7
93
100
7
17
9
8
9
17
18
9
94
8
94
9
95
19
10
9
18
19
9
19
11
10
11
19
20
21
12
11
20
21
11
21
13
12
13
21
22
23
14
13
22
23
13
23
15
14
15
23
24
101
96
15
24
101
15
26
17
16
17
26
27
100
26
16
26
100
106
28
18
17
27
28
17
28
19
18
19
28
29
30
20
19
29
30
19
30
21
20
21
30
31
32
22
21
31
32
21
32
23
22
23
32
33
34
24
23
33
34
23
34
25
24
25
34
35
25
101
24
101
25
102
108
102
25
35
108
25
36
27
26
27
36
37
106
36
26
36
106
112
38
28
27
37
38
27
38
29
28
29
38
39
40
30
29
39
40
29
40
31
30
31
40
41
42
32
31
41
42
31
42
33
32
33
42
43
44
34
33
43
44
33
107
35
34
35
107
108
44
107
34
107
44
114
45
37
36
37
45
46
112
45
36
45
112
118
47
38
37
46
47
37
47
39
38
39
47
48
49
40
39
48
49
39
49
41
40
41
49
50
51
42
41
50
51
41
51
43
42
43
51
52
114
44
43
113
114
43
123
113
43
52
123
43
119
46
45
118
119
45
119
47
46
47
119
120
121
48
47
120
121
47
121
49
48
49
121
122
54
50
49
53
54
49
130
53
49
122
130
49
54
51
50
51
54
55
56
52
51
55
56
51
56
123
52
123
56
133
131
54
53
130
131
53
131
55
54
55
131
132
133
56
55
132
133
55
69
58
57
68
69
57
138
137
57
58
138
57
151
68
57
137
151
57
69
59
58
59
69
70
59
138
58
138
59
139
71
60
59
70
71
59
140
139
59
60
140
59
71
61
60
61
71
72
61
140
60
140
61
141
73
62
61
72
73
61
142
141
61
62
142
61
73
63
62
63
73
74
63
142
62
142
63
143
75
64
63
74
75
63
144
143
63
64
144
63
75
65
64
65
75
76
65
144
64
144
65
145
77
66
65
76
77
65
146
145
65
66
146
65
77
67
66
67
77
78
67
146
66
146
67
147
155
147
67
78
155
67
80
69
68
69
80
81
151
80
68
80
151
159
82
70
69
81
82
69
152
71
70
71
152
153
82
152
70
152
82
160
154
72
71
153
154
71
83
73
72
73
83
84
154
83
72
83
154
162
85
74
73
84
85
73
85
75
74
75
85
86
87
76
75
86
87
75
87
77
76
77
87
88
89
78
77
88
89
77
89
155
78
155
89
163
91
80
79
90
91
79
159
158
79
80
159
79
169
90
79
158
169
79
91
81
80
81
91
92
93
82
81
92
93
81
93
160
82
160
93
170
172
95
83
162
172
83
173
163
89
96
173
89
97
91
90
91
97
98
169
97
90
97
169
180
99
92
91
98
99
91
99
93
92
93
99
100
171
170
93
94
171
93
95
171
94
171
95
172
101
173
96
173
101
181
104
98
97
103
104
97
188
103
97
180
188
97
104
99
98
99
104
105
106
100
99
105
106
99
182
181
101
102
182
101
108
182
102
182
108
189
110
104
103
109
110
103
195
109
103
188
195
103
110
105
104
105
110
111
112
106
105
111
112
105
115
108
107
114
115
107
115
189
108
189
115
197
196
110
109
195
196
109
116
111
110
111
116
117
196
116
110
116
196
203
118
112
111
117
118
111
124
114
113
123
124
113
124
115
114
115
124
125
206
197
115
125
206
115
203
117
116
117
203
204
205
118
117
204
205
117
126
119
118
119
126
127
205
126
118
126
205
213
128
120
119
127
128
119
128
121
120
121
128
129
130
122
121
129
130
121
134
124
123
133
134
123
134
125
124
125
134
135
222
206
125
135
222
125
213
127
126
127
213
214
215
128
127
214
215
127
215
129
128
129
215
216
217
130
129
216
217
129
217
131
130
131
217
218
219
132
131
218
219
131
219
133
132
133
219
220
221
134
133
220
221
133
221
135
134
135
221
222
150
137
136
137
150
151
137
251
136
251
137
252
251
150
136
150
251
265
253
252
137
138
253
137
139
253
138
253
139
254
255
254
139
140
255
139
141
255
140
255
141
256
257
256
141
142
257
141
143
257
142
257
143
258
259
258
143
144
259
143
145
259
144
259
145
260
261
260
145
146
261
145
147
261
146
261
147
262
156
148
147
155
156
147
263
262
147
148
263
147
156
149
148
149
156
157
149
263
148
263
149
264
266
264
149
157
266
149
158
151
150
151
158
159
265
158
150
158
265
269
160
153
152
153
160
161
162
154
153
161
162
153
164
156
155
163
164
155
164
157
156
157
164
165
270
266
157
165
270
157
269
169
158
169
269
275
170
161
160
161
170
171
172
162
161
171
172
161
174
164
163
173
174
163
174
165
164
165
174
175
176
166
165
175
176
165
271
270
165
166
271
165
176
167
166
167
176
177
167
271
166
271
167
272
278
272
167
177
278
167
179
169
168
169
179
180
169
274
168
274
169
275
274
179
168
179
274
281
182
174
173
181
182
173
182
175
174
175
182
183
184
176
175
183
184
175
184
177
176
177
184
185
186
178
177
185
186
177
279
278
177
178
279
177
186
279
178
279
186
282
188
180
179
187
188
179
284
187
179
281
284
179
189
183
182
183
189
190
191
184
183
190
191
183
191
185
184
185
191
192
193
186
185
192
193
185
193
282
186
282
193
285
195
188
187
194
195
187
286
194
187
284
286
187
198
190
189
197
198
189
198
191
190
191
198
199
200
192
191
199
200
191
200
193
192
193
200
201
288
285
193
201
288
193
286
195
194
195
286
287
203
196
195
202
203
195
289
202
195
287
289
195
207
198
197
206
207
197
207
199
198
199
207
208
209
200
199
208
209
199
209
201
200
201
209
210
291
288
201
210
291
201
289
203
202
203
289
290
212
204
203
211
212
203
292
211
203
290
292
203
212
205
204
205
212
213
222
207
206
207
222
223
224
208
207
223
224
207
224
209
208
209
224
225
226
210
209
225
226
209
226
291
210
291
226
299
293
212
211
292
293
211
293
213
212
213
293
294
228
214
213
227
228
213
300
227
213
294
300
213
228
215
214
215
228
229
230
216
215
229
230
215
230
217
216
217
230
231
232
218
217
231
232
217
232
219
218
219
232
233
234
220
219
233
234
219
234
221
220
221
234
235
236
222
221
235
236
221
295
223
222
223
295
296
236
295
222
295
236
305
297
224
223
296
297
223
297
225
224
225
297
298
299
226
225
298
299
225
301
228
227
300
301
227
301
229
228
229
301
302
303
230
229
302
303
229
303
231
230
231
303
304
238
232
231
237
238
231
311
237
231
304
311
231
238
233
232
233
238
239
240
234
233
239
240
233
240
235
234
235
240
241
242
236
235
241
242
235
242
305
236
305
242
316
312
238
237
311
312
237
312
239
238
239
312
313
314
240
239
313
314
239
314
241
240
241
314
315
316
242
241
315
316
241
258
244
243
257
258
243
357
356
243
244
357
243
372
257
243
356
372
243
258
245
244
245
258
259
245
357
244
357
245
358
260
246
245
259
260
245
359
358
245
246
359
245
260
247
246
247
260
261
247
359
246
359
247
360
262
248
247
261
262
247
361
360
247
248
361
247
262
249
248
249
262
263
249
361
248
361
249
362
264
250
249
263
264
249
363
362
249
250
363
249
264
363
250
363
264
373
367
366
251
252
367
251
377
265
251
366
377
251
253
367
252
367
253
368
369
368
253
254
369
253
255
369
254
369
255
370
371
370
255
256
371
255
257
371
256
371
257
372
266
373
264
373
266
378
384
269
265
377
384
265
270
378
266
378
270
385
274
268
267
273
274
267
383
382
267
268
383
267
389
273
267
382
389
267
274
269
268
269
274
275
269
383
268
383
269
384
271
276
270
276
271
277
276
385
270
385
276
390
278
277
271
272
278
271
281
274
273
280
281
273
394
280
273
389
394
273
277
390
276
390
277
391
392
391
277
278
392
277
279
392
278
392
279
393
395
393
279
282
395
279
283
281
280
281
283
284
394
283
280
283
394
396
285
395
282
395
285
398
397
284
283
396
397
283
397
286
284
286
397
399
401
398
285
288
401
285
399
287
286
287
399
400
403
289
287
400
403
287
291
401
288
401
291
405
404
290
289
403
404
289
404
292
290
292
404
407
410
405
291
299
410
291
407
293
292
293
407
408
409
294
293
408
409
293
409
300
294
300
409
412
306
296
295
305
306
295
306
297
296
297
306
307
308
298
297
307
308
297
308
299
298
299
308
309
417
410
299
309
417
299
412
301
300
301
412
413
414
302
301
413
414
301
414
303
302
303
414
415
311
304
303
310
311
303
420
310
303
415
420
303
317
306
305
316
317
305
317
307
306
307
317
318
319
308
307
318
319
307
319
309
308
309
319
320
427
417
309
320
427
309
420
311
310
311
420
421
422
312
311
421
422
311
422
313
312
313
422
423
424
314
313
423
424
313
321
315
314
315
321
322
424
321
314
321
424
432
323
316
315
322
323
315
323
317
316
317
323
324
325
318
317
324
325
317
425
319
318
319
425
426
325
425
318
425
325
436
427
320
319
426
427
319
433
322
321
432
433
321
433
323
322
323
433
434
435
324
323
434
435
323
435
325
324
325
435
436
339
327
326
327
339
340
327
448
326
448
327
449
448
339
326
339
448
462
341
328
327
340
341
327
450
449
327
328
450
327
341
450
328
450
341
463
343
330
329
342
343
329
452
451
329
330
452
329
464
342
329
451
464
329
343
331
330
331
343
344
331
452
330
452
331
453
345
332
331
344
345
331
454
453
331
332
454
331
345
333
332
333
345
346
333
454
332
454
333
455
347
334
333
346
347
333
456
455
333
334
456
333
347
335
334
335
347
348
335
456
334
456
335
457
349
336
335
348
349
335
458
457
335
336
458
335
349
337
336
337
349
350
337
458
336
458
337
459
465
459
337
350
465
337
352
339
338
339
352
353
339
461
338
461
339
462
461
352
338
352
461
469
354
340
339
353
354
339
354
341
340
341
354
355
356
342
341
355
356
341
464
463
341
342
464
341
356
343
342
343
356
357
358
344
343
357
358
343
358
345
344
345
358
359
360
346
345
359
360
345
360
347
346
347
360
361
362
348
347
361
362
347
362
349
348
349
362
363
364
350
349
363
364
349
364
465
350
465
364
470
368
352
351
367
368
351
469
468
351
352
469
351
473
367
351
468
473
351
368
353
352
353
368
369
370
354
353
369
370
353
370
355
354
355
370
371
372
356
355
371
372
355
374
364
363
373
374
363
374
470
364
470
374
474
377
366
365
376
377
365
472
471
365
366
472
365
476
376
365
471
476
365
367
472
366
472
367
473
379
374
373
378
379
373
379
474
374
474
379
477
383
376
375
382
383
375
476
475
375
376
476
375
480
382
375
475
480
375
383
377
376
377
383
384
385
379
378
379
385
386
387
380
379
386
387
379
478
477
379
380
478
379
387
381
380
381
387
388
381
478
380
478
381
479
481
479
381
388
481
381
480
389
382
389
480
482
391
386
385
390
391
385
391
387
386
387
391
392
393
388
387
392
393
387
393
481
388
481
393
483
484
394
389
482
484
389
485
483
393
395
485
393
484
396
394
396
484
486
488
485
395
398
488
395
486
397
396
397
486
487
489
399
397
487
489
397
401
488
398
488
401
490
403
400
399
402
403
399
491
402
399
489
491
399
493
490
401
405
493
401
491
403
402
403
491
492
407
404
403
406
407
403
495
406
403
492
495
403
498
493
405
410
498
405
495
407
406
407
495
496
497
408
407
496
497
407
411
409
408
409
411
412
497
411
408
411
497
502
417
498
410
498
417
506
503
412
411
502
503
411
503
413
412
413
503
504
419
414
413
418
419
413
510
418
413
504
510
413
419
415
414
415
419
420
417
426
416
426
417
427
505
417
416
417
505
506
426
505
416
505
426
516
510
419
418
419
510
511
512
420
419
511
512
419
428
421
420
421
428
429
512
428
420
428
512
517
430
422
421
429
430
421
430
423
422
423
430
431
432
424
423
431
432
423
437
426
425
436
437
425
437
516
426
516
437
526
517
429
428
429
517
518
519
430
429
518
519
429
519
431
430
431
519
520
521
432
431
520
521
431
521
433
432
433
521
522
523
434
433
522
523
433
523
435
434
435
523
524
525
436
435
524
525
435
525
437
436
437
525
526
442
439
438
439
442
443
439
541
438
541
439
542
541
442
438
442
541
551
444
440
439
443
444
439
543
542
439
440
543
439
444
441
440
441
444
445
441
543
440
543
441
544
552
544
441
445
552
441
451
443
442
443
451
452
551
451
442
451
551
564
453
444
443
452
453
443
453
445
444
445
453
454
565
552
445
454
565
445
460
447
446
447
460
461
447
559
446
559
447
560
559
460
446
460
559
572
462
448
447
461
462
447
561
560
447
448
561
447
449
561
448
561
449
562
563
562
449
450
563
449
463
451
450
451
463
464
451
563
450
563
451
564
455
565
454
565
455
566
567
566
455
456
567
455
457
567
456
567
457
568
569
568
457
458
569
457
459
569
458
569
459
570
573
570
459
465
573
459
468
461
460
461
468
469
572
468
460
468
572
577
578
573
465
470
578
465
471
467
466
467
471
472
467
575
466
575
467
576
575
471
466
471
575
580
473
468
467
472
473
467
577
576
467
468
577
467
474
578
470
578
474
581
585
476
471
580
585
471
477
581
474
581
477
586
585
584
475
476
585
475
590
480
475
584
590
475
587
586
477
478
587
477
479
587
478
587
479
588
592
588
479
481
592
479
590
482
480
482
590
594
595
592
481
483
595
481
594
484
482
484
594
596
597
595
483
485
597
483
596
486
484
486
596
598
600
597
485
488
600
485
598
487
486
487
598
599
601
489
487
599
601
487
490
600
488
600
490
602
603
491
489
601
603
489
493
602
490
602
493
604
495
492
491
494
495
491
605
494
491
603
605
491
606
604
493
498
606
493
499
495
494
495
499
500
605
499
494
499
605
607
501
496
495
500
501
495
501
497
496
497
501
502
506
606
498
606
506
613
608
500
499
607
608
499
608
501
500
501
608
609
508
502
501
507
508
501
614
507
501
609
614
501
508
503
502
503
508
509
510
504
503
509
510
503
613
506
505
612
613
505
623
612
505
516
623
505
615
508
507
614
615
507
615
509
508
509
615
616
617
510
509
616
617
509
617
511
510
511
617
618
619
512
511
618
619
511
619
517
512
517
619
627
524
523
513
514
524
513
621
514
513
620
621
513
630
620
513
523
630
513
515
524
514
524
515
525
621
515
514
515
621
622
526
525
515
516
526
515
623
516
515
622
623
515
628
518
517
627
628
517
628
519
518
519
628
629
528
520
519
527
528
519
634
527
519
629
634
519
528
521
520
521
528
529
530
522
521
529
530
521
530
523
522
523
530
531
638
630
523
531
638
523
635
528
527
634
635
527
635
529
528
529
635
636
637
530
529
636
637
529
637
531
530
531
637
638
542
533
532
533
542
543
533
641
532
641
533
642
641
542
532
542
641
651
544
534
533
543
544
533
643
642
533
534
643
533
544
535
534
535
544
545
535
643
534
643
535
644
546
536
535
545
546
535
645
644
535
536
645
535
546
537
536
537
546
547
537
645
536
645
537
646
652
646
537
547
652
537
548
539
538
539
548
549
539
647
538
647
539
648
647
548
538
548
647
653
550
540
539
549
550
539
649
648
539
540
649
539
550
541
540
541
550
551
541
649
540
649
541
650
651
650
541
542
651
541
552
545
544
545
552
553
554
546
545
553
554
545
554
547
546
547
554
555
654
652
547
555
654
547
561
549
548
549
561
562
653
561
548
561
653
660
563
550
549
562
563
549
563
551
550
551
563
564
565
553
552
553
565
566
567
554
553
566
567
553
567
555
554
555
567
568
569
556
555
568
569
555
655
654
555
556
655
555
569
557
556
557
569
570
557
655
556
655
557
656
661
656
557
570
661
557
571
559
558
559
571
572
559
657
558
657
559
658
657
571
558
571
657
663
659
658
559
560
659
559
561
659
560
659
561
660
573
661
570
661
573
664
577
572
571
576
577
571
667
576
571
663
667
571
579
574
573
578
579
573
665
664
573
574
665
573
579
665
574
665
579
668
667
666
575
576
667
575
671
580
575
666
671
575
581
579
578
579
581
582
672
668
579
582
672
579
671
585
580
585
671
675
587
582
581
586
587
581
587
672
582
672
587
676
590
584
583
589
590
583
674
673
583
584
674
583
677
589
583
673
677
583
585
674
584
674
585
675
592
591
587
588
592
587
679
676
587
591
679
587
594
590
589
593
594
589
681
593
589
677
681
589
680
679
591
592
680
591
595
680
592
680
595
685
682
594
593
681
682
593
682
596
594
596
682
686
689
685
595
597
689
595
686
598
596
598
686
690
694
689
597
600
694
597
690
599
598
599
690
691
695
601
599
691
695
599
602
694
600
694
602
698
699
603
601
695
699
601
604
698
602
698
604
707
708
605
603
699
708
603
606
707
604
707
606
717
718
607
605
708
718
605
613
717
606
717
613
731
719
608
607
718
719
607
719
609
608
609
719
720
615
614
609
610
615
609
721
610
609
720
721
609
721
615
610
615
721
732
623
622
611
612
623
611
730
612
611
729
730
611
744
729
611
622
744
611
730
613
612
613
730
731
733
616
615
732
733
615
624
617
616
617
624
625
733
624
616
624
733
745
626
618
617
625
626
617
626
619
618
619
626
627
742
621
620
621
742
743
630
742
620
742
630
754
744
622
621
743
744
621
631
625
624
625
631
632
745
631
624
631
745
755
633
626
625
632
633
625
747
627
626
627
747
748
633
747
626
747
633
757
749
628
627
748
749
627
749
629
628
629
749
750
758
634
629
750
758
629
638
754
630
754
638
762
756
632
631
755
756
631
756
633
632
633
756
757
758
635
634
635
758
759
760
636
635
759
760
635
760
637
636
637
760
761
762
638
637
761
762
637
650
640
639
649
650
639
769
768
639
640
769
639
779
649
639
768
779
639
650
641
640
641
650
651
641
769
640
769
641
770
771
770
641
642
771
641
643
771
642
771
643
772
773
772
643
644
773
643
645
773
644
773
645
774
775
774
645
646
775
645
652
775
646
775
652
780
778
777
647
648
778
647
784
653
647
777
784
647
649
778
648
778
649
779
654
780
652
780
654
785
792
660
653
784
792
653
655
785
654
785
655
786
787
786
655
656
787
655
661
787
656
787
661
793
790
789
657
658
790
657
796
663
657
789
796
657
659
790
658
790
659
791
792
791
659
660
792
659
797
793
661
664
797
661
666
663
662
663
666
667
663
795
662
795
663
796
795
666
662
666
795
800
665
797
664
797
665
798
801
798
665
668
801
665
800
671
666
671
800
804
672
801
668
801
672
805
674
670
669
673
674
669
803
802
669
670
803
669
806
673
669
802
806
669
674
671
670
671
674
675
671
803
670
803
671
804
676
805
672
805
676
807
808
677
673
806
808
673
679
807
676
807
679
810
811
681
677
808
811
677
679
683
678
683
679
684
809
679
678
679
809
810
683
809
678
809
683
813
685
684
679
680
685
679
812
682
681
811
812
681
812
686
682
686
812
815
688
687
683
684
688
683
816
813
683
687
816
683
685
688
684
688
685
689
815
690
686
690
815
818
693
692
687
688
693
687
820
816
687
692
820
687
689
693
688
693
689
694
818
691
690
691
818
819
823
695
691
819
823
691
693
696
692
696
693
697
696
820
692
820
696
824
698
697
693
694
698
693
827
699
695
823
827
695
697
705
696
705
697
706
705
824
696
824
705
833
707
706
697
698
707
697
834
708
699
827
834
699
701
710
700
710
701
711
828
701
700
701
828
829
710
828
700
828
710
836
712
711
701
702
712
701
830
702
701
829
830
701
703
712
702
712
703
713
830
703
702
703
830
831
714
713
703
704
714
703
832
704
703
831
832
703
705
714
704
714
705
715
832
705
704
705
832
833
716
715
705
706
716
705
707
716
706
716
707
717
709
718
708
718
709
719
834
709
708
709
834
835
838
719
709
835
838
709
711
724
710
724
711
725
724
836
710
836
724
843
726
725
711
712
726
711
713
726
712
726
713
727
728
727
713
714
728
713
715
728
714
728
715
729
730
729
715
716
730
715
717
730
716
730
717
731
839
720
719
838
839
719
839
721
720
721
839
840
844
732
721
840
844
721
723
737
722
737
723
738
841
723
722
723
841
842
737
841
722
841
737
849
739
738
723
724
739
723
843
724
723
842
843
723
725
739
724
739
725
740
741
740
725
726
741
725
727
741
726
741
727
742
743
742
727
728
743
727
729
743
728
743
729
744
844
733
732
733
844
845
746
745
733
734
746
733
846
734
733
845
846
733
735
746
734
746
735
747
846
735
734
735
846
847
748
747
735
736
748
735
848
736
735
847
848
735
737
748
736
748
737
749
848
737
736
737
848
849
750
749
737
738
750
737
739
750
738
750
739
751
752
751
739
740
752
739
741
752
740
752
741
753
754
753
741
742
754
741
756
755
745
746
756
745
747
756
746
756
747
757
751
758
750
758
751
759
760
759
751
752
760
751
753
760
752
760
753
761
762
761
753
754
762
753
766
764
763
765
766
763
853
852
763
764
853
763
860
765
763
852
860
763
766
853
764
853
766
861
777
766
765
776
777
765
871
776
765
860
871
765
777
767
766
767
777
778
767
861
766
861
767
862
779
768
767
778
779
767
863
862
767
768
863
767
769
863
768
863
769
864
865
864
769
770
865
769
771
865
770
865
771
866
867
866
771
772
867
771
773
867
772
867
773
868
869
868
773
774
869
773
775
869
774
869
775
870
872
870
775
780
872
775
783
777
776
777
783
784
871
783
776
783
871
876
785
781
780
781
785
786
781
872
780
872
781
873
877
873
781
786
877
781
790
783
782
783
790
791
783
875
782
875
783
876
875
790
782
790
875
881
792
784
783
791
792
783
787
877
786
877
787
878
882
878
787
793
882
787
795
789
788
789
795
796
789
879
788
879
789
880
879
795
788
795
879
884
881
880
789
790
881
789
885
882
793
797
885
793
799
795
794
795
799
800
795
883
794
883
795
884
883
799
794
799
883
887
886
885
797
798
886
797
801
886
798
886
801
888
804
800
799
803
804
799
890
803
799
887
890
799
891
888
801
805
891
801
803
889
802
889
803
890
889
806
802
806
889
892
893
891
805
807
893
805
892
808
806
808
892
895
898
893
807
810
898
807
895
811
808
811
895
900
898
810
809
897
898
809
902
897
809
813
902
809
815
812
811
814
815
811
904
814
811
900
904
811
907
902
813
816
907
813
817
815
814
815
817
818
904
817
814
817
904
909
820
907
816
907
820
912
822
818
817
821
822
817
914
821
817
909
914
817
822
819
818
819
822
823
824
912
820
912
824
917
826
822
821
825
826
821
919
825
821
914
919
821
826
823
822
823
826
827
833
917
824
917
833
926
920
826
825
919
920
825
920
827
826
827
920
921
927
834
827
921
927
827
836
829
828
829
836
837
923
830
829
922
923
829
930
922
829
837
930
829
923
831
830
831
923
924
925
832
831
924
925
831
925
833
832
833
925
926
927
835
834
835
927
928
931
838
835
928
931
835
929
837
836
837
929
930
843
929
836
929
843
936
931
839
838
839
931
932
933
840
839
932
933
839
933
844
840
844
933
937
935
842
841
934
935
841
942
934
841
849
942
841
935
843
842
843
935
936
850
845
844
845
850
851
937
850
844
850
937
945
939
846
845
938
939
845
946
938
845
851
946
845
939
847
846
847
939
940
941
848
847
940
941
847
941
849
848
849
941
942
945
851
850
851
945
946
853
860
852
860
853
861
863
855
854
855
863
864
855
955
854
955
855
956
955
863
854
863
955
966
865
856
855
864
865
855
957
956
855
856
957
855
865
857
856
857
865
866
857
957
856
957
857
958
867
858
857
866
867
857
959
958
857
858
959
857
867
859
858
859
867
868
859
959
858
959
859
960
967
960
859
868
967
859
861
963
860
963
861
964
963
871
860
871
963
973
965
964
861
862
965
861
863
965
862
965
863
966
869
967
868
967
869
968
969
968
869
870
969
869
872
969
870
969
872
974
979
876
871
973
979
871
873
974
872
974
873
975
980
975
873
877
980
873
880
875
874
875
880
881
875
977
874
977
875
978
977
880
874
880
977
984
979
978
875
876
979
875
981
980
877
878
981
877
882
981
878
981
882
985
984
983
879
880
984
879
987
884
879
983
987
879
885
985
882
985
885
989
987
986
883
884
987
883
992
887
883
986
992
883
990
989
885
886
990
885
888
990
886
990
888
995
997
890
887
992
997
887
891
995
888
995
891
1000
997
996
889
890
997
889
1001
892
889
996
1001
889
1004
1000
891
893
1004
891
1001
895
892
895
1001
1006
1009
1004
893
898
1009
893
899
895
894
895
899
900
895
1005
894
1005
895
1006
1005
899
894
899
1005
1010
897
901
896
901
897
902
1007
897
896
897
1007
1008
901
1007
896
1007
901
1011
1009
898
897
1008
1009
897
904
900
899
903
904
899
1012
903
899
1010
1012
899
907
906
901
902
907
901
1014
1011
901
906
1014
901
909
904
903
908
909
903
1015
908
903
1012
1015
903
911
910
905
906
911
905
1014
906
905
1013
1014
905
1016
1013
905
910
1016
905
907
911
906
911
907
912
913
909
908
909
913
914
1015
913
908
913
1015
1017
911
915
910
915
911
916
915
1016
910
1016
915
1018
917
916
911
912
917
911
919
914
913
918
919
913
1019
918
913
1017
1019
913
925
924
915
916
925
915
1025
1018
915
924
1025
915
917
925
916
925
917
926
1019
919
918
919
1019
1020
1021
920
919
1020
1021
919
1021
921
920
921
1021
1022
1029
927
921
1022
1029
921
1023
923
922
923
1023
1024
930
1023
922
1023
930
1032
1025
924
923
1024
1025
923
1030
928
927
1029
1030
927
1030
931
928
931
1030
1035
1032
930
929
1031
1032
929
1038
1031
929
936
1038
929
1036
932
931
1035
1036
931
1036
933
932
933
1036
1037
1041
937
933
1037
1041
933
942
935
934
935
942
943
944
936
935
943
944
935
944
1038
936
1038
944
1047
1048
945
937
1041
1048
937
946
939
938
939
946
947
1043
940
939
1042
1043
939
1050
1042
939
947
1050
939
1043
941
940
941
1043
1044
1045
942
941
1044
1045
941
1045
943
942
943
1045
1046
1047
944
943
1046
1047
943
1049
946
945
1048
1049
945
1049
947
946
947
1049
1050
959
949
948
949
959
960
949
1058
948
1058
949
1059
1058
959
948
959
1058
1071
961
950
949
960
961
949
1060
1059
949
950
1060
949
961
1060
950
1060
961
1072
963
952
951
962
963
951
1064
1063
951
952
1064
951
1075
962
951
1063
1075
951
963
953
952
953
963
964
953
1064
952
1064
953
1065
965
954
953
964
965
953
1066
1065
953
954
1066
953
965
955
954
955
965
966
955
1066
954
1066
955
1067
1068
1067
955
956
1068
955
957
1068
956
1068
957
1069
1070
1069
957
958
1070
957
959
1070
958
1070
959
1071
967
961
960
961
967
968
1076
1072
961
968
1076
961
972
963
962
963
972
973
1075
972
962
972
1075
1080
969
1076
968
1076
969
1077
1081
1077
969
974
1081
969
976
971
970
971
976
977
971
1078
970
1078
971
1079
1078
976
970
976
1078
1083
978
972
971
977
978
971
1080
1079
971
972
1080
971
978
973
972
973
978
979
975
1081
974
1081
975
1082
1084
1082
975
980
1084
975
983
977
976
977
983
984
1083
983
976
983
1083
1088
981
1084
980
1084
981
1085
1090
1085
981
985
1090
981
986
983
982
983
986
987
983
1087
982
1087
983
1088
1087
986
982
986
1087
1092
1094
1090
985
989
1094
985
1092
992
986
992
1092
1096
989
993
988
993
989
994
1093
989
988
989
1093
1094
993
1093
988
1093
993
1097
995
994
989
990
995
989
997
992
991
996
997
991
1096
1095
991
992
1096
991
1099
996
991
1095
1099
991
999
998
993
994
999
993
1100
1097
993
998
1100
993
995
999
994
999
995
1000
1099
1001
996
1001
1099
1102
999
1002
998
1002
999
1003
1002
1100
998
1100
1002
1103
1004
1003
999
1000
1004
999
1106
1006
1001
1102
1106
1001
1003
1007
1002
1007
1003
1008
1007
1103
1002
1103
1007
1107
1009
1008
1003
1004
1009
1003
1106
1105
1005
1006
1106
1005
1109
1010
1005
1105
1109
1005
1110
1107
1007
1011
1110
1007
1109
1012
1010
1012
1109
1112
1114
1110
1011
1014
1114
1011
1112
1015
1012
1015
1112
1115
1114
1014
1013
1113
1114
1013
1116
1113
1013
1016
1116
1013
1118
1017
1015
1115
1118
1015
1018
1116
1016
1116
1018
1119
1120
1019
1017
1118
1120
1017
1025
1119
1018
1119
1025
1121
1027
1020
1019
1026
1027
1019
1122
1026
1019
1120
1122
1019
1027
1021
1020
1021
1027
1028
1029
1022
1021
1028
1029
1021
1033
1024
1023
1032
1033
1023
1033
1025
1024
1025
1033
1034
1129
1121
1025
1034
1129
1025
1122
1027
1026
1027
1122
1123
1124
1028
1027
1123
1124
1027
1124
1029
1028
1029
1124
1125
1126
1030
1029
1125
1126
1029
1126
1035
1030
1035
1126
1134
1039
1032
1031
1038
1039
1031
1127
1033
1032
1033
1127
1128
1039
1127
1032
1127
1039
1137
1129
1034
1033
1128
1129
1033
1135
1036
1035
1134
1135
1035
1040
1037
1036
1037
1040
1041
1135
1040
1036
1040
1135
1143
1136
1039
1038
1039
1136
1137
1047
1136
1038
1136
1047
1150
1143
1041
1040
1041
1143
1144
1155
1048
1041
1144
1155
1041
1145
1043
1042
1043
1145
1146
1050
1145
1042
1145
1050
1157
1147
1044
1043
1146
1147
1043
1147
1045
1044
1045
1147
1148
1149
1046
1045
1148
1149
1045
1149
1047
1046
1047
1149
1150
1155
1049
1048
1049
1155
1156
1157
1050
1049
1156
1157
1049
1059
1052
1051
1058
1059
1051
1160
1159
1051
1052
1160
1051
1168
1058
1051
1159
1168
1051
1059
1053
1052
1053
1059
1060
1053
1160
1052
1160
1053
1161
1169
1161
1053
1060
1169
1053
1067
1055
1054
1055
1067
1068
1055
1164
1054
1164
1055
1165
1164
1067
1054
1067
1164
1177
1069
1056
1055
1068
1069
1055
1166
1165
1055
1056
1166
1055
1069
1057
1056
1057
1069
1070
1057
1166
1056
1166
1057
1167
1071
1058
1057
1070
1071
1057
1168
1167
1057
1058
1168
1057
1072
1169
1060
1169
1072
1178
1074
1062
1061
1073
1074
1061
1172
1171
1061
1062
1172
1061
1180
1073
1061
1171
1180
1061
1074
1063
1062
1063
1074
1075
1063
1172
1062
1172
1063
1173
1174
1173
1063
1064
1174
1063
1065
1174
1064
1174
1065
1175
1176
1175
1065
1066
1176
1065
1067
1176
1066
1176
1067
1177
1076
1178
1072
1178
1076
1181
1079
1074
1073
1078
1079
1073
1185
1078
1073
1180
1185
1073
1079
1075
1074
1075
1079
1080
1077
1181
1076
1181
1077
1182
1186
1182
1077
1081
1186
1077
1185
1083
1078
1083
1185
1190
1187
1186
1081
1082
1187
1081
1084
1187
1082
1187
1084
1192
1196
1088
1083
1190
1196
1083
1085
1089
1084
1089
1085
1090
1089
1192
1084
1192
1089
1198
1091
1087
1086
1087
1091
1092
1087
1194
1086
1194
1087
1195
1194
1091
1086
1091
1194
1200
1196
1195
1087
1088
1196
1087
1094
1093
1089
1090
1094
1089
1201
1198
1089
1093
1201
1089
1096
1092
1091
1095
1096
1091
1203
1095
1091
1200
1203
1091
1204
1201
1093
1097
1204
1093
1207
1099
1095
1203
1207
1095
1208
1204
1097
1100
1208
1097
1101
1099
1098
1099
1101
1102
1099
1206
1098
1206
1099
1207
1206
1101
1098
1101
1206
1210
1103
1208
1100
1208
1103
1211
1106
1102
1101
1105
1106
1101
1213
1105
1101
1210
1213
1101
1214
1211
1103
1107
1214
1103
1108
1105
1104
1105
1108
1109
1105
1212
1104
1212
1105
1213
1212
1108
1104
1108
1212
1215
1216
1214
1107
1110
1216
1107
1111
1109
1108
1109
1111
1112
1215
1111
1108
1111
1215
1217
1114
1216
1110
1216
1114
1219
1218
1112
1111
1217
1218
1111
1218
1115
1112
1115
1218
1221
1117
1114
1113
1116
1117
1113
1117
1219
1114
1219
1117
1223
1224
1118
1115
1221
1224
1115
1222
1117
1116
1117
1222
1223
1119
1222
1116
1222
1119
1225
1224
1120
1118
1120
1224
1227
1228
1225
1119
1121
1228
1119
1227
1122
1120
1122
1227
1230
1232
1228
1121
1129
1232
1121
1130
1123
1122
1123
1130
1131
1230
1130
1122
1130
1230
1234
1132
1124
1123
1131
1132
1123
1132
1125
1124
1125
1132
1133
1134
1126
1125
1133
1134
1125
1138
1128
1127
1137
1138
1127
1231
1129
1128
1129
1231
1232
1138
1231
1128
1231
1138
1237
1234
1131
1130
1131
1234
1235
1140
1132
1131
1139
1140
1131
1239
1139
1131
1235
1239
1131
1140
1133
1132
1133
1140
1141
1142
1134
1133
1141
1142
1133
1142
1135
1134
1135
1142
1143
1150
1137
1136
1137
1150
1151
1237
1138
1137
1236
1237
1137
1248
1236
1137
1151
1248
1137
1240
1140
1139
1239
1240
1139
1240
1141
1140
1141
1240
1241
1153
1142
1141
1152
1153
1141
1251
1152
1141
1241
1251
1141
1153
1143
1142
1143
1153
1154
1155
1144
1143
1154
1155
1143
1243
1146
1145
1242
1243
1145
1256
1242
1145
1157
1256
1145
1243
1147
1146
1147
1243
1244
1245
1148
1147
1244
1245
1147
1245
1149
1148
1149
1245
1246
1247
1150
1149
1246
1247
1149
1247
1151
1150
1151
1247
1248
1251
1153
1152
1153
1251
1252
1253
1154
1153
1252
1253
1153
1253
1155
1154
1155
1253
1254
1255
1156
1155
1254
1255
1155
1255
1157
1156
1157
1255
1256
1167
1159
1158
1159
1167
1168
1159
1264
1158
1264
1159
1265
1264
1167
1158
1167
1264
1274
1266
1265
1159
1160
1266
1159
1161
1266
1160
1266
1161
1267
1275
1267
1161
1169
1275
1161
1175
1163
1162
1163
1175
1176
1163
1269
1162
1269
1163
1270
1269
1175
1162
1175
1269
1281
1177
1164
1163
1176
1177
1163
1271
1270
1163
1164
1271
1163
1165
1271
1164
1271
1165
1272
1273
1272
1165
1166
1273
1165
1167
1273
1166
1273
1167
1274
1282
1275
1169
1178
1282
1169
1179
1171
1170
1171
1179
1180
1171
1276
1170
1276
1171
1277
1276
1179
1170
1179
1276
1285
1278
1277
1171
1172
1278
1171
1173
1278
1172
1278
1173
1279
1280
1279
1173
1174
1280
1173
1175
1280
1174
1280
1175
1281
1181
1282
1178
1282
1181
1286
1185
1180
1179
1184
1185
1179
1290
1184
1179
1285
1290
1179
1287
1286
1181
1182
1287
1181
1186
1287
1182
1287
1186
1292
1189
1184
1183
1188
1189
1183
1290
1289
1183
1184
1290
1183
1293
1188
1183
1289
1293
1183
1189
1185
1184
1185
1189
1190
1187
1191
1186
1191
1187
1192
1191
1292
1186
1292
1191
1294
1194
1189
1188
1189
1194
1195
1293
1194
1188
1194
1293
1297
1196
1190
1189
1195
1196
1189
1198
1197
1191
1192
1198
1191
1298
1294
1191
1197
1298
1191
1200
1194
1193
1199
1200
1193
1297
1296
1193
1194
1297
1193
1300
1199
1193
1296
1300
1193
1299
1298
1197
1198
1299
1197
1201
1299
1198
1299
1201
1301
1203
1200
1199
1202
1203
1199
1302
1202
1199
1300
1302
1199
1303
1301
1201
1204
1303
1201
1206
1203
1202
1203
1206
1207
1302
1206
1202
1206
1302
1305
1208
1303
1204
1303
1208
1306
1210
1206
1205
1209
1210
1205
1305
1304
1205
1206
1305
1205
1307
1209
1205
1304
1307
1205
1211
1306
1208
1306
1211
1308
1213
1210
1209
1212
1213
1209
1309
1212
1209
1307
1309
1209
1310
1308
1211
1214
1310
1211
1309
1215
1212
1215
1309
1311
1216
1310
1214
1310
1216
1312
1313
1217
1215
1311
1313
1215
1219
1312
1216
1312
1219
1314
1221
1218
1217
1220
1221
1217
1315
1220
1217
1313
1315
1217
1317
1314
1219
1223
1317
1219
1315
1221
1220
1221
1315
1316
1318
1224
1221
1316
1318
1221
1225
1223
1222
1223
1225
1226
1320
1317
1223
1226
1320
1223
1318
1227
1224
1227
1318
1321
1320
1226
1225
1319
1320
1225
1322
1319
1225
1228
1322
1225
1325
1230
1227
1321
1325
1227
1232
1322
1228
1322
1232
1327
1234
1230
1229
1233
1234
1229
1325
1324
1229
1230
1325
1229
1328
1233
1229
1324
1328
1229
1238
1232
1231
1237
1238
1231
1238
1327
1232
1327
1238
1332
1329
1234
1233
1328
1329
1233
1329
1235
1234
1235
1329
1330
1335
1239
1235
1330
1335
1235
1248
1237
1236
1237
1248
1249
1250
1238
1237
1249
1250
1237
1250
1332
1238
1332
1250
1344
1336
1240
1239
1335
1336
1239
1336
1241
1240
1241
1336
1337
1345
1251
1241
1337
1345
1241
1256
1243
1242
1243
1256
1257
1258
1244
1243
1257
1258
1243
1338
1245
1244
1245
1338
1339
1258
1338
1244
1338
1258
1350
1340
1246
1245
1339
1340
1245
1340
1247
1246
1247
1340
1341
1342
1248
1247
1341
1342
1247
1342
1249
1248
1249
1342
1343
1344
1250
1249
1343
1344
1249
1346
1252
1251
1345
1346
1251
1346
1253
1252
1253
1346
1347
1348
1254
1253
1347
1348
1253
1259
1255
1254
1255
1259
1260
1348
1259
1254
1259
1348
1353
1261
1256
1255
1260
1261
1255
1261
1257
1256
1257
1261
1262
1350
1258
1257
1349
1350
1257
1356
1349
1257
1262
1356
1257
1354
1260
1259
1353
1354
1259
1354
1261
1260
1261
1354
1355
1356
1262
1261
1355
1356
1261
1274
1264
1263
1273
1274
1263
1363
1362
1263
1264
1363
1263
1373
1273
1263
1362
1373
1263
1265
1363
1264
1363
1265
1364
1365
1364
1265
1266
1365
1265
1267
1365
1266
1365
1267
1366
1376
1366
1267
1275
1376
1267
1280
1269
1268
1269
1280
1281
1269
1368
1268
1368
1269
1369
1368
1280
1268
1280
1368
1381
1370
1369
1269
1270
1370
1269
1271
1370
1270
1370
1271
1371
1372
1371
1271
1272
1372
1271
1273
1372
1272
1372
1273
1373
1384
1376
1275
1282
1384
1275
1277
1377
1276
1377
1277
1378
1377
1285
1276
1285
1377
1387
1379
1378
1277
1278
1379
1277
1279
1379
1278
1379
1279
1380
1381
1380
1279
1280
1381
1279
1286
1384
1282
1384
1286
1390
1289
1284
1283
1288
1289
1283
1386
1385
1283
1284
1386
1283
1391
1288
1283
1385
1391
1283
1289
1285
1284
1285
1289
1290
1285
1386
1284
1386
1285
1387
1287
1291
1286
1291
1287
1292
1291
1390
1286
1390
1291
1394
1391
1289
1288
1289
1391
1392
1396
1293
1289
1392
1396
1289
1395
1394
1291
1292
1395
1291
1294
1395
1292
1395
1294
1397
1400
1297
1293
1396
1400
1293
1298
1295
1294
1295
1298
1299
1295
1397
1294
1397
1295
1398
1402
1398
1295
1299
1402
1295
1297
1399
1296
1399
1297
1400
1399
1300
1296
1300
1399
1403
1405
1402
1299
1301
1405
1299
1403
1302
1300
1302
1403
1407
1408
1405
1301
1303
1408
1301
1407
1305
1302
1305
1407
1411
1412
1408
1303
1306
1412
1303
1305
1410
1304
1410
1305
1411
1410
1307
1304
1307
1410
1414
1308
1412
1306
1412
1308
1415
1417
1309
1307
1414
1417
1307
1310
1415
1308
1415
1310
1418
1420
1311
1309
1417
1420
1309
1312
1418
1310
1418
1312
1421
1423
1313
1311
1420
1423
1311
1314
1421
1312
1421
1314
1424
1425
1315
1313
1423
1425
1313
1317
1424
1314
1424
1317
1427
1426
1316
1315
1425
1426
1315
1426
1318
1316
1318
1426
1429
1430
1427
1317
1320
1430
1317
1429
1321
1318
1321
1429
1432
1323
1320
1319
1322
1323
1319
1323
1430
1320
1430
1323
1434
1436
1325
1321
1432
1436
1321
1433
1323
1322
1323
1433
1434
1327
1433
1322
1433
1327
1438
1325
1435
1324
1435
1325
1436
1435
1328
1324
1328
1435
1439
1327
1331
1326
1331
1327
1332
1437
1327
1326
1327
1437
1438
1331
1437
1326
1437
1331
1440
1333
1329
1328
1329
1333
1334
1439
1333
1328
1333
1439
1441
1335
1330
1329
1334
1335
1329
1344
1343
1331
1332
1344
1331
1449
1440
1331
1343
1449
1331
1442
1334
1333
1441
1442
1333
1442
1335
1334
1335
1442
1443
1444
1336
1335
1443
1444
1335
1444
1337
1336
1337
1444
1445
1450
1345
1337
1445
1450
1337
1350
1339
1338
1339
1350
1351
1352
1340
1339
1351
1352
1339
1446
1341
1340
1341
1446
1447
1352
1446
1340
1446
1352
1457
1448
1342
1341
1447
1448
1341
1448
1343
1342
1343
1448
1449
1451
1346
1345
1450
1451
1345
1451
1347
1346
1347
1451
1452
1453
1348
1347
1452
1453
1347
1453
1353
1348
1353
1453
1459
1357
1350
1349
1356
1357
1349
1357
1351
1350
1351
1357
1358
1359
1352
1351
1358
1359
1351
1359
1457
1352
1457
1359
1465
1460
1354
1353
1459
1460
1353
1460
1355
1354
1355
1460
1461
1462
1356
1355
1461
1462
1355
1462
1357
1356
1357
1462
1463
1464
1358
1357
1463
1464
1357
1464
1359
1358
1359
1464
1465
1371
1361
1360
1361
1371
1372
1361
1467
1360
1467
1361
1468
1467
1371
1360
1371
1467
1476
1373
1362
1361
1372
1373
1361
1469
1468
1361
1362
1469
1361
1363
1469
1362
1469
1363
1470
1471
1470
1363
1364
1471
1363
1365
1374
1364
1374
1365
1375
1374
1471
1364
1471
1374
1477
1376
1375
1365
1366
1376
1365
1381
1368
1367
1380
1381
1367
1473
1472
1367
1368
1473
1367
1480
1380
1367
1472
1480
1367
1369
1473
1368
1473
1369
1474
1475
1474
1369
1370
1475
1369
1371
1475
1370
1475
1371
1476
1375
1382
1374
1382
1375
1383
1382
1477
1374
1477
1382
1481
1384
1383
1375
1376
1384
1375
1388
1387
1377
1378
1388
1377
1379
1478
1378
1478
1379
1479
1478
1388
1378
1388
1478
1487
1480
1479
1379
1380
1480
1379
1383
1481
1382
1481
1383
1482
1483
1482
1383
1384
1483
1383
1390
1483
1384
1483
1390
1489
1485
1484
1385
1386
1485
1385
1490
1391
1385
1484
1490
1385
1387
1485
1386
1485
1387
1486
1487
1486
1387
1388
1487
1387
1394
1393
1389
1390
1394
1389
1489
1390
1389
1488
1489
1389
1492
1488
1389
1393
1492
1389
1491
1392
1391
1490
1491
1391
1491
1396
1392
1396
1491
1496
1493
1492
1393
1394
1493
1393
1395
1493
1394
1493
1395
1494
1497
1494
1395
1397
1497
1395
1496
1400
1396
1400
1496
1499
1402
1401
1397
1398
1402
1397
1500
1497
1397
1401
1500
1397
1499
1498
1399
1400
1499
1399
1502
1403
1399
1498
1502
1399
1405
1404
1401
1402
1405
1401
1503
1500
1401
1404
1503
1401
1507
1407
1403
1502
1507
1403
1405
1503
1404
1503
1405
1504
1508
1504
1405
1408
1508
1405
1410
1407
1406
1407
1410
1411
1407
1506
1406
1506
1407
1507
1506
1410
1406
1410
1506
1510
1412
1508
1408
1508
1412
1511
1414
1410
1409
1413
1414
1409
1510
1509
1409
1410
1510
1409
1512
1413
1409
1509
1512
1409
1415
1511
1412
1511
1415
1513
1417
1414
1413
1416
1417
1413
1514
1416
1413
1512
1514
1413
1515
1513
1415
1418
1515
1415
1419
1417
1416
1417
1419
1420
1514
1419
1416
1419
1514
1516
1421
1515
1418
1515
1421
1517
1423
1420
1419
1422
1423
1419
1518
1422
1419
1516
1518
1419
1520
1517
1421
1424
1520
1421
1518
1423
1422
1423
1518
1519
1522
1425
1423
1519
1522
1423
1427
1520
1424
1520
1427
1523
1429
1426
1425
1428
1429
1425
1524
1428
1425
1522
1524
1425
1527
1523
1427
1430
1527
1427
1431
1429
1428
1429
1431
1432
1524
1431
1428
1431
1524
1528
1434
1527
1430
1527
1434
1531
1436
1432
1431
1435
1436
1431
1532
1435
1431
1528
1532
1431
1531
1434
1433
1530
1531
1433
1535
1530
1433
1438
1535
1433
1536
1439
1435
1532
1536
1435
1535
1438
1437
1534
1535
1437
1539
1534
1437
1440
1539
1437
1540
1441
1439
1536
1540
1439
1449
1539
1440
1539
1449
1556
1541
1442
1441
1540
1541
1441
1541
1443
1442
1443
1541
1542
1543
1444
1443
1542
1543
1443
1543
1445
1444
1445
1543
1544
1561
1450
1445
1544
1561
1445
1457
1447
1446
1447
1457
1458
1555
1448
1447
1554
1555
1447
1571
1554
1447
1458
1571
1447
1555
1449
1448
1449
1555
1556
1561
1451
1450
1451
1561
1562
1563
1452
1451
1562
1563
1451
1563
1453
1452
1453
1563
1564
1460
1459
1453
1454
1460
1453
1565
1454
1453
1564
1565
1453
1455
1460
1454
1460
1455
1461
1565
1455
1454
1455
1565
1566
1462
1461
1455
1456
1462
1455
1567
1456
1455
1566
1567
1455
1567
1462
1456
1462
1567
1572
1466
1458
1457
1465
1466
1457
1466
1571
1458
1571
1466
1576
1572
1463
1462
1463
1572
1573
1574
1464
1463
1573
1574
1463
1574
1465
1464
1465
1574
1575
1576
1466
1465
1575
1576
1465
1579
1578
1467
1468
1579
1467
1587
1476
1467
1578
1587
1467
1469
1579
1468
1579
1469
1580
1581
1580
1469
1470
1581
1469
1471
1581
1470
1581
1471
1582
1588
1582
1471
1477
1588
1471
1473
1583
1472
1583
1473
1584
1583
1480
1472
1480
1583
1591
1585
1584
1473
1474
1585
1473
1475
1585
1474
1585
1475
1586
1587
1586
1475
1476
1587
1475
1592
1588
1477
1481
1592
1477
1479
1589
1478
1589
1479
1590
1589
1487
1478
1487
1589
1597
1591
1590
1479
1480
1591
1479
1593
1592
1481
1482
1593
1481
1483
1488
1482
1488
1483
1489
1488
1593
1482
1593
1488
1599
1485
1594
1484
1594
1485
1595
1594
1490
1484
1490
1594
1600
1596
1595
1485
1486
1596
1485
1487
1596
1486
1596
1487
1597
1492
1599
1488
1599
1492
1603
1600
1491
1490
1491
1600
1601
1607
1496
1491
1601
1607
1491
1493
1603
1492
1603
1493
1604
1605
1604
1493
1494
1605
1493
1497
1605
1494
1605
1497
1609
1499
1496
1495
1498
1499
1495
1607
1606
1495
1496
1607
1495
1610
1498
1495
1606
1610
1495
1612
1609
1497
1500
1612
1497
1610
1502
1498
1502
1610
1615
1503
1612
1500
1612
1503
1617
1507
1502
1501
1506
1507
1501
1615
1614
1501
1502
1615
1501
1620
1506
1501
1614
1620
1501
1618
1617
1503
1504
1618
1503
1508
1618
1504
1618
1508
1621
1510
1506
1505
1509
1510
1505
1620
1619
1505
1506
1620
1505
1622
1509
1505
1619
1622
1505
1511
1621
1508
1621
1511
1623
1624
1512
1509
1622
1624
1509
1626
1623
1511
1513
1626
1511
1624
1514
1512
1514
1624
1627
1629
1626
1513
1515
1629
1513
1627
1516
1514
1516
1627
1630
1633
1629
1515
1517
1633
1515
1630
1518
1516
1518
1630
1634
1637
1633
1517
1520
1637
1517
1521
1519
1518
1519
1521
1522
1634
1521
1518
1521
1634
1638
1523
1637
1520
1637
1523
1643
1639
1522
1521
1638
1639
1521
1639
1524
1522
1524
1639
1644
1649
1643
1523
1527
1649
1523
1644
1528
1524
1528
1644
1650
1530
1529
1525
1526
1530
1525
1648
1526
1525
1647
1648
1525
1653
1647
1525
1529
1653
1525
1527
1530
1526
1530
1527
1531
1648
1527
1526
1527
1648
1649
1650
1532
1528
1532
1650
1654
1535
1534
1529
1530
1535
1529
1657
1653
1529
1534
1657
1529
1654
1536
1532
1536
1654
1658
1539
1538
1533
1534
1539
1533
1657
1534
1533
1656
1657
1533
1660
1656
1533
1538
1660
1533
1658
1540
1536
1540
1658
1661
1555
1554
1537
1538
1555
1537
1660
1538
1537
1659
1660
1537
1673
1659
1537
1554
1673
1537
1539
1555
1538
1555
1539
1556
1557
1541
1540
1541
1557
1558
1661
1557
1540
1557
1661
1674
1559
1542
1541
1558
1559
1541
1559
1543
1542
1543
1559
1560
1663
1544
1543
1662
1663
1543
1677
1662
1543
1560
1677
1543
1545
1561
1544
1561
1545
1562
1663
1545
1544
1545
1663
1664
1563
1562
1545
1546
1563
1545
1665
1546
1545
1664
1665
1545
1547
1563
1546
1563
1547
1564
1665
1547
1546
1547
1665
1666
1565
1564
1547
1548
1565
1547
1667
1548
1547
1666
1667
1547
1549
1565
1548
1565
1549
1566
1667
1549
1548
1549
1667
1668
1567
1566
1549
1550
1567
1549
1669
1550
1549
1668
1669
1549
1551
1567
1550
1567
1551
1568
1669
1551
1550
1551
1669
1670
1569
1568
1551
1552
1569
1551
1671
1552
1551
1670
1671
1551
1553
1569
1552
1569
1553
1570
1671
1553
1552
1553
1671
1672
1571
1570
1553
1554
1571
1553
1673
1554
1553
1672
1673
1553
1675
1558
1557
1674
1675
1557
1675
1559
1558
1559
1675
1676
1677
1560
1559
1676
1677
1559
1573
1572
1567
1568
1573
1567
1569
1573
1568
1573
1569
1574
1575
1574
1569
1570
1575
1569
1571
1575
1570
1575
1571
1576
1587
1578
1577
1586
1587
1577
1679
1678
1577
1578
1679
1577
1689
1586
1577
1678
1689
1577
1579
1679
1578
1679
1579
1680
1681
1680
1579
1580
1681
1579
1581
1681
1580
1681
1581
1682
1683
1682
1581
1582
1683
1581
1588
1683
1582
1683
1588
1691
1687
1686
1583
1584
1687
1583
1694
1591
1583
1686
1694
1583
1585
1687
1584
1687
1585
1688
1689
1688
1585
1586
1689
1585
1592
1691
1588
1691
1592
1696
1693
1692
1589
1590
1693
1589
1700
1597
1589
1692
1700
1589
1591
1693
1590
1693
1591
1694
1593
1598
1592
1598
1593
1599
1598
1696
1592
1696
1598
1701
1595
1697
1594
1697
1595
1698
1697
1600
1594
1600
1697
1702
1699
1698
1595
1596
1699
1595
1597
1699
1596
1699
1597
1700
1599
1602
1598
1602
1599
1603
1602
1701
1598
1701
1602
1703
1606
1601
1600
1601
1606
1607
1702
1606
1600
1606
1702
1706
1603
1703
1602
1703
1603
1704
1705
1704
1603
1604
1705
1603
1605
1608
1604
1608
1605
1609
1608
1705
1604
1705
1608
1707
1706
1610
1606
1610
1706
1709
1609
1611
1608
1611
1609
1612
1611
1707
1608
1707
1611
1710
1709
1615
1610
1615
1709
1713
1617
1616
1611
1612
1617
1611
1714
1710
1611
1616
1714
1611
1620
1614
1613
1619
1620
1613
1712
1711
1613
1614
1712
1613
1717
1619
1613
1711
1717
1613
1615
1712
1614
1712
1615
1713
1617
1714
1616
1714
1617
1715
1716
1715
1617
1618
1716
1617
1621
1716
1618
1716
1621
1719
1720
1622
1619
1717
1720
1619
1722
1719
1621
1623
1722
1621
1720
1624
1622
1624
1720
1723
1725
1722
1623
1626
1725
1623
1723
1627
1624
1627
1723
1726
1629
1628
1625
1626
1629
1625
1725
1626
1625
1724
1725
1625
1728
1724
1625
1628
1728
1625
1729
1630
1627
1726
1729
1627
1629
1632
1628
1632
1629
1633
1632
1728
1628
1728
1632
1731
1729
1634
1630
1634
1729
1732
1636
1635
1631
1632
1636
1631
1731
1632
1631
1730
1731
1631
1733
1730
1631
1635
1733
1631
1633
1636
1632
1636
1633
1637
1732
1638
1634
1638
1732
1734
1642
1641
1635
1636
1642
1635
1738
1733
1635
1641
1738
1635
1637
1642
1636
1642
1637
1643
1734
1639
1638
1639
1734
1735
1740
1644
1639
1735
1740
1639
1641
1646
1640
1646
1641
1647
1737
1641
1640
1641
1737
1738
1646
1737
1640
1737
1646
1742
1648
1647
1641
1642
1648
1641
1643
1648
1642
1648
1643
1649
1740
1650
1644
1650
1740
1743
1652
1651
1645
1646
1652
1645
1742
1646
1645
1741
1742
1645
1744
1741
1645
1651
1744
1645
1647
1652
1646
1652
1647
1653
1743
1654
1650
1654
1743
1745
1656
1655
1651
1652
1656
1651
1748
1744
1651
1655
1748
1651
1653
1656
1652
1656
1653
1657
1745
1658
1654
1658
1745
1749
1660
1659
1655
1656
1660
1655
1755
1748
1655
1659
1755
1655
1749
1661
1658
1661
1749
1756
1768
1755
1659
1673
1768
1659
1769
1674
1661
1756
1769
1661
1757
1663
1662
1663
1757
1758
1677
1757
1662
1757
1677
1772
1759
1664
1663
1758
1759
1663
1759
1665
1664
1665
1759
1760
1761
1666
1665
1760
1761
1665
1761
1667
1666
1667
1761
1762
1763
1668
1667
1762
1763
1667
1763
1669
1668
1669
1763
1764
1765
1670
1669
1764
1765
1669
1765
1671
1670
1671
1765
1766
1767
1672
1671
1766
1767
1671
1767
1673
1672
1673
1767
1768
1769
1675
1674
1675
1769
1770
1771
1676
1675
1770
1771
1675
1771
1677
1676
1677
1771
1772
1679
1773
1678
1773
1679
1774
1773
1689
1678
1689
1773
1783
1775
1774
1679
1680
1775
1679
1681
1775
1680
1775
1681
1776
1777
1776
1681
1682
1777
1681
1683
1690
1682
1690
1683
1691
1690
1777
1682
1777
1690
1785
1692
1685
1684
1685
1692
1693
1685
1778
1684
1778
1685
1779
1778
1692
1684
1692
1778
1786
1694
1686
1685
1693
1694
1685
1780
1779
1685
1686
1780
1685
1687
1780
1686
1780
1687
1781
1782
1781
1687
1688
1782
1687
1689
1782
1688
1782
1689
1783
1691
1695
1690
1695
1691
1696
1695
1785
1690
1785
1695
1788
1786
1700
1692
1700
1786
1793
1789
1788
1695
1696
1789
1695
1701
1789
1696
1789
1701
1794
1791
1790
1697
1698
1791
1697
1795
1702
1697
1790
1795
1697
1699
1791
1698
1791
1699
1792
1793
1792
1699
1700
1793
1699
1796
1794
1701
1703
1796
1701
1795
1706
1702
1706
1795
1799
1797
1796
1703
1704
1797
1703
1705
1797
1704
1797
1705
1798
1801
1798
1705
1707
1801
1705
1799
1709
1706
1709
1799
1803
1804
1801
1707
1710
1804
1707
1712
1709
1708
1709
1712
1713
1709
1802
1708
1802
1709
1803
1802
1712
1708
1712
1802
1806
1714
1804
1710
1804
1714
1807
1806
1805
1711
1712
1806
1711
1809
1717
1711
1805
1809
1711
1715
1807
1714
1807
1715
1808
1719
1718
1715
1716
1719
1715
1811
1808
1715
1718
1811
1715
1812
1720
1717
1809
1812
1717
1719
1721
1718
1721
1719
1722
1721
1811
1718
1811
1721
1814
1812
1723
1720
1723
1812
1815
1725
1724
1721
1722
1725
1721
1817
1814
1721
1724
1817
1721
1818
1726
1723
1815
1818
1723
1728
1817
1724
1817
1728
1821
1818
1729
1726
1729
1818
1822
1731
1730
1727
1728
1731
1727
1821
1728
1727
1820
1821
1727
1825
1820
1727
1730
1825
1727
1826
1732
1729
1822
1826
1729
1733
1825
1730
1825
1733
1829
1826
1734
1732
1734
1826
1830
1833
1829
1733
1738
1833
1733
1739
1735
1734
1735
1739
1740
1830
1739
1734
1739
1830
1834
1737
1741
1736
1741
1737
1742
1831
1737
1736
1737
1831
1832
1741
1831
1736
1831
1741
1837
1833
1738
1737
1832
1833
1737
1835
1740
1739
1834
1835
1739
1835
1743
1740
1743
1835
1839
1843
1837
1741
1744
1843
1741
1844
1745
1743
1839
1844
1743
1748
1843
1744
1843
1748
1849
1850
1749
1745
1844
1850
1745
1747
1753
1746
1753
1747
1754
1847
1747
1746
1747
1847
1848
1753
1847
1746
1847
1753
1855
1755
1754
1747
1748
1755
1747
1849
1748
1747
1848
1849
1747
1856
1756
1749
1850
1856
1749
1751
1763
1750
1763
1751
1764
1852
1751
1750
1751
1852
1853
1763
1852
1750
1852
1763
1864
1765
1764
1751
1752
1765
1751
1854
1752
1751
1853
1854
1751
1753
1765
1752
1765
1753
1766
1854
1753
1752
1753
1854
1855
1767
1766
1753
1754
1767
1753
1755
1767
1754
1767
1755
1768
1856
1769
1756
1769
1856
1865
1859
1758
1757
1858
1859
1757
1868
1858
1757
1772
1868
1757
1859
1759
1758
1759
1859
1860
1861
1760
1759
1860
1861
1759
1861
1761
1760
1761
1861
1862
1863
1762
1761
1862
1863
1761
1863
1763
1762
1763
1863
1864
1866
1770
1769
1865
1866
1769
1866
1771
1770
1771
1866
1867
1868
1772
1771
1867
1868
1771
1870
1869
1773
1774
1870
1773
1878
1783
1773
1869
1878
1773
1775
1870
1774
1870
1775
1871
1872
1871
1775
1776
1872
1775
1777
1784
1776
1784
1777
1785
1784
1872
1776
1872
1784
1880
1779
1873
1778
1873
1779
1874
1873
1786
1778
1786
1873
1881
1875
1874
1779
1780
1875
1779
1781
1875
1780
1875
1781
1876
1877
1876
1781
1782
1877
1781
1783
1877
1782
1877
1783
1878
1785
1787
1784
1787
1785
1788
1787
1880
1784
1880
1787
1882
1881
1793
1786
1793
1881
1888
1883
1882
1787
1788
1883
1787
1789
1883
1788
1883
1789
1884
1889
1884
1789
1794
1889
1789
1791
1885
1790
1885
1791
1886
1885
1795
1790
1795
1885
1890
1887
1886
1791
1792
1887
1791
1793
1887
1792
1887
1793
1888
1796
1889
1794
1889
1796
1891
1893
1799
1795
1890
1893
1795
1797
1891
1796
1891
1797
1892
1801
1800
1797
1798
1801
1797
1894
1892
1797
1800
1894
1797
1897
1803
1799
1893
1897
1799
1801
1894
1800
1894
1801
1895
1899
1895
1801
1804
1899
1801
1803
1896
1802
1896
1803
1897
1896
1806
1802
1806
1896
1901
1807
1899
1804
1899
1807
1903
1901
1900
1805
1806
1901
1805
1904
1809
1805
1900
1904
1805
1811
1810
1807
1808
1811
1807
1907
1903
1807
1810
1907
1807
1908
1812
1809
1904
1908
1809
1811
1813
1810
1813
1811
1814
1813
1907
1810
1907
1813
1911
1908
1815
1812
1815
1908
1912
1817
1816
1813
1814
1817
1813
1915
1911
1813
1816
1915
1813
1916
1818
1815
1912
1916
1815
1817
1820
1816
1820
1817
1821
1820
1915
1816
1915
1820
1919
1916
1822
1818
1822
1916
1920
1825
1824
1819
1820
1825
1819
1919
1820
1819
1918
1919
1819
1922
1918
1819
1824
1922
1819
1920
1826
1822
1826
1920
1923
1828
1827
1823
1824
1828
1823
1922
1824
1823
1921
1922
1823
1924
1921
1823
1827
1924
1823
1825
1828
1824
1828
1825
1829
1923
1830
1826
1830
1923
1925
1832
1831
1827
1828
1832
1827
1926
1924
1827
1831
1926
1827
1829
1832
1828
1832
1829
1833
1925
1834
1830
1834
1925
1927
1929
1926
1831
1837
1929
1831
1838
1835
1834
1835
1838
1839
1927
1838
1834
1838
1927
1930
1837
1842
1836
1842
1837
1843
1928
1837
1836
1837
1928
1929
1842
1928
1836
1928
1842
1935
1930
1839
1838
1839
1930
1931
1937
1844
1839
1931
1937
1839
1841
1846
1840
1846
1841
1847
1933
1841
1840
1841
1933
1934
1846
1933
1840
1933
1846
1939
1848
1847
1841
1842
1848
1841
1935
1842
1841
1934
1935
1841
1843
1848
1842
1848
1843
1849
1937
1850
1844
1850
1937
1940
1854
1853
1845
1846
1854
1845
1939
1846
1845
1938
1939
1845
1944
1938
1845
1853
1944
1845
1847
1854
1846
1854
1847
1855
1940
1856
1850
1856
1940
1945
1864
1863
1851
1852
1864
1851
1943
1852
1851
1942
1943
1851
1952
1942
1851
1863
1952
1851
1943
1853
1852
1853
1943
1944
1945
1865
1856
1865
1945
1953
1868
1867
1857
1858
1868
1857
1947
1858
1857
1946
1947
1857
1955
1946
1857
1867
1955
1857
1947
1859
1858
1859
1947
1948
1949
1860
1859
1948
1949
1859
1949
1861
1860
1861
1949
1950
1951
1862
1861
1950
1951
1861
1951
1863
1862
1863
1951
1952
1954
1866
1865
1953
1954
1865
1954
1867
1866
1867
1954
1955
1879
1878
1869
1870
1879
1869
1871
1956
1870
1956
1871
1957
1956
1879
1870
1879
1956
1965
1958
1957
1871
1872
1958
1871
1880
1958
1872
1958
1880
1967
1960
1959
1873
1874
1960
1873
1969
1881
1873
1959
1969
1873
1875
1960
1874
1960
1875
1961
1962
1961
1875
1876
1962
1875
1877
1962
1876
1962
1877
1963
1964
1963
1877
1878
1964
1877
1879
1964
1878
1964
1879
1965
1882
1967
1880
1967
1882
1970
1976
1888
1881
1969
1976
1881
1883
1970
1882
1970
1883
1971
1972
1971
1883
1884
1972
1883
1889
1972
1884
1972
1889
1979
1974
1973
1885
1886
1974
1885
1980
1890
1885
1973
1980
1885
1887
1974
1886
1974
1887
1975
1976
1975
1887
1888
1976
1887
1981
1979
1889
1891
1981
1889
1980
1893
1890
1893
1980
1983
1982
1981
1891
1892
1982
1891
1894
1982
1892
1982
1894
1984
1986
1897
1893
1983
1986
1893
1895
1898
1894
1898
1895
1899
1898
1984
1894
1984
1898
1987
1897
1985
1896
1985
1897
1986
1985
1901
1896
1901
1985
1989
1899
1902
1898
1902
1899
1903
1902
1987
1898
1987
1902
1991
1901
1988
1900
1988
1901
1989
1988
1904
1900
1904
1988
1992
1903
1906
1902
1906
1903
1907
1906
1991
1902
1991
1906
1994
1992
1908
1904
1908
1992
1995
1910
1909
1905
1906
1910
1905
1994
1906
1905
1993
1994
1905
1996
1993
1905
1909
1996
1905
1907
1910
1906
1910
1907
1911
1995
1912
1908
1912
1995
1997
1914
1913
1909
1910
1914
1909
1998
1996
1909
1913
1998
1909
1911
1914
1910
1914
1911
1915
1997
1916
1912
1916
1997
1999
1918
1917
1913
1914
1918
1913
2000
1998
1913
1917
2000
1913
1915
1918
1914
1918
1915
1919
1999
1920
1916
1920
1999
2001
1922
1921
1917
1918
1922
1917
2002
2000
1917
1921
2002
1917
2001
1923
1920
1923
2001
2003
2004
2002
1921
1924
2004
1921
2005
1925
1923
2003
2005
1923
1926
2004
1924
2004
1926
2007
2008
1927
1925
2005
2008
1925
1929
2007
1926
2007
1929
2011
2012
1930
1927
2008
2012
1927
2010
1929
1928
1929
2010
2011
1935
2010
1928
2010
1935
2017
1936
1931
1930
1931
1936
1937
2012
1936
1930
1936
2012
2018
1933
1938
1932
1938
1933
1939
2014
1933
1932
1933
2014
2015
1938
2014
1932
2014
1938
2023
2016
1934
1933
2015
2016
1933
2016
1935
1934
1935
2016
2017
2018
1937
1936
1937
2018
2019
2025
1940
1937
2019
2025
1937
1944
2023
1938
2023
1944
2030
2025
1945
1940
1945
2025
2031
1952
1951
1941
1942
1952
1941
2028
1942
1941
2027
2028
1941
2037
2027
1941
1951
2037
1941
2028
1943
1942
1943
2028
2029
2030
1944
1943
2029
2030
1943
2038
1953
1945
2031
2038
1945
2032
1947
1946
1947
2032
2033
1955
2032
1946
2032
1955
2040
2034
1948
1947
2033
2034
1947
2034
1949
1948
1949
2034
2035
2036
1950
1949
2035
2036
1949
2036
1951
1950
1951
2036
2037
2039
1954
1953
2038
2039
1953
2039
1955
1954
1955
2039
2040
1957
1965
1956
1965
1957
1966
1967
1966
1957
1958
1967
1957
2042
2041
1959
1960
2042
1959
2051
1969
1959
2041
2051
1959
1961
2042
1960
2042
1961
2043
2044
2043
1961
1962
2044
1961
1963
2044
1962
2044
1963
2045
2046
2045
1963
1964
2046
1963
1965
2046
1964
2046
1965
2047
2048
2047
1965
1966
2048
1965
1967
2048
1966
2048
1967
2049
2052
2049
1967
1970
2052
1967
1975
1969
1968
1969
1975
1976
1969
2050
1968
2050
1969
2051
2050
1975
1968
1975
2050
2057
1971
1977
1970
1977
1971
1978
1977
2052
1970
2052
1977
2059
2054
2053
1971
1972
2054
1971
2060
1978
1971
2053
2060
1971
1979
2054
1972
2054
1979
2061
2056
2055
1973
1974
2056
1973
2062
1980
1973
2055
2062
1973
1975
2056
1974
2056
1975
2057
2060
2059
1977
1978
2060
1977
2065
2061
1979
1981
2065
1979
2062
1983
1980
1983
2062
2067
2066
2065
1981
1982
2066
1981
1984
2066
1982
2066
1984
2069
2071
1986
1983
2067
2071
1983
1987
2069
1984
2069
1987
2072
2071
2070
1985
1986
2071
1985
2074
1989
1985
2070
2074
1985
2076
2072
1987
1991
2076
1987
1989
2073
1988
2073
1989
2074
2073
1992
1988
1992
2073
2077
1991
1993
1990
1993
1991
1994
2075
1991
1990
1991
2075
2076
1993
2075
1990
2075
1993
2079
2077
1995
1992
1995
2077
2080
2081
2079
1993
1996
2081
1993
2082
1997
1995
2080
2082
1995
1998
2081
1996
2081
1998
2083
2084
1999
1997
2082
2084
1997
2000
2083
1998
2083
2000
2085
2086
2001
1999
2084
2086
1999
2002
2085
2000
2085
2002
2087
2088
2003
2001
2086
2088
2001
2004
2087
2002
2087
2004
2090
2091
2005
2003
2088
2091
2003
2007
2090
2004
2090
2007
2094
2095
2008
2005
2091
2095
2005
2007
2010
2006
2010
2007
2011
2093
2007
2006
2007
2093
2094
2010
2093
2006
2093
2010
2099
2095
2012
2008
2012
2095
2100
2017
2016
2009
2010
2017
2009
2099
2010
2009
2098
2099
2009
2104
2098
2009
2016
2104
2009
2100
2018
2012
2018
2100
2105
2023
2022
2013
2014
2023
2013
2102
2014
2013
2101
2102
2013
2108
2101
2013
2022
2108
2013
2102
2015
2014
2015
2102
2103
2104
2016
2015
2103
2104
2015
2024
2019
2018
2019
2024
2025
2105
2024
2018
2024
2105
2109
2021
2027
2020
2027
2021
2028
2106
2021
2020
2021
2106
2107
2027
2106
2020
2106
2027
2113
2029
2028
2021
2022
2029
2021
2108
2022
2021
2107
2108
2021
2023
2029
2022
2029
2023
2030
2109
2025
2024
2025
2109
2110
2114
2031
2025
2110
2114
2025
2027
2036
2026
2036
2027
2037
2112
2027
2026
2027
2112
2113
2036
2112
2026
2112
2036
2119
2120
2038
2031
2114
2120
2031
2115
2033
2032
2033
2115
2116
2040
2115
2032
2115
2040
2122
2117
2034
2033
2116
2117
2033
2117
2035
2034
2035
2117
2118
2119
2036
2035
2118
2119
2035
2120
2039
2038
2039
2120
2121
2122
2040
2039
2121
2122
2039
2124
2123
2041
2042
2124
2041
2132
2051
2041
2123
2132
2041
2043
2124
2042
2124
2043
2125
2126
2125
2043
2044
2126
2043
2045
2126
2044
2126
2045
2127
2128
2127
2045
2046
2128
2045
2047
2128
2046
2128
2047
2129
2130
2129
2047
2048
2130
2047
2049
2130
2048
2130
2049
2131
2139
2131
2049
2052
2139
2049
2051
2057
2050
2057
2051
2058
2143
2058
2051
2132
2143
2051
2059
2139
2052
2139
2059
2144
2061
2060
2053
2054
2061
2053
2141
2140
2055
2056
2141
2055
2145
2062
2055
2140
2145
2055
2057
2141
2056
2141
2057
2142
2143
2142
2057
2058
2143
2057
2064
2063
2059
2060
2064
2059
2146
2144
2059
2063
2146
2059
2061
2064
2060
2064
2061
2065
2145
2067
2062
2067
2145
2149
2147
2146
2063
2064
2147
2063
2065
2147
2064
2147
2065
2148
2069
2068
2065
2066
2069
2065
2151
2148
2065
2068
2151
2065
2154
2071
2067
2149
2154
2067
2069
2151
2068
2151
2069
2152
2156
2152
2069
2072
2156
2069
2071
2153
2070
2153
2071
2154
2153
2074
2070
2074
2153
2157
2076
2156
2072
2156
2076
2159
2078
2077
2073
2074
2078
2073
2157
2078
2074
2078
2157
2161
2159
2076
2075
2158
2159
2075
2162
2158
2075
2079
2162
2075
2161
2160
2077
2078
2161
2077
2163
2080
2077
2160
2163
2077
2164
2162
2079
2081
2164
2079
2163
2082
2080
2082
2163
2165
2166
2164
2081
2083
2166
2081
2165
2084
2082
2084
2165
2167
2168
2166
2083
2085
2168
2083
2167
2086
2084
2086
2167
2169
2170
2168
2085
2087
2170
2085
2169
2088
2086
2088
2169
2171
2173
2170
2087
2090
2173
2087
2171
2091
2088
2091
2171
2174
2094
2093
2089
2090
2094
2089
2173
2090
2089
2172
2173
2089
2176
2172
2089
2093
2176
2089
2177
2095
2091
2174
2177
2091
2093
2098
2092
2098
2093
2099
2175
2093
2092
2093
2175
2176
2098
2175
2092
2175
2098
2180
2181
2100
2095
2177
2181
2095
2097
2102
2096
2102
2097
2103
2178
2097
2096
2097
2178
2179
2102
2178
2096
2178
2102
2184
2104
2103
2097
2098
2104
2097
2180
2098
2097
2179
2180
2097
2181
2105
2100
2105
2181
2185
2184
2102
2101
2183
2184
2101
2188
2183
2101
2108
2188
2101
2189
2109
2105
2185
2189
2105
2186
2107
2106
2107
2186
2187
2113
2186
2106
2186
2113
2193
2188
2108
2107
2187
2188
2107
2190
2110
2109
2189
2190
2109
2190
2114
2110
2114
2190
2194
2119
2118
2111
2112
2119
2111
2192
2112
2111
2191
2192
2111
2198
2191
2111
2118
2198
2111
2192
2113
2112
2113
2192
2193
2194
2120
2114
2120
2194
2199
2196
2116
2115
2195
2196
2115
2201
2195
2115
2122
2201
2115
2196
2117
2116
2117
2196
2197
2198
2118
2117
2197
2198
2117
2199
2121
2120
2121
2199
2200
2201
2122
2121
2200
2201
2121
2203
2202
2123
2124
2203
2123
2205
2132
2123
2202
2205
2123
2125
2203
2124
2203
2125
2204
2134
2133
2125
2126
2134
2125
2207
2204
2125
2133
2207
2125
2127
2134
2126
2134
2127
2135
2136
2135
2127
2128
2136
2127
2129
2136
2128
2136
2129
2137
2138
2137
2129
2130
2138
2129
2131
2138
2130
2138
2131
2139
2205
2143
2132
2143
2205
2217
2208
2207
2133
2134
2208
2133
2135
2208
2134
2208
2135
2209
2210
2209
2135
2136
2210
2135
2137
2210
2136
2210
2137
2211
2212
2211
2137
2138
2212
2137
2139
2212
2138
2212
2139
2213
2218
2213
2139
2144
2218
2139
2141
2214
2140
2214
2141
2215
2214
2145
2140
2145
2214
2219
2216
2215
2141
2142
2216
2141
2143
2216
2142
2216
2143
2217
2146
2218
2144
2218
2146
2223
2225
2149
2145
2219
2225
2145
2147
2223
2146
2223
2147
2224
2151
2150
2147
2148
2151
2147
2228
2224
2147
2150
2228
2147
2232
2154
2149
2225
2232
2149
2151
2228
2150
2228
2151
2229
2230
2229
2151
2152
2230
2151
2156
2230
2152
2230
2156
2234
2232
2231
2153
2154
2232
2153
2235
2157
2153
2231
2235
2153
2159
2158
2155
2156
2159
2155
2234
2156
2155
2233
2234
2155
2237
2233
2155
2158
2237
2155
2239
2161
2157
2235
2239
2157
2162
2237
2158
2237
2162
2240
2161
2238
2160
2238
2161
2239
2238
2163
2160
2163
2238
2241
2164
2240
2162
2240
2164
2242
2243
2165
2163
2241
2243
2163
2166
2242
2164
2242
2166
2244
2245
2167
2165
2243
2245
2165
2168
2244
2166
2244
2168
2247
2248
2169
2167
2245
2248
2167
2170
2247
2168
2247
2170
2251
2252
2171
2169
2248
2252
2169
2173
2251
2170
2251
2173
2256
2257
2174
2171
2252
2257
2171
2255
2173
2172
2173
2255
2256
2176
2255
2172
2255
2176
2261
2257
2177
2174
2177
2257
2262
2261
2176
2175
2260
2261
2175
2265
2260
2175
2180
2265
2175
2266
2181
2177
2262
2266
2177
2263
2179
2178
2179
2263
2264
2184
2263
2178
2263
2184
2269
2265
2180
2179
2264
2265
2179
2270
2185
2181
2266
2270
2181
2183
2187
2182
2187
2183
2188
2267
2183
2182
2183
2267
2268
2187
2267
2182
2267
2187
2273
2269
2184
2183
2268
2269
2183
2274
2189
2185
2270
2274
2185
2272
2187
2186
2187
2272
2273
2193
2272
2186
2272
2193
2278
2275
2190
2189
2274
2275
2189
2275
2194
2190
2194
2275
2279
2277
2192
2191
2276
2277
2191
2283
2276
2191
2198
2283
2191
2277
2193
2192
2193
2277
2278
2279
2199
2194
2199
2279
2284
2281
2196
2195
2280
2281
2195
2286
2280
2195
2201
2286
2195
2281
2197
2196
2197
2281
2282
2283
2198
2197
2282
2283
2197
2285
2200
2199
2284
2285
2199
2285
2201
2200
2201
2285
2286
2203
2287
2202
2287
2203
2288
2287
2205
2202
2205
2287
2289
2207
2206
2203
2204
2207
2203
2290
2288
2203
2206
2290
2203
2299
2217
2205
2289
2299
2205
2207
2290
2206
2290
2207
2291
2292
2291
2207
2208
2292
2207
2209
2292
2208
2292
2209
2293
2294
2293
2209
2210
2294
2209
2211
2294
2210
2294
2211
2295
2296
2295
2211
2212
2296
2211
2213
2296
2212
2296
2213
2297
2306
2297
2213
2218
2306
2213
2215
2219
2214
2219
2215
2220
2221
2220
2215
2216
2221
2215
2217
2221
2216
2221
2217
2222
2308
2222
2217
2299
2308
2217
2223
2306
2218
2306
2223
2311
2226
2225
2219
2220
2226
2219
2221
2226
2220
2226
2221
2227
2308
2307
2221
2222
2308
2221
2315
2227
2221
2307
2315
2221
2312
2311
2223
2224
2312
2223
2228
2312
2224
2312
2228
2317
2314
2313
2225
2226
2314
2225
2319
2232
2225
2313
2319
2225
2227
2314
2226
2314
2227
2315
2229
2317
2228
2317
2229
2318
2234
2233
2229
2230
2234
2229
2321
2318
2229
2233
2321
2229
2236
2235
2231
2232
2236
2231
2319
2236
2232
2236
2319
2323
2325
2321
2233
2237
2325
2233
2323
2322
2235
2236
2323
2235
2327
2239
2235
2322
2327
2235
2329
2325
2237
2240
2329
2237
2239
2326
2238
2326
2239
2327
2326
2241
2238
2241
2326
2330
2242
2329
2240
2329
2242
2333
2334
2243
2241
2330
2334
2241
2244
2333
2242
2333
2244
2336
2337
2245
2243
2334
2337
2243
2247
2336
2244
2336
2247
2339
2340
2248
2245
2337
2340
2245
2247
2250
2246
2250
2247
2251
2338
2247
2246
2247
2338
2339
2250
2338
2246
2338
2250
2342
2340
2252
2248
2252
2340
2343
2255
2254
2249
2250
2255
2249
2342
2250
2249
2341
2342
2249
2345
2341
2249
2254
2345
2249
2251
2255
2250
2255
2251
2256
2343
2257
2252
2257
2343
2346
2260
2259
2253
2254
2260
2253
2345
2254
2253
2344
2345
2253
2348
2344
2253
2259
2348
2253
2255
2260
2254
2260
2255
2261
2349
2262
2257
2346
2349
2257
2259
2263
2258
2263
2259
2264
2347
2259
2258
2259
2347
2348
2263
2347
2258
2347
2263
2353
2265
2264
2259
2260
2265
2259
2349
2266
2262
2266
2349
2354
2358
2353
2263
2269
2358
2263
2354
2270
2266
2270
2354
2359
2357
2268
2267
2356
2357
2267
2362
2356
2267
2273
2362
2267
2357
2269
2268
2269
2357
2358
2271
2274
2270
2274
2271
2275
2359
2271
2270
2271
2359
2360
2363
2275
2271
2360
2363
2271
2361
2273
2272
2273
2361
2362
2278
2361
2272
2361
2278
2366
2367
2279
2275
2363
2367
2275
2364
2277
2276
2277
2364
2365
2283
2364
2276
2364
2283
2371
2366
2278
2277
2365
2366
2277
2372
2284
2279
2367
2372
2279
2368
2281
2280
2281
2368
2369
2286
2368
2280
2368
2286
2374
2370
2282
2281
2369
2370
2281
2370
2283
2282
2283
2370
2371
2372
2285
2284
2285
2372
2373
2374
2286
2285
2373
2374
2285
2290
2289
2287
2288
2290
2287
2300
2299
2289
2290
2300
2289
2291
2300
2290
2300
2291
2301
2302
2301
2291
2292
2302
2291
2293
2302
2292
2302
2293
2303
2378
2377
2293
2294
2378
2293
2385
2303
2293
2377
2385
2293
2295
2378
2294
2378
2295
2379
2305
2304
2295
2296
2305
2295
2387
2379
2295
2304
2387
2295
2297
2305
2296
2305
2297
2306
2307
2299
2298
2299
2307
2308
2299
2380
2298
2380
2299
2381
2380
2307
2298
2307
2380
2388
2382
2381
2299
2300
2382
2299
2301
2382
2300
2382
2301
2383
2384
2383
2301
2302
2384
2301
2303
2384
2302
2384
2303
2385
2305
2309
2304
2309
2305
2310
2309
2387
2304
2387
2309
2389
2311
2310
2305
2306
2311
2305
2394
2315
2307
2388
2394
2307
2390
2389
2309
2310
2390
2309
2311
2390
2310
2390
2311
2391
2317
2316
2311
2312
2317
2311
2397
2391
2311
2316
2397
2311
2393
2392
2313
2314
2393
2313
2399
2319
2313
2392
2399
2313
2315
2393
2314
2393
2315
2394
2317
2397
2316
2397
2317
2398
2321
2320
2317
2318
2321
2317
2403
2398
2317
2320
2403
2317
2405
2323
2319
2399
2405
2319
2321
2324
2320
2324
2321
2325
2324
2403
2320
2403
2324
2407
2323
2404
2322
2404
2323
2405
2404
2327
2322
2327
2404
2408
2325
2328
2324
2328
2325
2329
2328
2407
2324
2407
2328
2410
2327
2330
2326
2330
2327
2331
2412
2331
2327
2408
2412
2327
2329
2332
2328
2332
2329
2333
2332
2410
2328
2410
2332
2414
2331
2411
2330
2411
2331
2412
2411
2334
2330
2334
2411
2415
2333
2335
2332
2335
2333
2336
2335
2414
2332
2414
2335
2418
2415
2337
2334
2337
2415
2419
2339
2338
2335
2336
2339
2335
2423
2418
2335
2338
2423
2335
2424
2340
2337
2419
2424
2337
2342
2423
2338
2423
2342
2428
2424
2343
2340
2343
2424
2429
2428
2342
2341
2427
2428
2341
2432
2427
2341
2345
2432
2341
2433
2346
2343
2429
2433
2343
2431
2345
2344
2345
2431
2432
2348
2431
2344
2431
2348
2436
2433
2349
2346
2349
2433
2437
2436
2348
2347
2435
2436
2347
2441
2435
2347
2353
2441
2347
2355
2354
2349
2350
2355
2349
2438
2350
2349
2437
2438
2349
2438
2355
2350
2355
2438
2442
2357
2356
2351
2352
2357
2351
2440
2352
2351
2439
2440
2351
2443
2439
2351
2356
2443
2351
2353
2357
2352
2357
2353
2358
2440
2353
2352
2353
2440
2441
2355
2359
2354
2359
2355
2360
2445
2360
2355
2442
2445
2355
2362
2443
2356
2443
2362
2447
2445
2363
2360
2363
2445
2448
2447
2362
2361
2446
2447
2361
2451
2446
2361
2366
2451
2361
2452
2367
2363
2448
2452
2363
2449
2365
2364
2365
2449
2450
2371
2449
2364
2449
2371
2456
2451
2366
2365
2450
2451
2365
2457
2372
2367
2452
2457
2367
2453
2369
2368
2369
2453
2454
2374
2453
2368
2453
2374
2459
2455
2370
2369
2454
2455
2369
2455
2371
2370
2371
2455
2456
2375
2373
2372
2373
2375
2376
2457
2375
2372
2375
2457
2461
2459
2374
2373
2458
2459
2373
2462
2458
2373
2376
2462
2373
2462
2376
2375
2461
2462
2375
2386
2385
2377
2378
2386
2377
2379
2386
2378
2386
2379
2387
2381
2465
2380
2465
2381
2466
2465
2388
2380
2388
2465
2473
2467
2466
2381
2382
2467
2381
2383
2467
2382
2467
2383
2468
2469
2468
2383
2384
2469
2383
2385
2469
2384
2469
2385
2470
2471
2470
2385
2386
2471
2385
2387
2471
2386
2471
2387
2472
2474
2472
2387
2389
2474
2387
2473
2394
2388
2394
2473
2475
2396
2395
2389
2390
2396
2389
2476
2474
2389
2395
2476
2389
2391
2396
2390
2396
2391
2397
2393
2399
2392
2399
2393
2400
2401
2400
2393
2394
2401
2393
2475
2401
2394
2401
2475
2481
2477
2476
2395
2396
2477
2395
2397
2477
2396
2477
2397
2478
2403
2402
2397
2398
2403
2397
2482
2478
2397
2402
2482
2397
2480
2479
2399
2400
2480
2399
2483
2405
2399
2479
2483
2399
2401
2480
2400
2480
2401
2481
2403
2406
2402
2406
2403
2407
2406
2482
2402
2482
2406
2485
2405
2408
2404
2408
2405
2409
2487
2409
2405
2483
2487
2405
2407
2485
2406
2485
2407
2486
2488
2486
2407
2410
2488
2407
2409
2412
2408
2412
2409
2413
2490
2413
2409
2487
2490
2409
2414
2488
2410
2488
2414
2493
2416
2415
2411
2412
2416
2411
2413
2489
2412
2489
2413
2490
2489
2416
2412
2416
2489
2494
2418
2493
2414
2493
2418
2498
2420
2419
2415
2416
2420
2415
2494
2420
2416
2420
2494
2499
2423
2422
2417
2418
2423
2417
2498
2418
2417
2497
2498
2417
2501
2497
2417
2422
2501
2417
2425
2424
2419
2420
2425
2419
2499
2425
2420
2425
2499
2502
2427
2426
2421
2422
2427
2421
2501
2422
2421
2500
2501
2421
2503
2500
2421
2426
2503
2421
2423
2427
2422
2427
2423
2428
2425
2429
2424
2429
2425
2430
2504
2430
2425
2502
2504
2425
2427
2431
2426
2431
2427
2432
2431
2503
2426
2503
2431
2505
2434
2433
2429
2430
2434
2429
2504
2434
2430
2434
2504
2506
2508
2505
2431
2436
2508
2431
2438
2437
2433
2434
2438
2433
2506
2438
2434
2438
2506
2509
2508
2436
2435
2507
2508
2435
2511
2507
2435
2441
2511
2435
2509
2442
2438
2442
2509
2512
2444
2440
2439
2443
2444
2439
2510
2441
2440
2441
2510
2511
2444
2510
2440
2510
2444
2515
2512
2445
2442
2445
2512
2516
2515
2444
2443
2514
2515
2443
2518
2514
2443
2447
2518
2443
2519
2448
2445
2516
2519
2445
2517
2447
2446
2447
2517
2518
2451
2517
2446
2517
2451
2522
2519
2452
2448
2452
2519
2523
2521
2450
2449
2520
2521
2449
2526
2520
2449
2456
2526
2449
2521
2451
2450
2451
2521
2522
2523
2457
2452
2457
2523
2527
2460
2454
2453
2459
2460
2453
2524
2455
2454
2455
2524
2525
2460
2524
2454
2524
2460
2528
2526
2456
2455
2525
2526
2455
2530
2461
2457
2527
2530
2457
2462
2459
2458
2459
2462
2463
2464
2460
2459
2463
2464
2459
2464
2528
2460
2528
2464
2533
2531
2462
2461
2530
2531
2461
2531
2463
2462
2463
2531
2532
2533
2464
2463
2532
2533
2463
2535
2534
2465
2466
2535
2465
2542
2473
2465
2534
2542
2465
2467
2535
2466
2535
2467
2536
2537
2536
2467
2468
2537
2467
2469
2537
2468
2537
2469
2538
2539
2538
2469
2470
2539
2469
2471
2539
2470
2539
2471
2540
2541
2540
2471
2472
2541
2471
2474
2541
2472
2541
2474
2549
2551
2475
2473
2542
2551
2473
2476
2549
2474
2549
2476
2553
2557
2481
2475
2551
2557
2475
2477
2553
2476
2553
2477
2554
2555
2554
2477
2478
2555
2477
2482
2555
2478
2555
2482
2559
2484
2483
2479
2480
2484
2479
2481
2556
2480
2556
2481
2557
2556
2484
2480
2484
2556
2561
2485
2559
2482
2559
2485
2564
2561
2560
2483
2484
2561
2483
2566
2487
2483
2560
2566
2483
2565
2564
2485
2486
2565
2485
2488
2565
2486
2565
2488
2570
2571
2490
2487
2566
2571
2487
2493
2570
2488
2570
2493
2574
2495
2494
2489
2490
2495
2489
2571
2495
2490
2495
2571
2576
2497
2496
2491
2492
2497
2491
2573
2492
2491
2572
2573
2491
2577
2572
2491
2496
2577
2491
2493
2497
2492
2497
2493
2498
2573
2493
2492
2493
2573
2574
2495
2575
2494
2575
2495
2576
2575
2499
2494
2499
2575
2578
2497
2500
2496
2500
2497
2501
2500
2577
2496
2577
2500
2580
2581
2502
2499
2578
2581
2499
2503
2580
2500
2580
2503
2583
2581
2504
2502
2504
2581
2584
2587
2583
2503
2505
2587
2503
2584
2506
2504
2506
2584
2588
2590
2587
2505
2508
2590
2505
2588
2509
2506
2509
2588
2591
2590
2508
2507
2589
2590
2507
2593
2589
2507
2511
2593
2507
2594
2512
2509
2591
2594
2509
2592
2511
2510
2511
2592
2593
2515
2592
2510
2592
2515
2597
2594
2516
2512
2516
2594
2598
2518
2517
2513
2514
2518
2513
2596
2514
2513
2595
2596
2513
2599
2595
2513
2517
2599
2513
2596
2515
2514
2515
2596
2597
2598
2519
2516
2519
2598
2600
2604
2599
2517
2522
2604
2517
2605
2523
2519
2600
2605
2519
2602
2521
2520
2521
2602
2603
2526
2602
2520
2602
2526
2608
2604
2522
2521
2603
2604
2521
2609
2527
2523
2605
2609
2523
2528
2525
2524
2525
2528
2529
2608
2526
2525
2607
2608
2525
2613
2607
2525
2529
2613
2525
2614
2530
2527
2609
2614
2527
2612
2529
2528
2529
2612
2613
2533
2612
2528
2612
2533
2617
2614
2531
2530
2531
2614
2615
2616
2532
2531
2615
2616
2531
2616
2533
2532
2533
2616
2617
2535
2542
2534
2542
2535
2543
2544
2543
2535
2536
2544
2535
2537
2544
2536
2544
2537
2545
2546
2545
2537
2538
2546
2537
2539
2546
2538
2546
2539
2547
2548
2547
2539
2540
2548
2539
2541
2548
2540
2548
2541
2549
2543
2551
2542
2551
2543
2552
2620
2619
2543
2544
2620
2543
2628
2552
2543
2619
2628
2543
2545
2620
2544
2620
2545
2621
2622
2621
2545
2546
2622
2545
2547
2622
2546
2622
2547
2623
2624
2623
2547
2548
2624
2547
2549
2624
2548
2624
2549
2625
2554
2550
2549
2553
2554
2549
2626
2625
2549
2550
2626
2549
2554
2626
2550
2626
2554
2635
2628
2627
2551
2552
2628
2551
2636
2557
2551
2627
2636
2551
2555
2558
2554
2558
2555
2559
2558
2635
2554
2635
2558
2637
2557
2561
2556
2561
2557
2562
2638
2562
2557
2636
2638
2557
2559
2563
2558
2563
2559
2564
2563
2637
2558
2637
2563
2639
2561
2566
2560
2566
2561
2567
2568
2567
2561
2562
2568
2561
2638
2568
2562
2568
2638
2643
2640
2639
2563
2564
2640
2563
2565
2569
2564
2569
2565
2570
2569
2640
2564
2640
2569
2644
2567
2641
2566
2641
2567
2642
2641
2571
2566
2571
2641
2645
2643
2642
2567
2568
2643
2567
2574
2573
2569
2570
2574
2569
2648
2644
2569
2573
2648
2569
2649
2576
2571
2645
2649
2571
2647
2573
2572
2573
2647
2648
2577
2647
2572
2647
2577
2650
2579
2578
2575
2576
2579
2575
2649
2579
2576
2579
2649
2651
2652
2650
2577
2580
2652
2577
2579
2581
2578
2581
2579
2582
2653
2582
2579
2651
2653
2579
2583
2652
2580
2652
2583
2656
2585
2584
2581
2582
2585
2581
2653
2585
2582
2585
2653
2658
2661
2656
2583
2587
2661
2583
2585
2657
2584
2657
2585
2658
2657
2588
2584
2588
2657
2662
2587
2589
2586
2589
2587
2590
2660
2587
2586
2587
2660
2661
2589
2660
2586
2660
2589
2665
2662
2591
2588
2591
2662
2666
2670
2665
2589
2593
2670
2589
2671
2594
2591
2666
2671
2591
2669
2593
2592
2593
2669
2670
2597
2669
2592
2669
2597
2675
2671
2598
2594
2598
2671
2676
2674
2596
2595
2673
2674
2595
2678
2673
2595
2599
2678
2595
2674
2597
2596
2597
2674
2675
2676
2600
2598
2600
2676
2679
2683
2678
2599
2604
2683
2599
2601
2605
2600
2605
2601
2606
2679
2601
2600
2601
2679
2680
2684
2606
2601
2680
2684
2601
2681
2603
2602
2603
2681
2682
2608
2681
2602
2681
2608
2686
2683
2604
2603
2682
2683
2603
2610
2609
2605
2606
2610
2605
2684
2610
2606
2610
2684
2688
2686
2608
2607
2685
2686
2607
2691
2685
2607
2613
2691
2607
2615
2614
2609
2610
2615
2609
2611
2615
2610
2615
2611
2616
2688
2611
2610
2611
2688
2689
2617
2616
2611
2612
2617
2611
2690
2612
2611
2689
2690
2611
2690
2613
2612
2613
2690
2691
2627
2619
2618
2619
2627
2628
2619
2692
2618
2692
2619
2693
2692
2627
2618
2627
2692
2697
2694
2693
2619
2620
2694
2619
2621
2629
2620
2629
2621
2630
2629
2694
2620
2694
2629
2699
2696
2695
2621
2622
2696
2621
2700
2630
2621
2695
2700
2621
2623
2631
2622
2631
2623
2632
2631
2696
2622
2696
2631
2701
2633
2632
2623
2624
2633
2623
2625
2633
2624
2633
2625
2634
2635
2634
2625
2626
2635
2625
2706
2636
2627
2697
2706
2627
2700
2699
2629
2630
2700
2629
2702
2701
2631
2632
2702
2631
2633
2702
2632
2702
2633
2703
2704
2703
2633
2634
2704
2633
2635
2704
2634
2704
2635
2705
2714
2705
2635
2637
2714
2635
2706
2638
2636
2638
2706
2715
2720
2714
2637
2639
2720
2637
2715
2643
2638
2643
2715
2723
2721
2720
2639
2640
2721
2639
2644
2721
2640
2721
2644
2728
2646
2645
2641
2642
2646
2641
2643
2722
2642
2722
2643
2723
2722
2646
2642
2646
2722
2730
2648
2728
2644
2728
2648
2737
2730
2729
2645
2646
2730
2645
2738
2649
2645
2729
2738
2645
2737
2648
2647
2736
2737
2647
2744
2736
2647
2650
2744
2647
2745
2651
2649
2738
2745
2649
2652
2744
2650
2744
2652
2749
2750
2653
2651
2745
2750
2651
2656
2749
2652
2749
2656
2754
2755
2658
2653
2750
2755
2653
2655
2659
2654
2659
2655
2660
2752
2655
2654
2655
2752
2753
2659
2752
2654
2752
2659
2758
2661
2660
2655
2656
2661
2655
2754
2656
2655
2753
2754
2655
2663
2662
2657
2658
2663
2657
2755
2663
2658
2663
2755
2760
2665
2664
2659
2660
2665
2659
2764
2758
2659
2664
2764
2659
2663
2759
2662
2759
2663
2760
2759
2666
2662
2666
2759
2765
2665
2669
2664
2669
2665
2670
2669
2764
2664
2764
2669
2770
2765
2671
2666
2671
2765
2771
2674
2673
2667
2668
2674
2667
2769
2668
2667
2768
2769
2667
2774
2768
2667
2673
2774
2667
2669
2674
2668
2674
2669
2675
2769
2669
2668
2669
2769
2770
2677
2676
2671
2672
2677
2671
2772
2672
2671
2771
2772
2671
2772
2677
2672
2677
2772
2775
2777
2774
2673
2678
2777
2673
2677
2679
2676
2679
2677
2680
2778
2680
2677
2775
2778
2677
2683
2777
2678
2777
2683
2782
2778
2684
2680
2684
2778
2783
2687
2682
2681
2686
2687
2681
2781
2683
2682
2683
2781
2782
2687
2781
2682
2781
2687
2786
2783
2688
2684
2688
2783
2787
2785
2686
2685
2784
2785
2685
2790
2784
2685
2691
2790
2685
2785
2687
2686
2687
2785
2786
2787
2689
2688
2689
2787
2788
2789
2690
2689
2788
2789
2689
2789
2691
2690
2691
2789
2790
2693
2697
2692
2697
2693
2698
2699
2698
2693
2694
2699
2693
2701
2700
2695
2696
2701
2695
2707
2706
2697
2698
2707
2697
2699
2707
2698
2707
2699
2708
2709
2708
2699
2700
2709
2699
2701
2709
2700
2709
2701
2710
2711
2710
2701
2702
2711
2701
2703
2711
2702
2711
2703
2712
2713
2712
2703
2704
2713
2703
2705
2713
2704
2713
2705
2714
2707
2715
2706
2715
2707
2716
2717
2716
2707
2708
2717
2707
2709
2717
2708
2717
2709
2718
2792
2791
2709
2710
2792
2709
2797
2718
2709
2791
2797
2709
2711
2792
2710
2792
2711
2793
2794
2793
2711
2712
2794
2711
2713
2794
2712
2794
2713
2795
2720
2719
2713
2714
2720
2713
2801
2795
2713
2719
2801
2713
2724
2723
2715
2716
2724
2715
2717
2724
2716
2724
2717
2725
2797
2796
2717
2718
2797
2717
2803
2725
2717
2796
2803
2717
2727
2726
2719
2720
2727
2719
2804
2801
2719
2726
2804
2719
2721
2727
2720
2727
2721
2728
2723
2730
2722
2730
2723
2731
2732
2731
2723
2724
2732
2723
2725
2802
2724
2802
2725
2803
2802
2732
2724
2732
2802
2806
2727
2735
2726
2735
2727
2736
2735
2804
2726
2804
2735
2810
2737
2736
2727
2728
2737
2727
2739
2738
2729
2730
2739
2729
2731
2739
2730
2739
2731
2740
2806
2805
2731
2732
2806
2731
2813
2740
2731
2805
2813
2731
2742
2741
2733
2734
2742
2733
2809
2734
2733
2808
2809
2733
2814
2808
2733
2741
2814
2733
2735
2742
2734
2742
2735
2743
2809
2735
2734
2735
2809
2810
2744
2743
2735
2736
2744
2735
2739
2811
2738
2811
2739
2812
2811
2745
2738
2745
2811
2815
2813
2812
2739
2740
2813
2739
2747
2746
2741
2742
2747
2741
2818
2814
2741
2746
2818
2741
2743
2747
2742
2747
2743
2748
2749
2748
2743
2744
2749
2743
2819
2750
2745
2815
2819
2745
2747
2751
2746
2751
2747
2752
2751
2818
2746
2818
2751
2820
2753
2752
2747
2748
2753
2747
2749
2753
2748
2753
2749
2754
2819
2755
2750
2755
2819
2821
2758
2757
2751
2752
2758
2751
2823
2820
2751
2757
2823
2751
2824
2760
2755
2821
2824
2755
2757
2762
2756
2762
2757
2763
2822
2757
2756
2757
2822
2823
2762
2822
2756
2822
2762
2826
2764
2763
2757
2758
2764
2757
2766
2765
2759
2760
2766
2759
2824
2766
2760
2766
2824
2827
2768
2767
2761
2762
2768
2761
2826
2762
2761
2825
2826
2761
2829
2825
2761
2767
2829
2761
2763
2768
2762
2768
2763
2769
2770
2769
2763
2764
2770
2763
2772
2771
2765
2766
2772
2765
2827
2772
2766
2772
2827
2830
2774
2773
2767
2768
2774
2767
2832
2829
2767
2773
2832
2767
2830
2775
2772
2775
2830
2833
2777
2776
2773
2774
2777
2773
2836
2832
2773
2776
2836
2773
2837
2778
2775
2833
2837
2775
2777
2781
2776
2781
2777
2782
2781
2836
2776
2836
2781
2840
2837
2783
2778
2783
2837
2841
2785
2784
2779
2780
2785
2779
2839
2780
2779
2838
2839
2779
2844
2838
2779
2784
2844
2779
2781
2785
2780
2785
2781
2786
2839
2781
2780
2781
2839
2840
2845
2787
2783
2841
2845
2783
2790
2844
2784
2844
2790
2848
2846
2788
2787
2845
2846
2787
2846
2789
2788
2789
2846
2847
2848
2790
2789
2847
2848
2789
2798
2797
2791
2792
2798
2791
2793
2798
2792
2798
2793
2799
2800
2799
2793
2794
2800
2793
2795
2800
2794
2800
2795
2801
2797
2849
2796
2849
2797
2850
2849
2803
2796
2803
2849
2855
2851
2850
2797
2798
2851
2797
2799
2851
2798
2851
2799
2852
2853
2852
2799
2800
2853
2799
2801
2853
2800
2853
2801
2854
2860
2854
2801
2804
2860
2801
2803
2806
2802
2806
2803
2807
2863
2807
2803
2855
2863
2803
2810
2860
2804
2860
2810
2867
2862
2861
2805
2806
2862
2805
2868
2813
2805
2861
2868
2805
2807
2862
2806
2862
2807
2863
2865
2809
2808
2809
2865
2866
2814
2865
2808
2865
2814
2871
2867
2810
2809
2866
2867
2809
2816
2815
2811
2812
2816
2811
2813
2816
2812
2816
2813
2817
2874
2817
2813
2868
2874
2813
2818
2871
2814
2871
2818
2878
2873
2872
2815
2816
2873
2815
2879
2819
2815
2872
2879
2815
2817
2873
2816
2873
2817
2874
2820
2878
2818
2878
2820
2884
2885
2821
2819
2879
2885
2819
2823
2884
2820
2884
2823
2889
2890
2824
2821
2885
2890
2821
2888
2823
2822
2823
2888
2889
2826
2888
2822
2888
2826
2894
2890
2827
2824
2827
2890
2895
2894
2826
2825
2893
2894
2825
2898
2893
2825
2829
2898
2825
2899
2830
2827
2895
2899
2827
2829
2831
2828
2831
2829
2832
2897
2829
2828
2829
2897
2898
2831
2897
2828
2897
2831
2901
2899
2833
2830
2833
2899
2902
2836
2835
2831
2832
2836
2831
2906
2901
2831
2835
2906
2831
2907
2837
2833
2902
2907
2833
2835
2838
2834
2838
2835
2839
2905
2835
2834
2835
2905
2906
2838
2905
2834
2905
2838
2910
2840
2839
2835
2836
2840
2835
2911
2841
2837
2907
2911
2837
2844
2910
2838
2910
2844
2914
2846
2845
2841
2842
2846
2841
2912
2842
2841
2911
2912
2841
2843
2846
2842
2846
2843
2847
2912
2843
2842
2843
2912
2913
2848
2847
2843
2844
2848
2843
2914
2844
2843
2913
2914
2843
2856
2855
2849
2850
2856
2849
2851
2915
2850
2915
2851
2916
2915
2856
2850
2856
2915
2917
2858
2857
2851
2852
2858
2851
2918
2916
2851
2857
2918
2851
2853
2858
2852
2858
2853
2859
2860
2859
2853
2854
2860
2853
2864
2863
2855
2856
2864
2855
2917
2864
2856
2864
2917
2921
2919
2918
2857
2858
2919
2857
2859
2865
2858
2865
2859
2866
2865
2919
2858
2919
2865
2923
2867
2866
2859
2860
2867
2859
2869
2868
2861
2862
2869
2861
2863
2869
2862
2869
2863
2870
2921
2920
2863
2864
2921
2863
2925
2870
2863
2920
2925
2863
2926
2923
2865
2871
2926
2865
2869
2874
2868
2874
2869
2875
2876
2875
2869
2870
2876
2869
2925
2876
2870
2876
2925
2928
2930
2926
2871
2878
2930
2871
2873
2879
2872
2879
2873
2880
2881
2880
2873
2874
2881
2873
2875
2881
2874
2881
2875
2882
2928
2927
2875
2876
2928
2875
2932
2882
2875
2927
2932
2875
2884
2883
2877
2878
2884
2877
2930
2878
2877
2929
2930
2877
2933
2929
2877
2883
2933
2877
2886
2885
2879
2880
2886
2879
2881
2886
2880
2886
2881
2887
2932
2931
2881
2882
2932
2881
2934
2887
2881
2931
2934
2881
2889
2888
2883
2884
2889
2883
2936
2933
2883
2888
2936
2883
2891
2890
2885
2886
2891
2885
2887
2891
2886
2891
2887
2892
2938
2892
2887
2934
2938
2887
2894
2936
2888
2936
2894
2941
2891
2895
2890
2895
2891
2896
2938
2937
2891
2892
2938
2891
2942
2896
2891
2937
2942
2891
2941
2894
2893
2940
2941
2893
2945
2940
2893
2898
2945
2893
2900
2899
2895
2896
2900
2895
2942
2900
2896
2900
2942
2946
2945
2898
2897
2944
2945
2897
2949
2944
2897
2901
2949
2897
2903
2902
2899
2900
2903
2899
2946
2903
2900
2903
2946
2950
2953
2949
2901
2906
2953
2901
2903
2907
2902
2907
2903
2908
2909
2908
2903
2904
2909
2903
2951
2904
2903
2950
2951
2903
2905
2909
2904
2909
2905
2910
2951
2905
2904
2905
2951
2952
2953
2906
2905
2952
2953
2905
2912
2911
2907
2908
2912
2907
2909
2912
2908
2912
2909
2913
2914
2913
2909
2910
2914
2909
2918
2917
2915
2916
2918
2915
2922
2921
2917
2918
2922
2917
2919
2922
2918
2922
2919
2923
2921
2954
2920
2954
2921
2955
2954
2925
2920
2925
2954
2959
2956
2955
2921
2922
2956
2921
2923
2956
2922
2956
2923
2957
2962
2957
2923
2926
2962
2923
2927
2925
2924
2925
2927
2928
2925
2958
2924
2958
2925
2959
2958
2927
2924
2927
2958
2963
2930
2962
2926
2962
2930
2967
2968
2932
2927
2963
2968
2927
2967
2930
2929
2966
2967
2929
2971
2966
2929
2933
2971
2929
2935
2934
2931
2932
2935
2931
2968
2935
2932
2935
2968
2972
2975
2971
2933
2936
2975
2933
2935
2938
2934
2938
2935
2939
2977
2939
2935
2972
2977
2935
2941
2975
2936
2975
2941
2980
2943
2942
2937
2938
2943
2937
2939
2976
2938
2976
2939
2977
2976
2943
2938
2943
2976
2981
2979
2941
2940
2941
2979
2980
2945
2979
2940
2979
2945
2984
2943
2946
2942
2946
2943
2947
2985
2947
2943
2981
2985
2943
2983
2945
2944
2945
2983
2984
2949
2983
2944
2983
2949
2987
2947
2950
2946
2950
2947
2951
2952
2951
2947
2948
2952
2947
2986
2948
2947
2985
2986
2947
2949
2952
2948
2952
2949
2953
2986
2949
2948
2949
2986
2987
2955
2959
2954
2959
2955
2960
2961
2960
2955
2956
2961
2955
2957
2961
2956
2961
2957
2962
2959
2963
2958
2963
2959
2964
2965
2964
2959
2960
2965
2959
2961
2965
2960
2965
2961
2966
2967
2966
2961
2962
2967
2961
2969
2968
2963
2964
2969
2963
2965
2969
2964
2969
2965
2970
2971
2970
2965
2966
2971
2965
2969
2972
2968
2972
2969
2973
2974
2973
2969
2970
2974
2969
2971
2974
2970
2974
2971
2975
2973
2977
2972
2977
2973
2978
2979
2978
2973
2974
2979
2973
2975
2979
2974
2979
2975
2980
2977
2981
2976
2981
2977
2982
2983
2982
2977
2978
2983
2977
2979
2983
2978
2983
2979
2984
2986
2985
2981
2982
2986
2981
2983
2986
2982
2986
2983
2987
