0
1
2
3
2
1
0
19
1
20
1
19
0
2
19
23
19
2
1
20
24
1
24
3
2
3
5
6
5
3
2
5
23
27
23
5
3
4
7
3
7
6
3
24
25
3
25
4
4
25
7
28
7
25
5
6
9
5
9
8
5
8
30
5
30
27
6
7
9
10
9
7
7
28
32
7
32
10
8
9
30
31
30
9
9
10
12
9
12
11
9
11
35
9
35
31
10
32
12
36
12
32
11
12
36
11
36
35
13
14
17
13
17
16
13
48
49
13
49
14
13
16
51
13
51
48
14
15
17
18
17
15
14
49
15
50
15
49
15
50
52
15
52
18
16
17
19
20
19
17
16
19
51
54
51
19
17
18
21
17
21
20
18
52
21
55
21
52
19
23
57
19
57
54
20
21
24
25
24
21
21
22
26
21
26
25
21
55
56
21
56
22
22
56
26
58
26
56
23
27
59
23
59
57
25
26
29
25
29
28
26
58
29
60
29
58
27
30
61
27
61
59
28
29
32
33
32
29
29
60
62
29
62
33
30
31
34
35
34
31
30
34
61
63
61
34
32
33
36
37
36
33
33
62
65
33
65
37
34
35
63
64
63
35
35
36
39
35
39
38
35
38
67
35
67
64
36
37
39
40
39
37
37
65
68
37
68
40
38
39
41
42
41
39
38
41
67
69
67
41
39
40
43
39
43
42
40
68
43
71
43
68
41
42
70
41
70
69
42
43
44
45
44
43
42
44
70
72
70
44
43
71
73
43
73
45
44
45
46
47
46
45
44
46
72
75
72
46
45
73
76
45
76
47
46
47
75
76
75
47
48
87
49
88
49
87
48
51
87
91
87
51
49
88
89
49
89
50
50
89
52
92
52
89
51
54
94
51
94
91
52
53
55
56
55
53
52
92
53
93
53
92
53
93
95
53
95
56
54
57
94
96
94
57
56
95
58
97
58
95
57
59
98
57
98
96
58
97
60
99
60
97
59
61
101
59
101
98
60
99
62
102
62
99
61
63
104
61
104
101
62
102
65
105
65
102
63
64
67
63
67
66
63
66
107
63
107
104
65
105
109
65
109
68
66
67
107
108
107
67
67
69
112
67
112
108
68
109
71
114
71
109
69
70
113
69
113
112
70
72
113
118
113
72
71
114
119
71
119
73
72
75
118
123
118
75
73
74
77
73
77
76
73
119
120
73
120
74
74
120
77
125
77
120
75
76
79
75
79
78
75
78
128
75
128
123
76
77
124
125
124
77
76
124
79
129
79
124
78
79
128
129
128
79
80
81
83
84
83
81
80
136
81
137
81
136
80
83
136
139
136
83
81
82
85
81
85
84
81
137
138
81
138
82
82
138
85
140
85
138
83
84
88
83
88
87
83
87
142
83
142
139
84
85
88
89
88
85
85
86
90
85
90
89
85
140
141
85
141
86
86
141
90
143
90
141
87
91
144
87
144
142
89
90
93
89
93
92
90
143
93
145
93
143
91
94
146
91
146
144
93
145
147
93
147
95
94
96
146
148
146
96
95
147
149
95
149
97
96
98
148
150
148
98
97
149
151
97
151
99
98
101
150
153
150
101
99
100
103
99
103
102
99
151
152
99
152
100
100
152
103
154
103
152
101
104
155
101
155
153
102
103
105
106
105
103
103
154
156
103
156
106
104
107
155
157
155
107
105
106
110
105
110
109
106
156
110
158
110
156
107
108
112
107
112
111
107
111
159
107
159
157
109
110
115
109
115
114
110
158
115
160
115
158
111
112
117
111
117
116
111
116
161
111
161
159
112
113
117
118
117
113
114
115
119
120
119
115
115
160
162
115
162
120
116
117
121
122
121
117
116
121
161
163
161
121
117
118
123
117
123
122
120
162
125
164
125
162
121
122
127
121
127
126
121
126
165
121
165
163
122
123
127
128
127
123
124
125
129
130
129
125
125
164
168
125
168
130
126
127
165
166
165
127
127
128
167
127
167
166
128
129
131
132
131
129
128
131
167
169
167
131
129
130
133
129
133
132
130
168
133
171
133
168
131
132
170
131
170
169
132
133
134
135
134
133
132
134
170
173
170
134
133
171
174
133
174
135
134
135
173
174
173
135
136
175
137
176
137
175
136
139
175
179
175
139
137
176
177
137
177
138
138
177
140
180
140
177
139
142
182
139
182
179
140
180
141
181
141
180
141
181
183
141
183
143
142
144
182
185
182
144
143
183
186
143
186
145
144
146
185
189
185
146
145
186
190
145
190
147
146
148
189
193
189
148
147
190
194
147
194
149
148
150
193
197
193
150
149
194
198
149
198
151
150
153
197
200
197
153
151
198
199
151
199
152
152
199
154
201
154
199
153
155
202
153
202
200
154
201
156
203
156
201
155
157
204
155
204
202
156
203
158
205
158
203
157
159
206
157
206
204
158
205
160
207
160
205
159
161
208
159
208
206
160
207
162
209
162
207
161
163
210
161
210
208
162
209
164
212
164
209
163
165
213
163
213
210
164
212
168
216
168
212
165
166
214
165
214
213
166
167
214
215
214
167
167
169
218
167
218
215
168
216
171
219
171
216
169
170
173
169
173
172
169
172
220
169
220
218
171
219
222
171
222
174
172
173
220
221
220
173
173
174
222
173
222
221
175
230
231
175
231
176
175
179
234
175
234
230
176
231
177
232
177
231
177
178
181
177
181
180
177
232
233
177
233
178
178
233
181
235
181
233
179
182
236
179
236
234
181
235
237
181
237
183
182
185
236
239
236
185
183
237
240
183
240
186
184
185
188
189
188
185
184
238
185
239
185
238
184
188
238
242
238
188
186
187
190
191
190
187
186
240
187
241
187
240
187
241
243
187
243
191
188
189
192
193
192
189
188
192
242
244
242
192
190
191
194
195
194
191
191
243
245
191
245
195
192
193
196
197
196
193
192
196
244
246
244
196
194
195
198
199
198
195
195
245
248
195
248
199
196
197
246
247
246
197
197
200
250
197
250
247
199
248
251
199
251
201
200
202
250
252
250
202
201
251
253
201
253
203
202
204
252
254
252
204
203
253
255
203
255
205
204
206
254
257
254
206
205
255
258
205
258
207
206
208
257
260
257
208
207
258
261
207
261
209
208
210
260
263
260
210
209
261
265
209
265
212
210
213
211
214
211
213
210
211
263
264
263
211
211
214
268
211
268
264
212
265
216
269
216
265
214
215
217
218
217
215
214
217
268
272
268
217
216
269
219
274
219
269
217
218
273
217
273
272
218
220
273
278
273
220
219
274
279
219
279
222
220
221
223
224
223
221
220
223
278
280
278
223
221
222
225
221
225
224
222
279
225
282
225
279
223
224
281
223
281
280
224
225
227
228
227
225
224
227
281
285
281
227
225
226
229
225
229
228
225
282
283
225
283
226
226
283
229
287
229
283
227
228
286
227
286
285
228
229
286
287
286
229
230
296
231
297
231
296
230
234
296
302
296
234
231
297
298
231
298
232
232
298
233
299
233
298
233
299
303
233
303
235
234
236
302
306
302
236
235
303
307
235
307
237
236
239
306
310
306
239
237
307
311
237
311
240
238
309
239
310
239
309
238
242
309
314
309
242
240
311
241
312
241
311
241
312
315
241
315
243
242
244
314
317
314
244
243
315
318
243
318
245
244
246
317
320
317
246
245
318
321
245
321
248
246
247
249
250
249
247
246
249
320
322
320
249
248
321
251
324
251
321
249
250
323
249
323
322
250
252
323
327
323
252
251
324
328
251
328
253
252
254
327
330
327
254
253
328
331
253
331
255
254
257
330
333
330
257
255
256
259
255
259
258
255
331
332
255
332
256
256
332
259
334
259
332
257
260
335
257
335
333
258
259
261
262
261
259
259
334
336
259
336
262
260
263
335
337
335
263
261
262
266
261
266
265
262
336
266
338
266
336
263
264
268
263
268
267
263
267
339
263
339
337
265
266
270
265
270
269
266
338
270
341
270
338
267
268
340
267
340
339
268
272
340
344
340
272
269
270
275
269
275
274
270
271
275
276
275
271
270
341
271
342
271
341
271
342
347
271
347
276
272
273
277
278
277
273
272
277
344
349
344
277
274
275
345
346
345
275
274
345
279
351
279
345
275
276
347
275
347
346
277
278
350
277
350
349
278
280
350
355
350
280
279
351
356
279
356
282
280
281
284
285
284
281
280
284
355
358
355
284
282
356
283
357
283
356
283
357
361
283
361
287
284
285
358
359
358
285
285
286
360
285
360
359
286
287
288
289
288
287
286
288
360
364
360
288
287
361
365
287
365
289
288
289
364
365
364
289
290
291
293
294
293
291
290
369
291
370
291
369
290
293
369
373
369
293
291
370
374
291
374
294
292
293
295
296
295
293
292
372
293
373
293
372
292
295
372
376
372
295
293
294
297
293
297
296
294
374
297
377
297
374
295
296
302
295
302
301
295
301
381
295
381
376
297
377
378
297
378
298
298
378
299
379
299
378
299
379
382
299
382
303
300
301
304
305
304
301
300
380
301
381
301
380
300
304
380
383
380
304
301
302
306
301
306
305
303
382
384
303
384
307
304
305
308
309
308
305
304
308
383
385
383
308
305
306
310
305
310
309
307
384
386
307
386
311
308
309
313
314
313
309
308
313
385
388
385
313
311
386
387
311
387
312
312
387
315
389
315
387
313
314
317
313
317
316
313
316
390
313
390
388
315
389
391
315
391
318
316
317
319
320
319
317
316
319
390
392
390
319
318
391
321
394
321
391
319
320
393
319
393
392
320
322
393
395
393
322
321
394
396
321
396
324
322
323
326
327
326
323
322
326
395
398
395
326
324
325
328
329
328
325
324
396
325
397
325
396
325
397
400
325
400
329
326
327
398
399
398
327
327
330
402
327
402
399
328
329
331
332
331
329
329
400
403
329
403
332
330
333
402
404
402
333
332
403
334
405
334
403
333
335
406
333
406
404
334
405
336
407
336
405
335
337
409
335
409
406
336
407
338
410
338
407
337
339
412
337
412
409
338
410
341
413
341
410
339
340
344
339
344
343
339
343
415
339
415
412
341
413
414
341
414
342
342
414
347
417
347
414
343
344
349
343
349
348
343
348
418
343
418
415
345
346
352
345
352
351
346
347
416
417
416
347
346
416
352
420
352
416
348
349
353
354
353
349
348
353
418
421
418
353
349
350
355
349
355
354
351
352
420
351
420
419
351
419
424
351
424
356
353
354
422
353
422
421
354
355
422
423
422
355
355
358
427
355
427
423
356
424
357
425
357
424
357
425
429
357
429
361
358
359
362
363
362
359
358
362
427
431
427
362
359
360
364
359
364
363
361
429
433
361
433
365
362
363
431
432
431
363
363
364
367
363
367
366
363
366
434
363
434
432
364
365
367
368
367
365
365
433
436
365
436
368
366
367
434
435
434
367
367
368
436
367
436
435
369
441
442
369
442
370
369
373
445
369
445
441
370
371
374
375
374
371
370
442
371
443
371
442
371
443
446
371
446
375
372
444
373
445
373
444
372
376
444
448
444
376
374
375
377
378
377
375
375
446
449
375
449
378
376
381
448
452
448
381
378
449
379
450
379
449
379
450
453
379
453
382
380
451
381
452
381
451
380
383
451
454
451
383
382
453
384
455
384
453
383
385
456
383
456
454
384
455
386
457
386
455
385
388
459
385
459
456
386
457
387
458
387
457
387
458
460
387
460
389
388
390
459
461
459
390
389
460
462
389
462
391
390
392
461
463
461
392
391
462
465
391
465
394
392
393
463
464
463
393
393
395
467
393
467
464
394
465
396
468
396
465
395
398
471
395
471
467
396
468
397
469
397
468
397
469
473
397
473
400
398
399
401
402
401
399
398
401
471
474
471
401
400
473
403
477
403
473
401
402
475
401
475
474
402
404
475
478
475
404
403
477
479
403
479
405
404
406
478
480
478
406
405
479
481
405
481
407
406
409
480
483
480
409
407
408
411
407
411
410
407
481
482
407
482
408
408
482
411
484
411
482
409
412
485
409
485
483
410
411
413
414
413
411
411
484
486
411
486
414
412
415
485
487
485
415
414
486
417
489
417
486
415
418
490
415
490
487
416
417
488
489
488
417
416
488
420
492
420
488
418
421
490
494
490
421
419
420
492
419
492
491
419
491
496
419
496
424
421
422
495
421
495
494
422
423
426
427
426
423
422
426
495
499
495
426
424
428
425
429
425
428
424
496
428
500
428
496
426
427
430
431
430
427
426
430
499
502
499
430
428
500
429
501
429
500
429
501
506
429
506
433
430
431
502
503
502
431
431
432
504
431
504
503
432
434
504
509
504
434
433
506
510
433
510
436
434
435
437
438
437
435
434
437
509
513
509
437
435
436
439
435
439
438
436
510
439
515
439
510
437
438
514
437
514
513
438
439
514
515
514
439
440
441
444
445
444
441
440
516
441
517
441
516
440
444
516
520
516
444
441
517
518
441
518
442
442
518
443
519
443
518
443
519
521
443
521
446
444
448
520
523
520
448
446
521
449
524
449
521
447
448
452
447
452
451
447
522
523
447
523
448
447
451
526
447
526
522
449
524
525
449
525
450
450
525
453
527
453
525
451
454
528
451
528
526
453
527
529
453
529
455
454
456
528
531
528
456
455
529
532
455
532
457
456
459
531
535
531
459
457
532
533
457
533
458
458
533
460
536
460
533
459
461
538
459
538
535
460
536
462
539
462
536
461
463
540
461
540
538
462
539
465
541
465
539
463
464
467
463
467
466
463
466
542
463
542
540
465
541
543
465
543
468
466
467
470
471
470
467
466
470
542
544
542
470
468
472
469
473
469
472
468
543
472
546
472
543
470
471
544
545
544
471
471
474
547
471
547
545
472
476
473
477
473
476
472
546
476
549
476
546
474
475
547
548
547
475
475
478
552
475
552
548
476
549
477
550
477
549
477
550
553
477
553
479
478
480
552
556
552
480
479
553
557
479
557
481
480
483
556
560
556
483
481
557
558
481
558
482
482
558
484
561
484
558
483
485
564
483
564
560
484
561
486
565
486
561
485
487
568
485
568
564
486
565
489
569
489
565
487
490
573
487
573
568
488
489
492
493
492
489
489
569
574
489
574
493
490
494
573
578
573
494
491
492
497
491
497
496
492
493
497
498
497
493
493
574
582
493
582
498
494
495
578
579
578
495
495
499
586
495
586
579
496
497
580
581
580
497
496
580
500
587
500
580
497
498
582
497
582
581
499
502
591
499
591
586
500
505
501
506
501
505
500
587
505
592
505
587
502
503
507
508
507
503
502
507
591
596
591
507
503
504
509
503
509
508
505
592
593
505
593
506
506
593
510
598
510
593
507
508
512
507
512
511
507
511
599
507
599
596
508
509
512
513
512
509
510
598
515
603
515
598
511
512
600
511
600
599
512
513
600
601
600
513
513
514
602
513
602
601
514
515
602
603
602
515
516
606
517
607
517
606
516
520
606
610
606
520
517
607
608
517
608
518
518
608
519
609
519
608
519
609
611
519
611
521
520
523
610
614
610
523
521
611
615
521
615
524
522
613
523
614
523
613
522
526
613
618
613
526
524
615
525
616
525
615
525
616
619
525
619
527
526
528
618
621
618
528
527
619
622
527
622
529
528
531
621
624
621
531
529
622
625
529
625
532
530
531
534
535
534
531
530
623
531
624
531
623
530
534
623
627
623
534
532
625
533
626
533
625
533
626
628
533
628
536
534
535
537
538
537
535
534
537
627
629
627
537
536
628
539
631
539
628
537
538
630
537
630
629
538
540
630
633
630
540
539
631
634
539
634
541
540
542
633
635
633
542
541
634
636
541
636
543
542
544
635
637
635
544
543
636
639
543
639
546
544
545
637
638
637
545
545
547
641
545
641
638
546
639
549
643
549
639
547
548
642
547
642
641
548
552
642
646
642
552
549
643
644
549
644
550
550
551
553
554
553
551
550
644
551
645
551
644
551
645
647
551
647
554
552
556
646
649
646
556
553
554
558
553
558
557
554
555
558
559
558
555
554
647
555
648
555
647
555
648
650
555
650
559
556
560
649
652
649
560
558
559
561
562
561
559
559
650
653
559
653
562
560
564
652
655
652
564
561
562
566
561
566
565
562
563
566
567
566
563
562
653
563
654
563
653
563
654
656
563
656
567
564
568
655
657
655
568
565
566
570
565
570
569
566
567
570
571
570
567
567
656
658
567
658
571
568
573
657
660
657
573
569
570
575
569
575
574
570
571
575
576
575
571
571
658
662
571
662
576
572
573
577
578
577
573
572
659
573
660
573
659
572
577
659
663
659
577
574
575
582
583
582
575
575
576
662
575
662
661
575
661
666
575
666
583
577
578
585
577
585
584
577
584
667
577
667
663
578
579
585
586
585
579
580
581
587
588
587
581
581
582
665
581
665
664
581
664
669
581
669
588
582
583
665
666
665
583
584
585
589
590
589
585
584
589
667
670
667
589
585
586
591
585
591
590
587
588
669
587
669
668
587
668
671
587
671
592
589
590
595
589
595
594
589
594
673
589
673
670
590
591
595
596
595
591
592
597
593
598
593
597
592
671
597
676
597
671
594
595
673
674
673
595
595
596
675
595
675
674
596
599
675
678
675
599
597
676
677
597
677
598
598
677
603
682
603
677
599
600
679
599
679
678
600
601
679
680
679
601
601
602
681
601
681
680
602
603
604
605
604
603
602
604
681
684
681
604
603
682
685
603
685
605
604
605
684
685
684
605
606
687
607
688
607
687
606
610
687
693
687
610
607
688
689
607
689
608
608
689
609
690
609
689
609
690
694
609
694
611
610
614
693
697
693
614
611
694
698
611
698
615
612
613
617
618
617
613
612
695
613
696
613
695
612
617
695
700
695
617
613
696
697
613
697
614
615
698
699
615
699
616
616
699
619
701
619
699
617
618
621
617
621
620
617
620
703
617
703
700
619
701
704
619
704
622
620
621
623
624
623
621
620
623
703
706
703
623
622
704
625
707
625
704
623
627
710
623
710
706
625
707
708
625
708
626
626
708
628
711
628
708
627
629
712
627
712
710
628
711
631
713
631
711
629
630
633
629
633
632
629
632
714
629
714
712
631
713
716
631
716
634
632
633
714
715
714
633
633
635
717
633
717
715
634
716
636
718
636
716
635
637
719
635
719
717
636
718
639
720
639
718
637
638
641
637
641
640
637
640
721
637
721
719
639
720
724
639
724
643
640
641
721
722
721
641
641
642
723
641
723
722
642
646
723
727
723
646
643
724
725
643
725
644
644
725
645
726
645
725
645
726
728
645
728
647
646
649
727
730
727
649
647
728
729
647
729
648
648
729
650
731
650
729
649
652
733
649
733
730
650
651
653
654
653
651
650
731
651
732
651
731
651
732
734
651
734
654
652
655
733
735
733
655
654
734
656
736
656
734
655
657
737
655
737
735
656
736
658
738
658
736
657
660
740
657
740
737
658
738
662
742
662
738
659
739
740
659
740
660
659
663
743
659
743
739
661
662
742
661
742
741
661
741
746
661
746
666
663
667
747
663
747
743
664
665
744
745
744
665
664
744
669
748
669
744
665
666
746
665
746
745
667
670
749
667
749
747
668
669
671
672
671
669
669
748
752
669
752
672
670
673
749
753
749
673
671
672
752
671
752
751
671
751
757
671
757
676
673
674
754
673
754
753
674
675
754
755
754
675
675
678
759
675
759
755
676
757
677
758
677
757
677
758
763
677
763
682
678
679
759
760
759
679
679
680
761
679
761
760
680
681
683
684
683
681
680
683
761
764
761
683
682
763
685
766
685
763
683
684
765
683
765
764
684
685
765
766
765
685
686
687
692
693
692
687
686
770
687
771
687
770
686
692
770
776
770
692
687
771
772
687
772
688
688
772
689
773
689
772
689
773
774
689
774
690
690
774
694
777
694
774
691
692
696
691
696
695
691
775
776
691
776
692
691
695
778
691
778
775
692
693
696
697
696
693
694
777
698
779
698
777
695
700
782
695
782
778
698
779
699
780
699
779
699
780
783
699
783
701
700
703
782
786
782
703
701
783
787
701
787
704
702
703
705
706
705
703
702
785
703
786
703
785
702
705
785
789
785
705
704
787
707
790
707
787
705
706
710
705
710
709
705
709
793
705
793
789
707
790
791
707
791
708
708
791
711
795
711
791
709
710
794
709
794
793
710
712
794
797
794
712
711
795
798
711
798
713
712
714
797
800
797
714
713
798
802
713
802
716
714
715
800
801
800
715
715
717
803
715
803
801
716
802
718
804
718
802
717
719
805
717
805
803
718
804
720
806
720
804
719
721
807
719
807
805
720
806
724
810
724
806
721
722
808
721
808
807
722
723
808
809
808
723
723
727
813
723
813
809
724
810
725
811
725
810
725
811
812
725
812
726
726
812
728
814
728
812
727
730
816
727
816
813
728
814
729
815
729
814
729
815
817
729
817
731
730
733
816
819
816
733
731
817
818
731
818
732
732
818
734
820
734
818
733
735
821
733
821
819
734
820
736
822
736
820
735
737
823
735
823
821
736
822
738
824
738
822
737
740
826
737
826
823
738
824
742
828
742
824
739
825
826
739
826
740
739
743
829
739
829
825
741
742
828
741
828
827
741
827
832
741
832
746
743
747
834
743
834
829
744
745
830
831
830
745
744
830
748
835
748
830
745
746
832
745
832
831
747
749
836
747
836
834
748
835
752
839
752
835
749
753
840
749
840
836
750
756
751
757
751
756
750
751
837
838
837
751
750
837
756
844
756
837
751
752
839
751
839
838
753
754
841
753
841
840
754
755
841
842
841
755
755
759
845
755
845
842
756
761
757
762
757
761
756
844
761
847
761
844
757
762
763
757
763
758
759
760
846
759
846
845
760
761
846
847
846
761
761
764
765
761
765
762
762
765
763
766
763
765
767
768
772
767
772
771
767
848
849
767
849
768
767
771
852
767
852
848
768
769
772
773
772
769
768
849
769
850
769
849
769
850
853
769
853
773
770
851
771
852
771
851
770
776
851
856
851
776
773
853
854
773
854
774
774
854
777
857
777
854
775
855
856
775
856
776
775
778
858
775
858
855
777
857
859
777
859
779
778
782
858
862
858
782
779
859
860
779
860
780
780
860
783
863
783
860
781
782
786
781
786
785
781
861
862
781
862
782
781
785
865
781
865
861
783
863
866
783
866
787
784
785
788
789
788
785
784
864
785
865
785
864
784
788
864
867
864
788
787
866
868
787
868
790
788
789
792
793
792
789
788
792
867
870
867
792
790
868
791
869
791
868
791
869
872
791
872
795
792
793
870
871
870
793
793
794
797
793
797
796
793
796
873
793
873
871
795
872
874
795
874
798
796
797
799
800
799
797
796
799
873
875
873
799
798
874
802
878
802
874
799
800
876
799
876
875
800
801
876
877
876
801
801
803
880
801
880
877
802
878
804
881
804
878
803
805
882
803
882
880
804
881
806
883
806
881
805
807
884
805
884
882
806
883
810
887
810
883
807
808
885
807
885
884
808
809
885
886
885
809
809
813
890
809
890
886
810
887
811
888
811
887
811
888
889
811
889
812
812
889
814
891
814
889
813
816
893
813
893
890
814
891
815
892
815
891
815
892
894
815
894
817
816
819
893
896
893
819
817
894
895
817
895
818
818
895
820
898
820
895
819
821
899
819
899
896
820
898
822
900
822
898
821
823
902
821
902
899
822
900
824
903
824
900
823
826
905
823
905
902
824
903
828
906
828
903
825
904
905
825
905
826
825
829
907
825
907
904
827
828
833
827
833
832
828
906
833
911
833
906
829
834
912
829
912
907
830
831
908
909
908
831
830
908
835
913
835
908
831
832
910
831
910
909
832
833
910
911
910
833
834
836
912
914
912
836
835
913
917
835
917
839
836
840
914
918
914
840
837
838
916
837
916
915
837
915
922
837
922
844
838
839
916
917
916
839
840
841
918
919
918
841
841
842
920
841
920
919
842
845
843
846
843
845
842
843
920
921
920
843
843
846
847
843
847
844
843
844
922
843
922
921
848
923
849
924
849
923
848
852
923
927
923
852
849
924
925
849
925
850
850
925
853
928
853
925
851
926
927
851
927
852
851
856
932
851
932
926
853
928
929
853
929
854
854
929
857
933
857
929
855
931
932
855
932
856
855
858
935
855
935
931
857
933
936
857
936
859
858
862
935
939
935
862
859
936
937
859
937
860
860
937
863
940
863
937
861
938
939
861
939
862
861
865
942
861
942
938
863
940
943
863
943
866
864
941
865
942
865
941
864
867
941
944
941
867
866
943
868
945
868
943
867
870
947
867
947
944
868
945
869
946
869
945
869
946
949
869
949
872
870
871
947
948
947
871
871
873
951
871
951
948
872
949
874
952
874
949
873
875
953
873
953
951
874
952
878
955
878
952
875
876
954
875
954
953
876
877
879
880
879
877
876
879
954
957
954
879
878
955
881
959
881
955
879
880
958
879
958
957
880
882
958
961
958
882
881
959
962
881
962
883
882
884
961
963
961
884
883
962
966
883
966
887
884
885
963
964
963
885
885
886
965
885
965
964
886
890
965
970
965
890
887
966
967
887
967
888
888
967
889
968
889
967
889
968
971
889
971
891
890
893
970
974
970
893
891
971
972
891
972
892
892
972
894
976
894
972
893
896
978
893
978
974
894
897
895
898
895
897
894
976
897
979
897
976
896
899
978
982
978
899
897
979
980
897
980
898
898
980
900
984
900
980
899
902
986
899
986
982
900
984
903
987
903
984
901
902
905
901
905
904
901
985
986
901
986
902
901
904
988
901
988
985
903
987
989
903
989
906
904
907
988
990
988
907
906
989
911
994
911
989
907
912
995
907
995
990
908
909
991
992
991
909
908
991
913
996
913
991
909
910
993
909
993
992
910
911
993
994
993
911
912
914
995
997
995
914
913
996
1000
913
1000
917
914
918
997
1001
997
918
915
916
999
915
999
998
915
998
1005
915
1005
922
916
917
999
1000
999
917
918
919
1001
1002
1001
919
919
920
1003
919
1003
1002
920
921
1003
1004
1003
921
921
922
1005
921
1005
1004
923
1006
1007
923
1007
924
923
927
1010
923
1010
1006
924
1007
925
1008
925
1007
925
1008
1011
925
1011
928
926
1009
927
1010
927
1009
926
932
1009
1015
1009
932
928
1011
929
1012
929
1011
929
1012
1016
929
1016
933
930
931
934
935
934
931
930
1013
931
1014
931
1013
930
934
1013
1017
1013
934
931
1014
1015
931
1015
932
933
1016
1018
933
1018
936
934
935
938
939
938
935
934
938
1017
1021
1017
938
936
1018
937
1019
937
1018
937
1019
1022
937
1022
940
938
942
1021
1024
1021
942
940
1022
943
1025
943
1022
941
1023
1024
941
1024
942
941
944
1026
941
1026
1023
943
1025
1027
943
1027
945
944
947
1026
1029
1026
947
945
1027
1028
945
1028
946
946
1028
949
1030
949
1028
947
948
951
947
951
950
947
950
1031
947
1031
1029
949
1030
1033
949
1033
952
950
951
1031
1032
1031
951
951
953
1034
951
1034
1032
952
1033
955
1035
955
1033
953
954
957
953
957
956
953
956
1036
953
1036
1034
955
1035
1038
955
1038
959
956
957
1036
1037
1036
957
957
958
961
957
961
960
957
960
1039
957
1039
1037
959
1038
1041
959
1041
962
960
961
1039
1040
1039
961
961
963
1042
961
1042
1040
962
1041
966
1044
966
1041
963
964
1043
963
1043
1042
964
965
969
970
969
965
964
969
1043
1047
1043
969
966
1044
967
1045
967
1044
967
1045
1046
967
1046
968
968
1046
971
1048
971
1046
969
970
974
969
974
973
969
973
1049
969
1049
1047
971
975
976
971
976
972
971
1048
1050
971
1050
975
973
974
978
973
978
977
973
977
1052
973
1052
1049
975
1050
1051
975
1051
976
976
1051
979
1053
979
1051
977
978
982
977
982
981
977
981
1054
977
1054
1052
979
983
984
979
984
980
979
1053
1055
979
1055
983
981
982
986
981
986
985
981
985
1057
981
1057
1054
983
1055
1056
983
1056
984
984
1056
987
1059
987
1056
985
988
1060
985
1060
1057
987
1059
1062
987
1062
989
988
990
1060
1063
1060
990
989
1062
1067
989
1067
994
990
995
1063
1068
1063
995
991
992
1065
991
1065
1064
991
1064
1071
991
1071
996
992
993
1065
1066
1065
993
993
994
1067
993
1067
1066
995
997
1072
995
1072
1068
996
1071
1000
1075
1000
1071
997
1001
1076
997
1076
1072
998
999
1073
1074
1073
999
998
1073
1005
1080
1005
1073
999
1000
1075
999
1075
1074
1001
1002
1077
1001
1077
1076
1002
1003
1077
1078
1077
1003
1003
1004
1079
1003
1079
1078
1004
1005
1079
1080
1079
1005
1006
1081
1007
1082
1007
1081
1006
1010
1081
1085
1081
1010
1007
1082
1083
1007
1083
1008
1008
1083
1011
1086
1011
1083
1009
1084
1085
1009
1085
1010
1009
1015
1090
1009
1090
1084
1011
1086
1087
1011
1087
1012
1012
1087
1016
1091
1016
1087
1013
1088
1089
1013
1089
1014
1013
1017
1093
1013
1093
1088
1014
1089
1015
1090
1015
1089
1016
1091
1018
1094
1018
1091
1017
1021
1097
1017
1097
1093
1018
1094
1019
1095
1019
1094
1019
1095
1098
1019
1098
1022
1020
1021
1023
1024
1023
1021
1020
1096
1021
1097
1021
1096
1020
1023
1096
1099
1096
1023
1022
1098
1025
1100
1025
1098
1023
1026
1101
1023
1101
1099
1025
1100
1102
1025
1102
1027
1026
1029
1101
1104
1101
1029
1027
1102
1103
1027
1103
1028
1028
1103
1030
1105
1030
1103
1029
1031
1106
1029
1106
1104
1030
1105
1033
1108
1033
1105
1031
1032
1107
1031
1107
1106
1032
1034
1107
1110
1107
1034
1033
1108
1111
1033
1111
1035
1034
1036
1110
1113
1110
1036
1035
1111
1115
1035
1115
1038
1036
1037
1113
1114
1113
1037
1037
1039
1118
1037
1118
1114
1038
1115
1041
1120
1041
1115
1039
1040
1119
1039
1119
1118
1040
1042
1119
1123
1119
1042
1041
1120
1125
1041
1125
1044
1042
1043
1123
1124
1123
1043
1043
1047
1128
1043
1128
1124
1044
1125
1045
1126
1045
1125
1045
1126
1127
1045
1127
1046
1046
1127
1048
1129
1048
1127
1047
1049
1130
1047
1130
1128
1048
1129
1050
1131
1050
1129
1049
1052
1133
1049
1133
1130
1050
1131
1051
1132
1051
1131
1051
1132
1134
1051
1134
1053
1052
1054
1133
1135
1133
1054
1053
1134
1136
1053
1136
1055
1054
1057
1135
1137
1135
1057
1055
1058
1059
1055
1059
1056
1055
1136
1138
1055
1138
1058
1057
1060
1140
1057
1140
1137
1058
1061
1059
1062
1059
1061
1058
1138
1061
1141
1061
1138
1060
1063
1140
1143
1140
1063
1061
1066
1067
1061
1067
1062
1061
1141
1146
1061
1146
1066
1063
1068
1148
1063
1148
1143
1064
1065
1144
1145
1144
1065
1064
1144
1071
1151
1071
1144
1065
1066
1146
1065
1146
1145
1068
1072
1148
1152
1148
1072
1069
1073
1074
1069
1074
1070
1069
1070
1150
1069
1150
1149
1069
1149
1155
1069
1155
1073
1070
1074
1071
1075
1071
1074
1070
1071
1150
1151
1150
1071
1072
1076
1152
1156
1152
1076
1073
1155
1160
1073
1160
1080
1076
1077
1156
1157
1156
1077
1077
1078
1158
1077
1158
1157
1078
1079
1158
1159
1158
1079
1079
1080
1160
1079
1160
1159
1081
1161
1162
1081
1162
1082
1081
1085
1165
1081
1165
1161
1082
1162
1083
1163
1083
1162
1083
1163
1166
1083
1166
1086
1084
1164
1085
1165
1085
1164
1084
1090
1164
1170
1164
1090
1086
1166
1087
1167
1087
1166
1087
1167
1171
1087
1171
1091
1088
1168
1089
1169
1089
1168
1088
1093
1168
1173
1168
1093
1089
1169
1170
1089
1170
1090
1091
1171
1174
1091
1174
1094
1092
1093
1096
1097
1096
1093
1092
1172
1093
1173
1093
1172
1092
1096
1172
1176
1172
1096
1094
1174
1095
1175
1095
1174
1095
1175
1178
1095
1178
1098
1096
1099
1176
1180
1176
1099
1098
1178
1100
1182
1100
1178
1099
1101
1184
1099
1184
1180
1100
1182
1102
1185
1102
1182
1101
1104
1188
1101
1188
1184
1102
1185
1103
1186
1103
1185
1103
1186
1190
1103
1190
1105
1104
1106
1188
1192
1188
1106
1105
1190
1194
1105
1194
1108
1106
1107
1109
1110
1109
1107
1106
1109
1192
1195
1192
1109
1108
1194
1111
1196
1111
1194
1109
1110
1113
1109
1113
1112
1109
1112
1197
1109
1197
1195
1111
1196
1198
1111
1198
1115
1112
1113
1116
1117
1116
1113
1112
1116
1197
1199
1197
1116
1113
1114
1118
1113
1118
1117
1115
1198
1202
1115
1202
1120
1116
1117
1199
1200
1199
1117
1117
1118
1201
1117
1201
1200
1118
1119
1122
1123
1122
1119
1118
1122
1201
1205
1201
1122
1120
1121
1125
1126
1125
1121
1120
1202
1121
1203
1121
1202
1121
1203
1208
1121
1208
1126
1122
1123
1205
1206
1205
1123
1123
1124
1207
1123
1207
1206
1124
1128
1207
1212
1207
1128
1126
1208
1127
1209
1127
1208
1127
1209
1213
1127
1213
1129
1128
1130
1212
1216
1212
1130
1129
1213
1217
1129
1217
1131
1130
1133
1216
1221
1216
1133
1131
1217
1218
1131
1218
1132
1132
1218
1134
1222
1134
1218
1133
1135
1225
1133
1225
1221
1134
1222
1136
1226
1136
1222
1135
1137
1229
1135
1229
1225
1136
1226
1138
1230
1138
1226
1137
1140
1233
1137
1233
1229
1138
1230
1141
1235
1141
1230
1139
1140
1143
1139
1143
1142
1139
1232
1233
1139
1233
1140
1139
1142
1237
1139
1237
1232
1141
1235
1241
1141
1241
1146
1142
1143
1147
1148
1147
1143
1142
1147
1237
1243
1237
1147
1144
1145
1239
1240
1239
1145
1144
1239
1151
1249
1151
1239
1145
1146
1241
1145
1241
1240
1147
1148
1244
1147
1244
1243
1148
1152
1244
1252
1244
1152
1149
1150
1248
1149
1248
1247
1149
1247
1256
1149
1256
1155
1150
1151
1248
1249
1248
1151
1152
1156
1153
1157
1153
1156
1152
1153
1252
1253
1252
1153
1153
1157
1158
1153
1158
1154
1153
1154
1254
1153
1254
1253
1154
1158
1254
1257
1254
1158
1155
1256
1259
1155
1259
1160
1158
1159
1257
1258
1257
1159
1159
1160
1259
1159
1259
1258
1161
1260
1261
1161
1261
1162
1161
1165
1266
1161
1266
1260
1162
1261
1163
1262
1163
1261
1163
1262
1268
1163
1268
1166
1164
1265
1165
1266
1165
1265
1164
1170
1265
1272
1265
1170
1166
1268
1167
1269
1167
1268
1167
1269
1273
1167
1273
1171
1168
1270
1169
1271
1169
1270
1168
1173
1270
1275
1270
1173
1169
1271
1272
1169
1272
1170
1171
1273
1276
1171
1276
1174
1172
1274
1173
1275
1173
1274
1172
1176
1274
1277
1274
1176
1174
1177
1175
1178
1175
1177
1174
1276
1177
1278
1177
1276
1176
1180
1277
1280
1277
1180
1177
1181
1182
1177
1182
1178
1177
1278
1281
1177
1281
1181
1179
1180
1184
1179
1184
1183
1179
1279
1280
1179
1280
1180
1179
1183
1284
1179
1284
1279
1181
1281
1282
1181
1282
1182
1182
1282
1185
1285
1185
1282
1183
1184
1188
1183
1188
1187
1183
1187
1287
1183
1287
1284
1185
1189
1190
1185
1190
1186
1185
1285
1288
1185
1288
1189
1187
1188
1192
1187
1192
1191
1187
1191
1290
1187
1290
1287
1189
1193
1194
1189
1194
1190
1189
1288
1292
1189
1292
1193
1191
1192
1291
1191
1291
1290
1192
1195
1291
1294
1291
1195
1193
1292
1293
1193
1293
1194
1194
1293
1196
1295
1196
1293
1195
1197
1296
1195
1296
1294
1196
1295
1198
1297
1198
1295
1197
1199
1298
1197
1298
1296
1198
1297
1202
1301
1202
1297
1199
1200
1299
1199
1299
1298
1200
1201
1299
1300
1299
1201
1201
1205
1306
1201
1306
1300
1202
1301
1203
1302
1203
1301
1203
1204
1209
1203
1209
1208
1203
1302
1303
1203
1303
1204
1204
1303
1209
1307
1209
1303
1205
1206
1211
1205
1211
1210
1205
1210
1309
1205
1309
1306
1206
1207
1211
1212
1211
1207
1209
1307
1310
1209
1310
1213
1210
1211
1214
1215
1214
1211
1210
1214
1309
1311
1309
1214
1211
1212
1216
1211
1216
1215
1213
1310
1312
1213
1312
1217
1214
1215
1219
1220
1219
1215
1214
1219
1311
1314
1311
1219
1215
1216
1221
1215
1221
1220
1217
1312
1313
1217
1313
1218
1218
1313
1222
1316
1222
1313
1219
1220
1224
1219
1224
1223
1219
1223
1317
1219
1317
1314
1220
1221
1224
1225
1224
1221
1222
1316
1226
1319
1226
1316
1223
1224
1228
1223
1228
1227
1223
1227
1320
1223
1320
1317
1224
1225
1228
1229
1228
1225
1226
1319
1230
1322
1230
1319
1227
1228
1232
1227
1232
1231
1227
1231
1323
1227
1323
1320
1228
1229
1232
1233
1232
1229
1230
1322
1235
1326
1235
1322
1231
1232
1237
1231
1237
1236
1231
1236
1329
1231
1329
1323
1234
1240
1235
1241
1235
1240
1234
1235
1325
1326
1325
1235
1234
1325
1240
1332
1240
1325
1236
1237
1242
1243
1242
1237
1236
1242
1329
1335
1329
1242
1238
1248
1239
1249
1239
1248
1238
1239
1330
1331
1330
1239
1238
1330
1248
1341
1248
1330
1239
1240
1332
1239
1332
1331
1242
1243
1250
1251
1250
1243
1242
1250
1335
1344
1335
1250
1243
1244
1337
1243
1337
1336
1243
1336
1345
1243
1345
1251
1244
1252
1245
1253
1245
1252
1244
1245
1337
1338
1337
1245
1245
1253
1254
1245
1254
1246
1245
1246
1339
1245
1339
1338
1246
1254
1339
1346
1339
1254
1247
1248
1341
1247
1341
1340
1247
1340
1348
1247
1348
1256
1250
1251
1344
1345
1344
1251
1254
1257
1255
1258
1255
1257
1254
1255
1346
1347
1346
1255
1255
1258
1259
1255
1259
1256
1255
1256
1348
1255
1348
1347
1260
1266
1261
1267
1261
1266
1261
1267
1268
1261
1268
1262
1263
1264
1271
1263
1271
1270
1263
1349
1350
1263
1350
1264
1263
1270
1356
1263
1356
1349
1264
1265
1271
1272
1271
1265
1264
1350
1265
1351
1265
1350
1265
1351
1352
1265
1352
1266
1266
1352
1267
1353
1267
1352
1267
1353
1354
1267
1354
1268
1268
1354
1269
1355
1269
1354
1269
1355
1358
1269
1358
1273
1270
1275
1356
1360
1356
1275
1273
1358
1361
1273
1361
1276
1274
1359
1275
1360
1275
1359
1274
1277
1359
1362
1359
1277
1276
1361
1278
1363
1278
1361
1277
1280
1365
1277
1365
1362
1278
1363
1281
1366
1281
1363
1279
1364
1365
1279
1365
1280
1279
1284
1369
1279
1369
1364
1281
1366
1367
1281
1367
1282
1282
1367
1285
1371
1285
1367
1283
1284
1287
1283
1287
1286
1283
1368
1369
1283
1369
1284
1283
1286
1372
1283
1372
1368
1285
1371
1374
1285
1374
1288
1286
1287
1289
1290
1289
1287
1286
1289
1372
1375
1372
1289
1288
1374
1292
1379
1292
1374
1289
1290
1376
1289
1376
1375
1290
1291
1376
1377
1376
1291
1291
1294
1383
1291
1383
1377
1292
1379
1293
1380
1293
1379
1293
1380
1385
1293
1385
1295
1294
1296
1383
1388
1383
1296
1295
1385
1390
1295
1390
1297
1296
1298
1388
1393
1388
1298
1297
1390
1394
1297
1394
1301
1298
1299
1304
1305
1304
1299
1298
1304
1393
1397
1393
1304
1299
1300
1306
1299
1306
1305
1301
1394
1395
1301
1395
1302
1302
1395
1303
1396
1303
1395
1303
1396
1401
1303
1401
1307
1304
1305
1397
1398
1397
1305
1305
1306
1309
1305
1309
1308
1305
1308
1403
1305
1403
1398
1307
1401
1405
1307
1405
1310
1308
1309
1403
1404
1403
1309
1309
1311
1408
1309
1408
1404
1310
1405
1312
1409
1312
1405
1311
1314
1411
1311
1411
1408
1312
1315
1313
1316
1313
1315
1312
1409
1315
1412
1315
1409
1314
1317
1411
1414
1411
1317
1315
1318
1319
1315
1319
1316
1315
1412
1415
1315
1415
1318
1317
1320
1418
1317
1418
1414
1318
1321
1319
1322
1319
1321
1318
1415
1321
1419
1321
1415
1320
1323
1418
1422
1418
1323
1321
1325
1326
1321
1326
1322
1321
1419
1425
1321
1425
1325
1323
1329
1428
1323
1428
1422
1324
1331
1325
1332
1325
1331
1324
1325
1424
1425
1424
1325
1324
1424
1331
1433
1331
1424
1327
1328
1334
1327
1334
1333
1327
1426
1427
1327
1427
1328
1327
1333
1434
1327
1434
1426
1328
1329
1334
1335
1334
1329
1328
1427
1329
1428
1329
1427
1330
1331
1432
1433
1432
1331
1330
1432
1341
1441
1341
1432
1333
1334
1343
1333
1343
1342
1333
1342
1442
1333
1442
1434
1334
1335
1343
1344
1343
1335
1336
1337
1435
1436
1435
1337
1336
1435
1345
1445
1345
1435
1337
1338
1437
1337
1437
1436
1338
1339
1437
1438
1437
1339
1339
1346
1447
1339
1447
1438
1340
1341
1440
1441
1440
1341
1340
1440
1348
1449
1348
1440
1342
1343
1442
1443
1442
1343
1343
1344
1444
1343
1444
1443
1344
1345
1444
1445
1444
1345
1346
1347
1447
1448
1447
1347
1347
1348
1449
1347
1449
1448
1349
1450
1451
1349
1451
1350
1349
1356
1456
1349
1456
1450
1350
1451
1351
1452
1351
1451
1351
1452
1453
1351
1453
1352
1352
1453
1353
1454
1353
1453
1353
1454
1455
1353
1455
1354
1354
1357
1355
1358
1355
1357
1354
1455
1357
1457
1357
1455
1356
1360
1456
1460
1456
1360
1357
1457
1458
1357
1458
1358
1358
1458
1361
1462
1361
1458
1359
1459
1460
1359
1460
1360
1359
1362
1464
1359
1464
1459
1361
1462
1467
1361
1467
1363
1362
1365
1464
1469
1464
1365
1363
1467
1470
1363
1470
1366
1364
1468
1365
1469
1365
1468
1364
1369
1468
1472
1468
1369
1366
1370
1367
1371
1367
1370
1366
1470
1370
1473
1370
1470
1368
1471
1369
1472
1369
1471
1368
1372
1471
1474
1471
1372
1370
1373
1371
1374
1371
1373
1370
1473
1373
1475
1373
1473
1372
1375
1474
1476
1474
1375
1373
1378
1379
1373
1379
1374
1373
1475
1477
1373
1477
1378
1375
1376
1382
1375
1382
1381
1375
1381
1479
1375
1479
1476
1376
1377
1382
1383
1382
1377
1378
1477
1379
1478
1379
1477
1379
1384
1385
1379
1385
1380
1379
1478
1480
1379
1480
1384
1381
1382
1387
1381
1387
1386
1381
1386
1481
1381
1481
1479
1382
1383
1387
1388
1387
1383
1384
1389
1385
1390
1385
1389
1384
1480
1389
1482
1389
1480
1386
1387
1391
1392
1391
1387
1386
1391
1481
1484
1481
1391
1387
1388
1393
1387
1393
1392
1389
1482
1483
1389
1483
1390
1390
1483
1394
1488
1394
1483
1391
1392
1485
1391
1485
1484
1392
1393
1485
1486
1485
1393
1393
1397
1490
1393
1490
1486
1394
1399
1395
1400
1395
1399
1394
1488
1399
1491
1399
1488
1395
1400
1401
1395
1401
1396
1397
1398
1403
1397
1403
1402
1397
1402
1494
1397
1494
1490
1399
1491
1492
1399
1492
1400
1400
1492
1401
1493
1401
1492
1401
1493
1497
1401
1497
1405
1402
1403
1406
1407
1406
1403
1402
1406
1494
1498
1494
1406
1403
1404
1408
1403
1408
1407
1405
1497
1502
1405
1502
1409
1406
1407
1498
1499
1498
1407
1407
1408
1411
1407
1411
1410
1407
1410
1504
1407
1504
1499
1409
1502
1505
1409
1505
1412
1410
1411
1413
1414
1413
1411
1410
1413
1504
1508
1504
1413
1412
1505
1415
1509
1415
1505
1413
1414
1418
1413
1418
1417
1413
1417
1512
1413
1512
1508
1415
1509
1514
1415
1514
1419
1416
1417
1420
1421
1420
1417
1416
1511
1417
1512
1417
1511
1416
1420
1511
1515
1511
1420
1417
1418
1422
1417
1422
1421
1419
1514
1518
1419
1518
1425
1420
1421
1426
1427
1426
1421
1420
1426
1515
1521
1515
1426
1421
1422
1428
1421
1428
1427
1423
1432
1433
1423
1433
1424
1423
1424
1517
1423
1517
1516
1423
1516
1525
1423
1525
1432
1424
1425
1517
1518
1517
1425
1426
1434
1521
1528
1521
1434
1429
1438
1439
1429
1439
1430
1429
1430
1523
1429
1523
1522
1429
1522
1531
1429
1531
1438
1430
1439
1431
1440
1431
1439
1430
1431
1523
1524
1523
1431
1431
1440
1441
1431
1441
1432
1431
1432
1525
1431
1525
1524
1434
1442
1528
1534
1528
1442
1435
1436
1446
1435
1446
1445
1436
1437
1529
1530
1529
1437
1436
1529
1446
1538
1446
1529
1437
1438
1531
1437
1531
1530
1438
1447
1439
1448
1439
1447
1439
1448
1449
1439
1449
1440
1442
1443
1534
1535
1534
1443
1443
1444
1536
1443
1536
1535
1444
1445
1536
1537
1536
1445
1445
1446
1538
1445
1538
1537
1450
1548
1451
1549
1451
1548
1450
1456
1548
1554
1548
1456
1451
1549
1550
1451
1550
1452
1452
1550
1453
1551
1453
1550
1453
1551
1552
1453
1552
1454
1454
1552
1455
1553
1455
1552
1455
1553
1555
1455
1555
1457
1456
1460
1554
1556
1554
1460
1457
1461
1462
1457
1462
1458
1457
1555
1557
1457
1557
1461
1459
1464
1465
1459
1465
1460
1460
1465
1556
1560
1556
1465
1461
1466
1467
1461
1467
1462
1461
1557
1561
1461
1561
1466
1463
1464
1469
1463
1469
1468
1463
1558
1559
1463
1559
1464
1463
1468
1563
1463
1563
1558
1464
1559
1465
1560
1465
1559
1466
1561
1467
1562
1467
1561
1467
1562
1564
1467
1564
1470
1468
1472
1563
1566
1563
1472
1470
1564
1473
1567
1473
1564
1471
1565
1566
1471
1566
1472
1471
1474
1568
1471
1568
1565
1473
1567
1570
1473
1570
1475
1474
1476
1568
1571
1568
1476
1475
1570
1572
1475
1572
1477
1476
1479
1571
1574
1571
1479
1477
1572
1573
1477
1573
1478
1478
1573
1480
1575
1480
1573
1479
1481
1576
1479
1576
1574
1480
1575
1482
1577
1482
1575
1481
1484
1578
1481
1578
1576
1482
1487
1483
1488
1483
1487
1482
1577
1487
1580
1487
1577
1484
1485
1578
1579
1578
1485
1485
1486
1490
1485
1490
1489
1485
1489
1583
1485
1583
1579
1487
1580
1581
1487
1581
1488
1488
1581
1491
1585
1491
1581
1489
1490
1584
1489
1584
1583
1490
1494
1584
1588
1584
1494
1491
1495
1496
1491
1496
1492
1491
1585
1589
1491
1589
1495
1492
1496
1493
1497
1493
1496
1494
1498
1588
1591
1588
1498
1495
1500
1501
1495
1501
1496
1495
1589
1592
1495
1592
1500
1496
1501
1497
1502
1497
1501
1498
1499
1503
1504
1503
1499
1498
1503
1591
1596
1591
1503
1500
1592
1501
1593
1501
1592
1501
1593
1594
1501
1594
1502
1502
1594
1505
1599
1505
1594
1503
1504
1508
1503
1508
1507
1503
1507
1603
1503
1603
1596
1505
1506
1510
1505
1510
1509
1505
1599
1600
1505
1600
1506
1506
1600
1510
1606
1510
1600
1507
1508
1512
1507
1512
1511
1507
1511
1610
1507
1610
1603
1509
1510
1606
1509
1606
1605
1509
1605
1613
1509
1613
1514
1511
1515
1617
1511
1617
1610
1513
1517
1518
1513
1518
1514
1513
1514
1613
1513
1613
1612
1513
1612
1619
1513
1619
1517
1515
1521
1623
1515
1623
1617
1516
1517
1618
1619
1618
1517
1516
1618
1525
1627
1525
1618
1519
1520
1527
1519
1527
1526
1519
1621
1622
1519
1622
1520
1519
1526
1629
1519
1629
1621
1520
1521
1527
1528
1527
1521
1520
1622
1521
1623
1521
1622
1522
1523
1624
1625
1624
1523
1522
1624
1531
1632
1531
1624
1523
1524
1626
1523
1626
1625
1524
1525
1626
1627
1626
1525
1526
1527
1532
1533
1532
1527
1526
1532
1629
1634
1629
1532
1527
1528
1534
1527
1534
1533
1529
1530
1631
1529
1631
1630
1529
1630
1636
1529
1636
1538
1530
1531
1631
1632
1631
1531
1532
1533
1539
1540
1539
1533
1532
1539
1634
1639
1634
1539
1533
1534
1541
1533
1541
1540
1534
1535
1541
1542
1541
1535
1535
1536
1543
1535
1543
1542
1536
1537
1543
1544
1543
1537
1537
1538
1636
1537
1636
1635
1537
1635
1644
1537
1644
1544
1539
1540
1640
1539
1640
1639
1540
1541
1640
1641
1640
1541
1541
1542
1642
1541
1642
1641
1542
1543
1642
1643
1642
1543
1543
1544
1644
1543
1644
1643
1545
1546
1549
1545
1549
1548
1545
1645
1646
1545
1646
1546
1545
1548
1648
1545
1648
1645
1546
1547
1549
1550
1549
1547
1546
1646
1547
1647
1547
1646
1547
1647
1650
1547
1650
1550
1548
1554
1648
1654
1648
1554
1550
1650
1551
1651
1551
1650
1551
1651
1652
1551
1652
1552
1552
1652
1553
1653
1553
1652
1553
1653
1658
1553
1658
1555
1554
1556
1654
1659
1654
1556
1555
1658
1661
1555
1661
1557
1556
1560
1659
1664
1659
1560
1557
1661
1665
1557
1665
1561
1558
1662
1559
1663
1559
1662
1558
1563
1662
1667
1662
1563
1559
1663
1664
1559
1664
1560
1561
1665
1666
1561
1666
1562
1562
1666
1564
1669
1564
1666
1563
1566
1670
1563
1670
1667
1564
1669
1567
1672
1567
1669
1565
1568
1569
1565
1569
1566
1566
1569
1670
1674
1670
1569
1567
1672
1675
1567
1675
1570
1568
1673
1569
1674
1569
1673
1568
1571
1673
1676
1673
1571
1570
1675
1572
1677
1572
1675
1571
1574
1679
1571
1679
1676
1572
1677
1573
1678
1573
1677
1573
1678
1681
1573
1681
1575
1574
1576
1679
1682
1679
1576
1575
1681
1683
1575
1683
1577
1576
1578
1682
1684
1682
1578
1577
1683
1685
1577
1685
1580
1578
1579
1582
1583
1582
1579
1578
1582
1684
1687
1684
1582
1580
1685
1581
1686
1581
1685
1581
1686
1689
1581
1689
1585
1582
1583
1586
1587
1586
1583
1582
1586
1687
1690
1687
1586
1583
1584
1588
1583
1588
1587
1585
1689
1692
1585
1692
1589
1586
1587
1690
1691
1690
1587
1587
1588
1591
1587
1591
1590
1587
1590
1695
1587
1695
1691
1589
1692
1696
1589
1696
1592
1590
1591
1595
1596
1595
1591
1590
1595
1695
1699
1695
1595
1592
1597
1593
1598
1593
1597
1592
1696
1597
1700
1597
1696
1593
1598
1599
1593
1599
1594
1595
1596
1603
1595
1603
1602
1595
1602
1704
1595
1704
1699
1597
1700
1701
1597
1701
1598
1598
1604
1599
1605
1599
1604
1598
1701
1604
1706
1604
1701
1599
1605
1606
1599
1606
1600
1601
1602
1609
1601
1609
1608
1601
1703
1704
1601
1704
1602
1601
1608
1709
1601
1709
1703
1602
1603
1609
1610
1609
1603
1604
1612
1605
1613
1605
1612
1604
1706
1612
1711
1612
1706
1607
1608
1615
1607
1615
1614
1607
1708
1709
1607
1709
1608
1607
1614
1714
1607
1714
1708
1608
1609
1615
1616
1615
1609
1609
1610
1617
1609
1617
1616
1611
1618
1619
1611
1619
1612
1611
1612
1711
1611
1711
1710
1611
1710
1715
1611
1715
1618
1614
1615
1620
1621
1620
1615
1614
1620
1714
1718
1714
1620
1615
1616
1622
1615
1622
1621
1616
1617
1622
1623
1622
1617
1618
1715
1627
1723
1627
1715
1620
1621
1628
1629
1628
1621
1620
1628
1718
1726
1718
1628
1624
1625
1720
1721
1720
1625
1624
1720
1632
1729
1632
1720
1625
1626
1722
1625
1722
1721
1626
1627
1722
1723
1722
1627
1628
1629
1633
1634
1633
1629
1628
1633
1726
1732
1726
1633
1630
1631
1636
1637
1636
1631
1631
1632
1729
1631
1729
1728
1631
1728
1735
1631
1735
1637
1633
1634
1639
1633
1639
1638
1633
1638
1738
1633
1738
1732
1635
1636
1734
1635
1734
1733
1635
1733
1744
1635
1744
1644
1636
1637
1734
1735
1734
1637
1638
1639
1738
1739
1738
1639
1639
1640
1740
1639
1740
1739
1640
1641
1740
1741
1740
1641
1641
1642
1742
1641
1742
1741
1642
1643
1742
1743
1742
1643
1643
1644
1744
1643
1744
1743
1645
1648
1649
1645
1649
1646
1646
1649
1647
1650
1647
1649
1648
1654
1649
1655
1649
1654
1649
1750
1751
1649
1751
1650
1649
1655
1754
1649
1754
1750
1650
1751
1651
1752
1651
1751
1651
1656
1657
1651
1657
1652
1651
1752
1756
1651
1756
1656
1652
1657
1653
1658
1653
1657
1654
1753
1655
1754
1655
1753
1654
1659
1753
1758
1753
1659
1656
1756
1657
1757
1657
1756
1657
1660
1661
1657
1661
1658
1657
1757
1760
1657
1760
1660
1659
1664
1764
1659
1764
1758
1660
1760
1661
1761
1661
1760
1661
1761
1766
1661
1766
1665
1662
1762
1663
1763
1663
1762
1662
1667
1762
1767
1762
1667
1663
1763
1764
1663
1764
1664
1665
1668
1669
1665
1669
1666
1665
1766
1768
1665
1768
1668
1667
1670
1769
1667
1769
1767
1668
1671
1669
1672
1669
1671
1668
1768
1671
1770
1671
1768
1670
1674
1769
1773
1769
1674
1671
1770
1771
1671
1771
1672
1672
1771
1675
1774
1675
1771
1673
1772
1773
1673
1773
1674
1673
1676
1775
1673
1775
1772
1675
1774
1776
1675
1776
1677
1676
1679
1775
1778
1775
1679
1677
1680
1681
1677
1681
1678
1677
1776
1779
1677
1779
1680
1679
1682
1782
1679
1782
1778
1680
1779
1681
1780
1681
1779
1681
1780
1784
1681
1784
1683
1682
1684
1782
1786
1782
1684
1683
1784
1788
1683
1788
1685
1684
1687
1786
1790
1786
1687
1685
1688
1689
1685
1689
1686
1685
1788
1792
1685
1792
1688
1687
1690
1795
1687
1795
1790
1688
1792
1689
1793
1689
1792
1689
1793
1797
1689
1797
1692
1690
1691
1694
1695
1694
1691
1690
1694
1795
1799
1795
1694
1692
1797
1696
1802
1696
1797
1693
1694
1698
1693
1698
1697
1693
1798
1799
1693
1799
1694
1693
1697
1803
1693
1803
1798
1694
1695
1698
1699
1698
1695
1696
1802
1700
1806
1700
1802
1697
1698
1703
1697
1703
1702
1697
1702
1807
1697
1807
1803
1698
1699
1703
1704
1703
1699
1700
1705
1701
1706
1701
1705
1700
1806
1705
1810
1705
1806
1702
1703
1708
1709
1708
1703
1702
1708
1807
1813
1807
1708
1705
1710
1711
1705
1711
1706
1705
1810
1816
1705
1816
1710
1707
1708
1714
1707
1714
1713
1707
1812
1813
1707
1813
1708
1707
1713
1819
1707
1819
1812
1710
1816
1715
1824
1715
1816
1712
1713
1716
1717
1716
1713
1712
1818
1713
1819
1713
1818
1712
1716
1818
1826
1818
1716
1713
1714
1718
1713
1718
1717
1715
1824
1831
1715
1831
1723
1716
1717
1724
1725
1724
1717
1716
1724
1826
1834
1826
1724
1717
1718
1726
1717
1726
1725
1719
1728
1729
1719
1729
1720
1719
1720
1828
1719
1828
1827
1719
1827
1836
1719
1836
1728
1720
1721
1828
1829
1828
1721
1721
1722
1830
1721
1830
1829
1722
1723
1830
1831
1830
1723
1724
1725
1730
1731
1730
1725
1724
1730
1834
1839
1834
1730
1725
1726
1732
1725
1732
1731
1727
1734
1735
1727
1735
1728
1727
1728
1836
1727
1836
1835
1727
1835
1841
1727
1841
1734
1730
1731
1736
1737
1736
1731
1730
1736
1839
1844
1839
1736
1731
1732
1738
1731
1738
1737
1733
1734
1841
1733
1841
1840
1733
1840
1849
1733
1849
1744
1736
1737
1745
1746
1745
1737
1736
1745
1844
1852
1844
1745
1737
1738
1747
1737
1747
1746
1738
1739
1747
1748
1747
1739
1739
1740
1749
1739
1749
1748
1740
1741
1845
1846
1845
1741
1740
1845
1749
1856
1749
1845
1741
1742
1847
1741
1847
1846
1742
1743
1847
1848
1847
1743
1743
1744
1849
1743
1849
1848
1745
1746
1853
1745
1853
1852
1746
1747
1853
1854
1853
1747
1747
1748
1855
1747
1855
1854
1748
1749
1855
1856
1855
1749
1750
1754
1751
1755
1751
1754
1751
1755
1756
1751
1756
1752
1753
1857
1858
1753
1858
1754
1753
1758
1861
1753
1861
1857
1754
1858
1755
1859
1755
1858
1755
1859
1860
1755
1860
1756
1756
1759
1757
1760
1757
1759
1756
1860
1759
1862
1759
1860
1758
1764
1861
1866
1861
1764
1759
1862
1863
1759
1863
1760
1760
1765
1761
1766
1761
1765
1760
1863
1765
1867
1765
1863
1762
1864
1763
1865
1763
1864
1762
1767
1864
1869
1864
1767
1763
1865
1866
1763
1866
1764
1765
1867
1868
1765
1868
1766
1766
1868
1768
1872
1768
1868
1767
1769
1873
1767
1873
1869
1768
1872
1770
1874
1770
1872
1769
1773
1877
1769
1877
1873
1770
1874
1771
1875
1771
1874
1771
1875
1879
1771
1879
1774
1772
1876
1773
1877
1773
1876
1772
1775
1876
1880
1876
1775
1774
1879
1776
1881
1776
1879
1775
1778
1883
1775
1883
1880
1776
1881
1779
1884
1779
1881
1777
1778
1782
1777
1782
1781
1777
1882
1883
1777
1883
1778
1777
1781
1885
1777
1885
1882
1779
1783
1784
1779
1784
1780
1779
1884
1886
1779
1886
1783
1781
1782
1786
1781
1786
1785
1781
1785
1887
1781
1887
1885
1783
1787
1788
1783
1788
1784
1783
1886
1888
1783
1888
1787
1785
1786
1790
1785
1790
1789
1785
1789
1889
1785
1889
1887
1787
1791
1792
1787
1792
1788
1787
1888
1890
1787
1890
1791
1789
1790
1795
1789
1795
1794
1789
1794
1892
1789
1892
1889
1791
1890
1891
1791
1891
1792
1792
1796
1793
1797
1793
1796
1792
1891
1796
1894
1796
1891
1794
1795
1798
1799
1798
1795
1794
1798
1892
1896
1892
1798
1796
1801
1797
1802
1797
1801
1796
1894
1801
1898
1801
1894
1798
1803
1896
1900
1896
1803
1800
1804
1801
1805
1801
1804
1800
1801
1897
1898
1897
1801
1800
1897
1804
1901
1804
1897
1801
1805
1806
1801
1806
1802
1803
1807
1905
1803
1905
1900
1804
1808
1805
1809
1805
1808
1804
1901
1808
1906
1808
1901
1805
1809
1810
1805
1810
1806
1807
1813
1910
1807
1910
1905
1808
1814
1809
1815
1809
1814
1808
1906
1814
1911
1814
1906
1809
1815
1816
1809
1816
1810
1811
1812
1819
1811
1819
1818
1811
1908
1909
1811
1909
1812
1811
1818
1913
1811
1913
1908
1812
1909
1813
1910
1813
1909
1814
1822
1815
1823
1815
1822
1814
1911
1822
1916
1822
1911
1815
1823
1824
1815
1824
1816
1817
1818
1826
1817
1826
1825
1817
1912
1913
1817
1913
1818
1817
1825
1917
1817
1917
1912
1820
1827
1821
1828
1821
1827
1820
1821
1914
1915
1914
1821
1820
1914
1827
1918
1827
1914
1821
1828
1829
1821
1829
1822
1821
1822
1916
1821
1916
1915
1822
1829
1823
1830
1823
1829
1823
1830
1831
1823
1831
1824
1825
1826
1834
1825
1834
1833
1825
1833
1920
1825
1920
1917
1827
1918
1922
1827
1922
1836
1832
1833
1837
1838
1837
1833
1832
1919
1833
1920
1833
1919
1832
1837
1919
1924
1919
1837
1833
1834
1839
1833
1839
1838
1835
1836
1922
1835
1922
1921
1835
1921
1928
1835
1928
1841
1837
1838
1843
1837
1843
1842
1837
1842
1930
1837
1930
1924
1838
1839
1843
1844
1843
1839
1840
1841
1927
1928
1927
1841
1840
1927
1849
1935
1849
1927
1842
1843
1850
1851
1850
1843
1842
1850
1930
1937
1930
1850
1843
1844
1852
1843
1852
1851
1845
1846
1932
1845
1932
1931
1845
1931
1943
1845
1943
1856
1846
1847
1932
1933
1932
1847
1847
1848
1934
1847
1934
1933
1848
1849
1934
1935
1934
1849
1850
1851
1937
1938
1937
1851
1851
1852
1939
1851
1939
1938
1852
1853
1939
1940
1939
1853
1853
1854
1941
1853
1941
1940
1854
1855
1941
1942
1941
1855
1855
1856
1943
1855
1943
1942
1857
1950
1951
1857
1951
1858
1857
1861
1954
1857
1954
1950
1858
1951
1859
1952
1859
1951
1859
1952
1953
1859
1953
1860
1860
1953
1862
1957
1862
1953
1861
1866
1959
1861
1959
1954
1862
1957
1863
1958
1863
1957
1863
1958
1961
1863
1961
1867
1864
1869
1865
1870
1865
1869
1865
1870
1871
1865
1871
1866
1866
1871
1959
1965
1959
1871
1867
1961
1962
1867
1962
1868
1868
1962
1872
1967
1872
1962
1869
1963
1964
1869
1964
1870
1869
1873
1968
1869
1968
1963
1870
1964
1871
1965
1871
1964
1872
1967
1874
1969
1874
1967
1873
1877
1971
1873
1971
1968
1874
1878
1875
1879
1875
1878
1874
1969
1878
1972
1878
1969
1876
1970
1877
1971
1877
1970
1876
1880
1970
1974
1970
1880
1878
1972
1879
1973
1879
1972
1879
1973
1975
1879
1975
1881
1880
1883
1974
1977
1974
1883
1881
1975
1978
1881
1978
1884
1882
1976
1883
1977
1883
1976
1882
1885
1976
1979
1976
1885
1884
1978
1886
1980
1886
1978
1885
1887
1981
1885
1981
1979
1886
1980
1888
1982
1888
1980
1887
1889
1983
1887
1983
1981
1888
1982
1890
1984
1890
1982
1889
1892
1985
1889
1985
1983
1890
1893
1891
1894
1891
1893
1890
1984
1893
1986
1893
1984
1892
1896
1985
1988
1985
1896
1893
1897
1898
1893
1898
1894
1893
1986
1989
1893
1989
1897
1895
1896
1900
1895
1900
1899
1895
1987
1988
1895
1988
1896
1895
1899
1991
1895
1991
1987
1897
1989
1992
1897
1992
1901
1899
1900
1905
1899
1905
1904
1899
1904
1995
1899
1995
1991
1901
1992
1997
1901
1997
1906
1902
1903
1907
1908
1907
1903
1902
1993
1903
1994
1903
1993
1902
1907
1993
1998
1993
1907
1903
1904
1909
1903
1909
1908
1903
1994
1995
1903
1995
1904
1904
1905
1909
1910
1909
1905
1906
1997
1911
2000
1911
1997
1907
1908
1913
1907
1913
1912
1907
1912
2001
1907
2001
1998
1911
2000
2004
1911
2004
1916
1912
1917
2001
2005
2001
1917
1914
1915
2002
2003
2002
1915
1914
2002
1918
2006
1918
2002
1915
1916
2004
1915
2004
2003
1917
1920
2008
1917
2008
2005
1918
2006
1922
2011
1922
2006
1919
2007
2008
1919
2008
1920
1919
1924
2013
1919
2013
2007
1921
1922
2011
1921
2011
2010
1921
2010
2017
1921
2017
1928
1923
1924
1930
1923
1930
1929
1923
2012
2013
1923
2013
1924
1923
1929
2018
1923
2018
2012
1925
1933
1934
1925
1934
1926
1925
1926
2015
1925
2015
2014
1925
2014
2021
1925
2021
1933
1926
1934
1927
1935
1927
1934
1926
1927
2015
2016
2015
1927
1927
1928
2017
1927
2017
2016
1929
1930
1937
1929
1937
1936
1929
1936
2022
1929
2022
2018
1931
1932
2020
1931
2020
2019
1931
2019
2025
1931
2025
1943
1932
1933
2020
2021
2020
1933
1936
1937
2022
2023
2022
1937
1937
1938
2024
1937
2024
2023
1938
1939
1944
1945
1944
1939
1938
1944
2024
2028
2024
1944
1939
1940
1946
1939
1946
1945
1940
1941
1946
1947
1946
1941
1941
1942
1948
1941
1948
1947
1942
1943
1948
1949
1948
1943
1943
2025
2033
1943
2033
1949
1944
1945
2028
2029
2028
1945
1945
1946
2030
1945
2030
2029
1946
1947
2030
2031
2030
1947
1947
1948
2032
1947
2032
2031
1948
1949
2032
2033
2032
1949
1950
1954
1951
1955
1951
1954
1951
1955
1956
1951
1956
1952
1952
1956
1953
1957
1953
1956
1954
2034
1955
2035
1955
2034
1954
1959
2034
2038
2034
1959
1955
2035
2036
1955
2036
1956
1956
2036
1957
2037
1957
2036
1957
1960
1961
1957
1961
1958
1957
2037
2041
1957
2041
1960
1959
1965
2045
1959
2045
2038
1960
2041
1961
2042
1961
2041
1961
1966
1967
1961
1967
1962
1961
2042
2047
1961
2047
1966
1963
2043
2044
1963
2044
1964
1963
1968
2049
1963
2049
2043
1964
2044
1965
2045
1965
2044
1966
2047
1967
2048
1967
2047
1967
2048
2053
1967
2053
1969
1968
1971
2049
2055
2049
1971
1969
2053
2057
1969
2057
1972
1970
2054
1971
2055
1971
2054
1970
1974
2054
2059
2054
1974
1972
2057
1973
2058
1973
2057
1973
2058
2062
1973
2062
1975
1974
1977
2059
2064
2059
1977
1975
2062
2067
1975
2067
1978
1976
2063
1977
2064
1977
2063
1976
1979
2063
2068
2063
1979
1978
2067
1980
2070
1980
2067
1979
1981
2071
1979
2071
2068
1980
2070
1982
2073
1982
2070
1981
1983
2074
1981
2074
2071
1982
2073
1984
2075
1984
2073
1983
1985
2077
1983
2077
2074
1984
2075
1986
2078
1986
2075
1985
1988
2080
1985
2080
2077
1986
2078
1989
2081
1989
2078
1987
2079
2080
1987
2080
1988
1987
1991
2083
1987
2083
2079
1989
2081
2084
1989
2084
1992
1990
1991
1994
1995
1994
1991
1990
2082
1991
2083
1991
2082
1990
1994
2082
2086
2082
1994
1992
2084
1997
2088
1997
2084
1993
2085
2086
1993
2086
1994
1993
1998
2089
1993
2089
2085
1996
1999
1997
2000
1997
1999
1996
1997
2087
2088
2087
1997
1996
2087
1999
2090
1999
2087
1998
2001
2089
2091
2089
2001
1999
2003
2004
1999
2004
2000
1999
2090
2094
1999
2094
2003
2001
2005
2095
2001
2095
2091
2002
2003
2093
2094
2093
2003
2002
2093
2006
2097
2006
2093
2005
2008
2099
2005
2099
2095
2006
2097
2011
2102
2011
2097
2007
2098
2099
2007
2099
2008
2007
2013
2104
2007
2104
2098
2009
2016
2017
2009
2017
2010
2009
2010
2101
2009
2101
2100
2009
2100
2107
2009
2107
2016
2010
2011
2101
2102
2101
2011
2012
2103
2013
2104
2013
2103
2012
2018
2103
2108
2103
2018
2014
2015
2105
2106
2105
2015
2014
2105
2021
2112
2021
2105
2015
2016
2107
2015
2107
2106
2018
2022
2108
2113
2108
2022
2019
2020
2111
2019
2111
2110
2019
2110
2117
2019
2117
2025
2020
2021
2111
2112
2111
2021
2022
2023
2026
2027
2026
2023
2022
2026
2113
2118
2113
2026
2023
2024
2028
2023
2028
2027
2025
2117
2125
2025
2125
2033
2026
2027
2118
2119
2118
2027
2027
2028
2120
2027
2120
2119
2028
2029
2120
2121
2120
2029
2029
2030
2122
2029
2122
2121
2030
2031
2122
2123
2122
2031
2031
2032
2124
2031
2124
2123
2032
2033
2124
2125
2124
2033
2034
2038
2035
2039
2035
2038
2035
2039
2040
2035
2040
2036
2036
2040
2037
2041
2037
2040
2038
2126
2039
2127
2039
2126
2038
2045
2126
2131
2126
2045
2039
2127
2128
2039
2128
2040
2040
2128
2041
2129
2041
2128
2041
2046
2047
2041
2047
2042
2041
2129
2132
2041
2132
2046
2043
2049
2050
2043
2050
2044
2044
2130
2045
2131
2045
2130
2044
2050
2130
2134
2130
2050
2046
2051
2047
2052
2047
2051
2046
2132
2051
2135
2051
2132
2047
2052
2053
2047
2053
2048
2049
2133
2134
2049
2134
2050
2049
2055
2137
2049
2137
2133
2051
2135
2136
2051
2136
2052
2052
2056
2053
2057
2053
2056
2052
2136
2056
2140
2056
2136
2054
2059
2055
2060
2055
2059
2055
2060
2142
2055
2142
2137
2056
2140
2057
2141
2057
2140
2057
2061
2062
2057
2062
2058
2057
2141
2144
2057
2144
2061
2059
2064
2065
2059
2065
2060
2060
2065
2142
2147
2142
2065
2061
2066
2067
2061
2067
2062
2061
2144
2148
2061
2148
2066
2063
2145
2146
2063
2146
2064
2063
2068
2149
2063
2149
2145
2064
2146
2065
2147
2065
2146
2066
2069
2067
2070
2067
2069
2066
2148
2069
2150
2069
2148
2068
2071
2149
2151
2149
2071
2069
2072
2073
2069
2073
2070
2069
2150
2152
2069
2152
2072
2071
2074
2154
2071
2154
2151
2072
2152
2073
2153
2073
2152
2073
2153
2156
2073
2156
2075
2074
2077
2154
2158
2154
2077
2075
2156
2160
2075
2160
2078
2076
2077
2079
2080
2079
2077
2076
2157
2077
2158
2077
2157
2076
2079
2157
2161
2157
2079
2078
2160
2081
2163
2081
2160
2079
2083
2165
2079
2165
2161
2081
2163
2167
2081
2167
2084
2082
2164
2083
2165
2083
2164
2082
2086
2164
2169
2164
2086
2084
2167
2088
2171
2088
2167
2085
2168
2169
2085
2169
2086
2085
2089
2172
2085
2172
2168
2087
2088
2171
2087
2171
2170
2087
2170
2175
2087
2175
2090
2089
2091
2176
2089
2176
2172
2090
2175
2094
2180
2094
2175
2091
2095
2181
2091
2181
2176
2092
2096
2093
2097
2093
2096
2092
2093
2178
2179
2178
2093
2092
2178
2096
2182
2096
2178
2093
2094
2180
2093
2180
2179
2095
2099
2184
2095
2184
2181
2096
2101
2097
2102
2097
2101
2096
2182
2101
2186
2101
2182
2098
2183
2099
2184
2099
2183
2098
2104
2183
2188
2183
2104
2100
2101
2185
2186
2185
2101
2100
2185
2107
2192
2107
2185
2103
2187
2188
2103
2188
2104
2103
2108
2193
2103
2193
2187
2105
2106
2191
2105
2191
2190
2105
2190
2202
2105
2202
2112
2106
2107
2191
2192
2191
2107
2108
2113
2193
2203
2193
2113
2109
2116
2117
2109
2117
2110
2109
2110
2200
2109
2200
2199
2109
2199
2209
2109
2209
2116
2110
2111
2200
2201
2200
2111
2111
2112
2202
2111
2202
2201
2113
2118
2210
2113
2210
2203
2114
2122
2115
2123
2115
2122
2114
2115
2207
2208
2207
2115
2114
2207
2122
2214
2122
2207
2115
2123
2124
2115
2124
2116
2115
2116
2209
2115
2209
2208
2116
2124
2117
2125
2117
2124
2118
2119
2210
2211
2210
2119
2119
2120
2212
2119
2212
2211
2120
2121
2212
2213
2212
2121
2121
2122
2214
2121
2214
2213
2126
2215
2127
2216
2127
2215
2126
2131
2215
2220
2215
2131
2127
2216
2217
2127
2217
2128
2128
2217
2129
2218
2129
2217
2129
2218
2222
2129
2222
2132
2130
2219
2131
2220
2131
2219
2130
2134
2219
2223
2219
2134
2132
2222
2135
2225
2135
2222
2133
2137
2138
2133
2138
2134
2134
2138
2223
2227
2223
2138
2135
2139
2140
2135
2140
2136
2135
2225
2229
2135
2229
2139
2137
2226
2227
2137
2227
2138
2137
2142
2231
2137
2231
2226
2139
2229
2230
2139
2230
2140
2140
2143
2141
2144
2141
2143
2140
2230
2143
2233
2143
2230
2142
2147
2231
2237
2231
2147
2143
2233
2234
2143
2234
2144
2144
2234
2148
2240
2148
2234
2145
2235
2236
2145
2236
2146
2145
2149
2241
2145
2241
2235
2146
2236
2147
2237
2147
2236
2148
2240
2150
2245
2150
2240
2149
2151
2246
2149
2246
2241
2150
2245
2152
2248
2152
2245
2151
2154
2249
2151
2249
2246
2152
2155
2153
2156
2153
2155
2152
2248
2155
2251
2155
2248
2154
2158
2249
2253
2249
2158
2155
2159
2160
2155
2160
2156
2155
2251
2254
2155
2254
2159
2157
2252
2253
2157
2253
2158
2157
2161
2255
2157
2255
2252
2159
2162
2163
2159
2163
2160
2159
2254
2257
2159
2257
2162
2161
2165
2259
2161
2259
2255
2162
2166
2163
2167
2163
2166
2162
2257
2166
2261
2166
2257
2164
2258
2165
2259
2165
2258
2164
2169
2258
2262
2258
2169
2166
2170
2167
2171
2167
2170
2166
2261
2170
2265
2170
2261
2168
2172
2169
2173
2169
2172
2169
2173
2266
2169
2266
2262
2170
2265
2175
2268
2175
2265
2172
2176
2173
2177
2173
2176
2173
2177
2270
2173
2270
2266
2174
2179
2175
2180
2175
2179
2174
2175
2267
2268
2267
2175
2174
2267
2179
2272
2179
2267
2176
2269
2177
2270
2177
2269
2176
2181
2269
2273
2269
2181
2178
2179
2271
2272
2271
2179
2178
2271
2182
2275
2182
2271
2181
2184
2276
2181
2276
2273
2182
2275
2186
2279
2186
2275
2183
2188
2189
2183
2189
2184
2184
2189
2276
2280
2276
2189
2185
2186
2279
2185
2279
2278
2185
2278
2283
2185
2283
2192
2187
2193
2194
2187
2194
2188
2188
2194
2189
2195
2189
2194
2189
2195
2284
2189
2284
2280
2190
2191
2281
2282
2281
2191
2190
2281
2202
2291
2202
2281
2191
2192
2283
2191
2283
2282
2193
2203
2204
2193
2204
2194
2194
2204
2195
2205
2195
2204
2195
2205
2206
2195
2206
2196
2195
2196
2285
2195
2285
2284
2196
2206
2197
2207
2197
2206
2196
2197
2285
2286
2285
2197
2197
2207
2208
2197
2208
2198
2197
2198
2287
2197
2287
2286
2198
2208
2199
2209
2199
2208
2198
2199
2287
2288
2287
2199
2199
2200
2289
2199
2289
2288
2200
2201
2289
2290
2289
2201
2201
2202
2291
2201
2291
2290
2203
2210
2211
2203
2211
2204
2204
2211
2205
2212
2205
2211
2205
2212
2213
2205
2213
2206
2206
2213
2207
2214
2207
2213
2215
2292
2293
2215
2293
2216
2215
2220
2295
2215
2295
2292
2216
2293
2217
2294
2217
2293
2217
2221
2222
2217
2222
2218
2217
2294
2297
2217
2297
2221
2219
2223
2224
2219
2224
2220
2220
2224
2295
2299
2295
2224
2221
2297
2298
2221
2298
2222
2222
2298
2225
2302
2225
2298
2223
2227
2228
2223
2228
2224
2224
2228
2299
2305
2299
2228
2225
2302
2306
2225
2306
2229
2226
2303
2227
2304
2227
2303
2226
2231
2303
2307
2303
2231
2227
2304
2305
2227
2305
2228
2229
2232
2233
2229
2233
2230
2229
2306
2309
2229
2309
2232
2231
2237
2310
2231
2310
2307
2232
2238
2233
2239
2233
2238
2232
2309
2238
2312
2238
2309
2233
2239
2240
2233
2240
2234
2235
2241
2242
2235
2242
2236
2236
2242
2237
2243
2237
2242
2237
2243
2315
2237
2315
2310
2238
2312
2239
2313
2239
2312
2239
2244
2245
2239
2245
2240
2239
2313
2316
2239
2316
2244
2241
2246
2247
2241
2247
2242
2242
2314
2243
2315
2243
2314
2242
2247
2314
2318
2314
2247
2244
2316
2245
2317
2245
2316
2245
2317
2321
2245
2321
2248
2246
2249
2247
2250
2247
2249
2247
2250
2323
2247
2323
2318
2248
2321
2251
2326
2251
2321
2249
2322
2323
2249
2323
2250
2249
2253
2327
2249
2327
2322
2251
2326
2330
2251
2330
2254
2252
2255
2253
2256
2253
2255
2253
2256
2331
2253
2331
2327
2254
2330
2257
2333
2257
2330
2255
2259
2260
2255
2260
2256
2256
2260
2331
2335
2331
2260
2257
2333
2337
2257
2337
2261
2258
2262
2259
2263
2259
2262
2259
2334
2335
2259
2335
2260
2259
2263
2339
2259
2339
2334
2261
2337
2341
2261
2341
2265
2262
2338
2263
2339
2263
2338
2262
2266
2338
2342
2338
2266
2264
2267
2265
2268
2265
2267
2264
2265
2340
2341
2340
2265
2264
2340
2267
2345
2267
2340
2266
2270
2342
2346
2342
2270
2267
2345
2350
2267
2350
2272
2269
2273
2274
2269
2274
2270
2270
2274
2346
2352
2346
2274
2271
2272
2350
2271
2350
2349
2271
2349
2356
2271
2356
2275
2273
2351
2352
2273
2352
2274
2273
2276
2357
2273
2357
2351
2275
2356
2363
2275
2363
2279
2276
2280
2357
2364
2357
2280
2277
2282
2283
2277
2283
2278
2277
2278
2362
2277
2362
2361
2277
2361
2368
2277
2368
2282
2278
2279
2362
2363
2362
2279
2280
2284
2364
2369
2364
2284
2281
2282
2368
2281
2368
2367
2281
2367
2376
2281
2376
2291
2284
2285
2369
2370
2369
2285
2285
2286
2371
2285
2371
2370
2286
2287
2371
2372
2371
2287
2287
2288
2373
2287
2373
2372
2288
2289
2373
2374
2373
2289
2289
2290
2375
2289
2375
2374
2290
2291
2375
2376
2375
2291
2292
2295
2293
2296
2293
2295
2293
2296
2297
2293
2297
2294
2295
2299
2300
2295
2300
2296
2296
2300
2297
2301
2297
2300
2297
2301
2302
2297
2302
2298
2299
2377
2378
2299
2378
2300
2299
2305
2382
2299
2382
2377
2300
2378
2301
2379
2301
2378
2301
2379
2380
2301
2380
2302
2302
2380
2306
2385
2306
2380
2303
2307
2308
2303
2308
2304
2304
2381
2305
2382
2305
2381
2304
2308
2381
2386
2381
2308
2306
2385
2309
2389
2309
2385
2307
2310
2311
2307
2311
2308
2308
2311
2386
2391
2386
2311
2309
2389
2393
2309
2393
2312
2310
2390
2311
2391
2311
2390
2310
2315
2390
2395
2390
2315
2312
2393
2313
2394
2313
2393
2313
2394
2398
2313
2398
2316
2314
2318
2315
2319
2315
2318
2315
2319
2399
2315
2399
2395
2316
2320
2317
2321
2317
2320
2316
2398
2320
2401
2320
2398
2318
2323
2319
2324
2319
2323
2319
2324
2403
2319
2403
2399
2320
2325
2321
2326
2321
2325
2320
2401
2325
2405
2325
2401
2322
2327
2323
2328
2323
2327
2323
2402
2403
2323
2403
2324
2323
2328
2407
2323
2407
2402
2325
2329
2330
2325
2330
2326
2325
2405
2409
2325
2409
2329
2327
2406
2407
2327
2407
2328
2327
2331
2410
2327
2410
2406
2329
2332
2333
2329
2333
2330
2329
2409
2413
2329
2413
2332
2331
2335
2415
2331
2415
2410
2332
2336
2333
2337
2333
2336
2332
2413
2336
2417
2336
2413
2334
2414
2335
2415
2335
2414
2334
2339
2414
2418
2414
2339
2336
2340
2337
2341
2337
2340
2336
2417
2340
2421
2340
2417
2338
2342
2339
2343
2339
2342
2339
2343
2422
2339
2422
2418
2340
2421
2345
2425
2345
2421
2342
2346
2343
2347
2343
2346
2343
2347
2426
2343
2426
2422
2344
2349
2345
2350
2345
2349
2344
2345
2424
2425
2424
2345
2344
2424
2349
2428
2349
2424
2346
2352
2347
2353
2347
2352
2347
2353
2429
2347
2429
2426
2348
2355
2349
2356
2349
2355
2348
2349
2427
2428
2427
2349
2348
2427
2355
2432
2355
2427
2351
2357
2358
2351
2358
2352
2352
2358
2353
2359
2353
2358
2353
2359
2434
2353
2434
2429
2354
2361
2355
2362
2355
2361
2354
2355
2431
2432
2431
2355
2354
2431
2361
2436
2361
2431
2355
2362
2363
2355
2363
2356
2357
2364
2365
2357
2365
2358
2358
2433
2359
2434
2359
2433
2358
2365
2433
2437
2433
2365
2360
2367
2361
2368
2361
2367
2360
2361
2435
2436
2435
2361
2360
2435
2367
2443
2367
2435
2364
2369
2365
2370
2365
2369
2365
2370
2444
2365
2444
2437
2366
2375
2367
2376
2367
2375
2366
2367
2442
2443
2442
2367
2366
2442
2375
2449
2375
2442
2370
2371
2444
2445
2444
2371
2371
2372
2446
2371
2446
2445
2372
2373
2446
2447
2446
2373
2373
2374
2448
2373
2448
2447
2374
2375
2448
2449
2448
2375
2377
2382
2383
2377
2383
2378
2378
2383
2379
2384
2379
2383
2379
2384
2385
2379
2385
2380
2381
2386
2387
2381
2387
2382
2382
2450
2383
2451
2383
2450
2382
2387
2450
2453
2450
2387
2383
2451
2452
2383
2452
2384
2384
2388
2385
2389
2385
2388
2384
2452
2388
2455
2388
2452
2386
2391
2387
2392
2387
2391
2387
2392
2458
2387
2458
2453
2388
2455
2389
2456
2389
2455
2389
2456
2460
2389
2460
2393
2390
2395
2391
2396
2391
2395
2391
2457
2458
2391
2458
2392
2391
2396
2462
2391
2462
2457
2393
2397
2398
2393
2398
2394
2393
2460
2463
2393
2463
2397
2395
2461
2462
2395
2462
2396
2395
2399
2464
2395
2464
2461
2397
2400
2401
2397
2401
2398
2397
2463
2466
2397
2466
2400
2399
2403
2468
2399
2468
2464
2400
2404
2401
2405
2401
2404
2400
2466
2404
2470
2404
2466
2402
2467
2403
2468
2403
2467
2402
2407
2467
2471
2467
2407
2404
2408
2405
2409
2405
2408
2404
2470
2408
2474
2408
2470
2406
2410
2407
2411
2407
2410
2407
2411
2476
2407
2476
2471
2408
2412
2409
2413
2409
2412
2408
2474
2412
2478
2412
2474
2410
2475
2411
2476
2411
2475
2410
2415
2475
2479
2475
2415
2412
2416
2413
2417
2413
2416
2412
2478
2416
2481
2416
2478
2414
2418
2415
2419
2415
2418
2415
2419
2483
2415
2483
2479
2416
2420
2417
2421
2417
2420
2416
2481
2420
2485
2420
2481
2418
2482
2419
2483
2419
2482
2418
2422
2482
2486
2482
2422
2420
2424
2421
2425
2421
2424
2420
2485
2424
2490
2424
2485
2422
2426
2486
2491
2486
2426
2423
2427
2428
2423
2428
2424
2423
2424
2490
2423
2490
2489
2423
2489
2494
2423
2494
2427
2426
2429
2491
2495
2491
2429
2427
2494
2499
2427
2499
2432
2429
2434
2500
2429
2500
2495
2430
2435
2431
2436
2431
2435
2430
2431
2497
2498
2497
2431
2430
2497
2435
2502
2435
2497
2431
2432
2499
2431
2499
2498
2433
2437
2438
2433
2438
2434
2434
2438
2500
2503
2500
2438
2435
2502
2508
2435
2508
2443
2437
2444
2445
2437
2445
2438
2438
2445
2439
2446
2439
2445
2438
2439
2503
2504
2503
2439
2439
2446
2447
2439
2447
2440
2439
2440
2505
2439
2505
2504
2440
2447
2441
2448
2441
2447
2440
2441
2505
2506
2505
2441
2441
2448
2449
2441
2449
2442
2441
2442
2507
2441
2507
2506
2442
2443
2507
2508
2507
2443
2450
2453
2451
2454
2451
2453
2451
2454
2455
2451
2455
2452
2453
2509
2510
2453
2510
2454
2453
2458
2513
2453
2513
2509
2454
2510
2455
2511
2455
2510
2455
2459
2460
2455
2460
2456
2455
2511
2515
2455
2515
2459
2457
2512
2513
2457
2513
2458
2457
2462
2517
2457
2517
2512
2459
2515
2516
2459
2516
2460
2460
2516
2463
2520
2463
2516
2461
2464
2465
2461
2465
2462
2462
2465
2517
2521
2517
2465
2463
2520
2524
2463
2524
2466
2464
2468
2465
2469
2465
2468
2465
2469
2525
2465
2525
2521
2466
2524
2470
2528
2470
2524
2467
2471
2472
2467
2472
2468
2468
2472
2469
2473
2469
2472
2469
2473
2530
2469
2530
2525
2470
2528
2474
2532
2474
2528
2471
2476
2477
2471
2477
2472
2472
2529
2473
2530
2473
2529
2472
2477
2529
2534
2529
2477
2474
2532
2478
2536
2478
2532
2475
2479
2480
2475
2480
2476
2476
2533
2477
2534
2477
2533
2476
2480
2533
2537
2533
2480
2478
2536
2481
2539
2481
2536
2479
2483
2484
2479
2484
2480
2480
2484
2537
2540
2537
2484
2481
2539
2542
2481
2542
2485
2482
2486
2483
2487
2483
2486
2483
2487
2488
2483
2488
2484
2484
2488
2540
2543
2540
2488
2485
2542
2547
2485
2547
2490
2486
2491
2487
2492
2487
2491
2487
2492
2493
2487
2493
2488
2488
2493
2543
2549
2543
2493
2489
2490
2547
2489
2547
2546
2489
2546
2552
2489
2552
2494
2491
2495
2496
2491
2496
2492
2492
2548
2493
2549
2493
2548
2492
2496
2548
2553
2548
2496
2494
2552
2499
2559
2499
2552
2495
2500
2501
2495
2501
2496
2496
2501
2553
2560
2553
2501
2497
2498
2558
2497
2558
2557
2497
2557
2564
2497
2564
2502
2498
2499
2558
2559
2558
2499
2500
2503
2501
2504
2501
2503
2501
2504
2565
2501
2565
2560
2502
2564
2508
2569
2508
2564
2504
2505
2565
2566
2565
2505
2505
2506
2567
2505
2567
2566
2506
2507
2567
2568
2567
2507
2507
2508
2569
2507
2569
2568
2509
2513
2514
2509
2514
2510
2510
2514
2511
2515
2511
2514
2512
2517
2513
2518
2513
2517
2513
2570
2571
2513
2571
2514
2513
2518
2573
2513
2573
2570
2514
2571
2515
2572
2515
2571
2515
2519
2520
2515
2520
2516
2515
2572
2575
2515
2575
2519
2517
2521
2522
2517
2522
2518
2518
2522
2573
2576
2573
2522
2519
2523
2524
2519
2524
2520
2519
2575
2578
2519
2578
2523
2521
2525
2526
2521
2526
2522
2522
2526
2576
2580
2576
2526
2523
2527
2528
2523
2528
2524
2523
2578
2582
2523
2582
2527
2525
2579
2580
2525
2580
2526
2525
2530
2584
2525
2584
2579
2527
2531
2532
2527
2532
2528
2527
2582
2587
2527
2587
2531
2529
2583
2584
2529
2584
2530
2529
2534
2589
2529
2589
2583
2531
2535
2536
2531
2536
2532
2531
2587
2593
2531
2593
2535
2533
2588
2589
2533
2589
2534
2533
2537
2594
2533
2594
2588
2535
2538
2539
2535
2539
2536
2535
2593
2599
2535
2599
2538
2537
2540
2600
2537
2600
2594
2538
2541
2539
2542
2539
2541
2538
2599
2541
2603
2541
2599
2540
2543
2600
2604
2600
2543
2541
2546
2547
2541
2547
2542
2541
2603
2608
2541
2608
2546
2543
2549
2609
2543
2609
2604
2544
2550
2545
2551
2545
2550
2544
2545
2606
2607
2606
2545
2544
2606
2550
2610
2550
2606
2545
2551
2552
2545
2552
2546
2545
2546
2608
2545
2608
2607
2548
2553
2549
2554
2549
2553
2549
2554
2611
2549
2611
2609
2550
2557
2551
2558
2551
2557
2550
2610
2557
2614
2557
2610
2551
2558
2559
2551
2559
2552
2553
2560
2561
2553
2561
2554
2554
2561
2555
2562
2555
2561
2554
2555
2611
2612
2611
2555
2555
2562
2563
2555
2563
2556
2555
2556
2613
2555
2613
2612
2556
2563
2557
2564
2557
2563
2556
2557
2613
2614
2613
2557
2560
2565
2561
2566
2561
2565
2561
2566
2567
2561
2567
2562
2562
2567
2563
2568
2563
2567
2563
2568
2569
2563
2569
2564
2570
2573
2571
2574
2571
2573
2571
2574
2575
2571
2575
2572
2573
2576
2577
2573
2577
2574
2574
2577
2575
2578
2575
2577
2576
2580
2577
2581
2577
2580
2577
2581
2582
2577
2582
2578
2579
2584
2585
2579
2585
2580
2580
2585
2581
2586
2581
2585
2581
2586
2587
2581
2587
2582
2583
2589
2590
2583
2590
2584
2584
2590
2585
2591
2585
2590
2585
2591
2592
2585
2592
2586
2586
2592
2587
2593
2587
2592
2588
2594
2589
2595
2589
2594
2589
2595
2596
2589
2596
2590
2590
2596
2591
2597
2591
2596
2591
2597
2598
2591
2598
2592
2592
2598
2593
2599
2593
2598
2594
2600
2595
2601
2595
2600
2595
2615
2616
2595
2616
2596
2595
2601
2619
2595
2619
2615
2596
2616
2597
2617
2597
2616
2597
2617
2618
2597
2618
2598
2598
2602
2599
2603
2599
2602
2598
2618
2602
2622
2602
2618
2600
2604
2601
2605
2601
2604
2601
2605
2624
2601
2624
2619
2602
2607
2603
2608
2603
2607
2602
2622
2607
2627
2607
2622
2604
2623
2605
2624
2605
2623
2604
2609
2623
2628
2623
2609
2606
2607
2626
2627
2626
2607
2606
2626
2610
2631
2610
2626
2609
2611
2632
2609
2632
2628
2610
2631
2614
2635
2614
2631
2611
2612
2633
2611
2633
2632
2612
2613
2633
2634
2633
2613
2613
2614
2635
2613
2635
2634
2615
2619
2620
2615
2620
2616
2616
2620
2617
2621
2617
2620
2617
2621
2622
2617
2622
2618
2619
2624
2625
2619
2625
2620
2620
2625
2621
2626
2621
2625
2621
2626
2627
2621
2627
2622
2623
2628
2629
2623
2629
2624
2624
2629
2625
2630
2625
2629
2625
2630
2631
2625
2631
2626
2628
2632
2629
2633
2629
2632
2629
2633
2634
2629
2634
2630
2630
2634
2631
2635
2631
2634
