-15.11
-35.62
26.94
-15.67
-35.71
27.02
-16.34
-35.76
27.04
-16.90
-35.75
26.99
-20.81
-35.64
26.92
-21.13
-35.60
26.90
-15.10
-35.61
26.50
-15.70
-35.76
26.52
-16.34
-35.81
26.53
-16.94
-35.78
26.54
-20.79
-35.68
26.53
-21.18
-35.64
26.52
-15.23
-35.55
26.08
-15.74
-35.66
26.04
-16.37
-35.71
26.04
-16.91
-35.71
26.10
-20.82
-35.65
26.15
-21.15
-35.62
26.14
-18.92
-34.55
29.72
-19.43
-34.57
29.69
-19.95
-34.53
29.60
-16.84
-34.82
28.88
-17.57
-34.84
28.99
-18.53
-34.81
29.21
-19.44
-34.89
29.12
-20.30
-34.74
29.10
-20.99
-34.66
28.83
-11.53
-34.45
27.90
-11.97
-34.63
27.97
-12.68
-34.78
28.02
-13.56
-34.91
28.03
-14.53
-35.04
28.06
-15.48
-35.12
28.19
-16.48
-35.13
28.37
-17.49
-35.22
28.29
-18.49
-35.22
28.34
-19.46
-35.22
28.31
-20.40
-35.14
28.26
-21.30
-34.91
28.19
-21.97
-34.72
27.94
-11.49
-34.49
27.52
-11.97
-34.73
27.50
-12.68
-34.92
27.45
-13.56
-35.10
27.38
-14.62
-35.35
27.29
-15.55
-35.47
27.54
-16.44
-35.52
27.60
-17.38
-35.56
27.38
-18.47
-35.48
27.44
-19.47
-35.47
27.42
-20.48
-35.48
27.29
-21.37
-35.32
27.25
-22.26
-34.91
27.27
-22.89
-34.67
27.00
-11.53
-34.46
27.15
-11.94
-34.61
27.00
-12.64
-34.81
26.87
-13.47
-35.02
26.71
-14.40
-35.27
26.46
-17.56
-35.63
26.56
-18.50
-35.54
26.57
-19.45
-35.53
26.57
-20.31
-35.58
26.55
-21.61
-35.43
26.49
-22.39
-35.13
26.43
-23.21
-34.76
26.32
-23.78
-34.56
25.96
-14.92
-35.21
25.76
-15.71
-35.36
25.58
-16.51
-35.44
25.56
-17.39
-35.49
25.77
-18.47
-35.41
25.75
-19.49
-35.41
25.76
-20.51
-35.48
25.82
-21.43
-35.42
25.77
-22.41
-35.18
25.58
-23.29
-34.93
25.49
-24.01
-34.63
25.38
-15.09
-34.91
25.21
-15.72
-34.98
25.05
-16.56
-35.03
24.95
-17.49
-35.09
24.97
-18.50
-35.10
24.96
-19.49
-35.13
24.95
-20.48
-35.17
24.94
-21.45
-35.16
24.86
-22.46
-35.04
24.63
-23.43
-34.93
24.67
-24.35
-34.69
24.62
-25.06
-34.49
24.25
-25.44
-34.38
24.00
-22.85
-34.88
24.02
-23.55
-34.84
23.97
-24.37
-34.72
23.90
-25.06
-34.57
23.78
-25.48
-34.40
23.73
-18.94
-34.00
30.36
-19.15
-33.99
30.37
-18.79
-34.14
30.08
-19.37
-34.10
30.10
-20.07
-34.11
29.83
-11.47
-33.73
28.57
-11.94
-33.83
28.77
-12.68
-33.92
28.94
-13.55
-34.01
29.06
-14.50
-34.09
29.15
-15.46
-34.23
29.20
-16.45
-34.42
29.23
-17.39
-34.39
29.47
-18.18
-34.35
29.72
-20.63
-34.23
29.46
-21.30
-34.18
29.05
-21.85
-33.93
28.79
-11.35
-34.00
28.12
-11.93
-34.28
28.38
-12.67
-34.43
28.52
-13.55
-34.53
28.59
-14.48
-34.63
28.65
-15.38
-34.71
28.73
-16.11
-34.78
28.79
-21.65
-34.47
28.54
-22.25
-34.18
28.24
-22.81
-33.93
27.88
-11.18
-34.03
27.51
-22.57
-34.47
27.65
-23.09
-34.17
27.33
-11.34
-34.07
26.94
-11.84
-34.20
26.49
-12.59
-34.49
26.30
-13.36
-34.73
26.13
-13.99
-34.95
26.03
-23.55
-34.23
26.67
-24.02
-34.12
26.14
-12.03
-33.93
25.98
-12.62
-34.08
25.73
-13.45
-34.32
25.47
-14.24
-34.76
25.53
-24.50
-34.11
25.45
-24.97
-33.87
25.06
-13.91
-34.13
24.93
-14.67
-34.45
24.88
-15.58
-34.51
24.54
-16.53
-34.51
24.28
-17.53
-34.65
24.28
-18.51
-34.71
24.23
-19.50
-34.78
24.21
-20.47
-34.84
24.19
-21.38
-34.88
24.14
-22.12
-34.88
24.08
-24.73
-34.35
24.89
-25.21
-34.06
24.57
-25.61
-34.01
24.00
-16.87
-34.21
23.78
-17.59
-34.25
23.68
-18.53
-34.26
23.50
-19.53
-34.40
23.53
-20.50
-34.49
23.50
-21.46
-34.56
23.46
-22.49
-34.66
23.48
-23.50
-34.63
23.32
-24.39
-34.55
23.25
-25.16
-34.38
23.25
-25.73
-34.03
23.38
-18.88
-33.99
23.00
-19.61
-34.04
22.93
-20.52
-34.11
22.85
-21.47
-34.19
22.76
-22.50
-34.22
22.59
-23.52
-34.31
22.61
-24.44
-34.28
22.59
-25.27
-34.13
22.58
-26.02
-33.78
22.55
-26.41
-33.55
22.20
-22.88
-33.96
22.05
-23.60
-33.99
22.00
-24.47
-33.97
21.97
-25.30
-33.87
21.96
-25.99
-33.68
21.97
-26.39
-33.50
21.93
-18.86
-33.80
30.40
-19.12
-33.79
30.41
-14.90
-32.96
29.85
-15.62
-33.03
29.91
-16.51
-33.13
29.98
-17.46
-33.26
30.09
-18.49
-33.56
30.21
-19.33
-33.52
30.22
-20.27
-33.44
29.93
-20.80
-33.22
29.76
-11.30
-33.19
28.65
-11.89
-33.22
29.01
-12.68
-33.26
29.27
-13.55
-33.37
29.44
-14.52
-33.39
29.60
-15.51
-33.62
29.63
-16.46
-33.76
29.69
-17.33
-33.85
29.83
-18.01
-33.93
29.96
-20.74
-33.72
29.66
-21.22
-33.42
29.42
-21.90
-33.33
28.96
-10.93
-33.26
28.09
-22.44
-33.37
28.45
-22.97
-33.33
27.95
-10.81
-33.34
27.38
-23.47
-33.39
27.33
-23.87
-33.10
26.93
-11.04
-33.40
26.62
-11.50
-33.70
26.28
-23.76
-33.69
26.83
-24.14
-33.38
26.42
-11.19
-33.12
26.01
-11.73
-33.42
25.74
-12.48
-33.49
25.20
-13.18
-33.81
25.05
-24.63
-33.36
25.70
-25.08
-33.29
25.14
-12.86
-33.12
24.53
-13.65
-33.59
24.48
-14.60
-33.87
24.21
-15.46
-34.04
24.01
-16.16
-34.14
23.89
-25.46
-33.33
24.57
-25.85
-33.34
23.99
-13.12
-32.82
24.02
-13.77
-32.97
23.69
-14.66
-33.34
23.52
-15.55
-33.61
23.41
-16.50
-33.85
23.39
-17.43
-33.88
23.19
-18.15
-33.93
23.09
-26.15
-33.32
23.35
-14.13
-32.70
23.11
-14.80
-32.83
22.81
-15.65
-33.17
22.77
-16.55
-33.36
22.71
-17.49
-33.48
22.62
-18.50
-33.63
22.60
-19.52
-33.63
22.37
-20.48
-33.69
22.22
-21.40
-33.80
22.16
-22.14
-33.89
22.11
-26.43
-33.26
22.65
-26.61
-33.22
22.16
-15.18
-32.62
22.33
-15.78
-32.76
22.23
-16.60
-32.89
22.14
-17.51
-32.98
22.04
-18.48
-33.07
21.94
-19.48
-33.11
21.76
-20.50
-33.17
21.56
-21.51
-33.39
21.57
-22.52
-33.60
21.61
-23.53
-33.60
21.46
-24.46
-33.58
21.40
-25.32
-33.51
21.41
-26.03
-33.36
21.49
-26.55
-33.12
21.68
-20.90
-32.86
21.09
-21.63
-32.94
21.01
-22.55
-33.07
20.96
-23.52
-33.13
20.89
-24.45
-33.13
20.85
-25.33
-33.08
20.88
-26.07
-32.96
20.99
-26.52
-32.86
21.19
-13.17
-32.11
29.74
-13.74
-32.23
29.85
-14.59
-32.43
29.93
-15.56
-32.40
30.03
-16.51
-32.44
30.10
-17.48
-32.52
30.15
-18.45
-32.63
30.19
-19.36
-32.64
30.13
-20.27
-32.59
29.91
-20.80
-32.78
29.76
-11.14
-32.45
28.70
-11.84
-32.47
29.13
-12.72
-32.46
29.50
-13.53
-32.73
29.69
-14.20
-32.86
29.78
-20.74
-32.27
29.68
-21.23
-32.56
29.46
-21.92
-32.57
28.99
-9.53
-31.68
27.59
-9.86
-31.89
27.74
-10.50
-32.36
28.05
-22.49
-32.58
28.50
-23.01
-32.57
28.00
-9.44
-31.68
27.27
-9.73
-32.00
27.24
-10.28
-32.53
27.22
-23.48
-32.56
27.46
-23.90
-32.50
26.95
-9.39
-31.62
26.94
-9.54
-31.81
26.91
-10.56
-32.65
26.48
-24.25
-32.55
26.39
-10.91
-32.51
25.68
-11.55
-32.80
25.29
-12.08
-32.95
24.97
-24.67
-32.53
25.75
-25.12
-32.51
25.14
-11.02
-32.07
25.05
-11.55
-32.29
24.78
-12.24
-32.54
24.45
-25.58
-32.50
24.54
-26.00
-32.57
23.96
-12.76
-32.33
23.86
-13.36
-32.30
23.38
-26.39
-32.50
23.32
-13.87
-32.21
22.88
-14.46
-32.21
22.45
-26.75
-32.57
22.56
-26.81
-32.79
22.13
-15.05
-32.15
22.03
-15.77
-32.25
21.80
-16.60
-32.36
21.64
-17.51
-32.44
21.52
-18.44
-32.52
21.40
-19.40
-32.54
21.20
-20.16
-32.72
21.16
-26.97
-32.37
22.12
-26.94
-32.50
21.69
-19.81
-32.25
20.81
-20.57
-32.42
20.75
-21.56
-32.37
20.45
-22.56
-32.54
20.41
-23.52
-32.62
20.35
-24.46
-32.64
20.33
-25.36
-32.59
20.38
-26.21
-32.42
20.49
-26.78
-32.40
20.97
-21.89
-31.99
20.02
-22.62
-32.04
19.92
-23.53
-32.08
19.84
-24.47
-32.13
19.83
-25.34
-32.13
19.88
-26.01
-32.09
19.98
-13.14
-31.67
29.71
-13.79
-31.69
29.84
-14.62
-31.74
29.92
-15.55
-31.74
29.98
-16.51
-31.76
30.02
-17.48
-31.80
30.04
-18.42
-31.85
30.03
-19.30
-31.88
29.96
-20.05
-31.86
29.80
-11.11
-31.73
28.73
-11.79
-31.74
29.10
-12.56
-31.71
29.43
-20.63
-31.74
29.52
-21.28
-31.82
29.22
-21.89
-31.88
28.86
-9.52
-31.42
27.60
-9.90
-31.48
27.88
-10.52
-31.59
28.24
-22.41
-31.84
28.40
-22.94
-31.87
27.94
-9.39
-31.35
27.17
-9.77
-32.00
26.88
-10.02
-32.22
26.84
-23.38
-31.83
27.41
-23.81
-31.84
26.91
-9.41
-31.30
26.57
-9.68
-31.74
26.50
-10.12
-32.13
26.36
-24.16
-31.80
26.35
-9.49
-31.06
25.83
-9.82
-31.43
25.74
-10.35
-31.87
25.62
-24.57
-31.71
25.70
-25.06
-31.69
25.09
-9.61
-30.88
25.34
-9.98
-31.04
25.09
-10.68
-31.41
24.73
-11.44
-31.74
24.36
-12.00
-31.97
24.13
-25.61
-31.55
24.41
-26.08
-31.87
23.93
-11.01
-31.02
24.07
-11.58
-31.27
23.84
-12.34
-31.64
23.61
-13.04
-31.66
23.11
-26.05
-31.14
23.92
-26.56
-31.47
23.36
-27.21
-30.99
22.85
-27.59
-30.73
22.59
-13.59
-31.55
22.61
-14.20
-31.55
22.16
-26.97
-31.87
22.60
-27.36
-31.38
22.33
-27.77
-30.85
22.16
-14.87
-31.40
21.63
-15.73
-31.63
21.38
-16.59
-31.76
21.19
-17.50
-31.85
21.04
-18.39
-31.99
20.95
-19.09
-32.10
20.88
-27.13
-32.00
22.11
-27.37
-31.73
21.63
-27.96
-30.98
21.44
-15.16
-30.97
21.17
-15.76
-31.05
20.97
-16.58
-31.13
20.76
-17.56
-31.18
20.51
-18.52
-31.48
20.49
-19.48
-31.76
20.47
-20.42
-31.85
20.28
-21.16
-31.92
20.14
-26.67
-31.95
20.22
-27.29
-31.71
20.61
-28.13
-31.00
20.54
-28.58
-30.63
20.17
-18.01
-30.85
20.12
-18.67
-30.97
20.03
-19.54
-31.12
19.91
-20.50
-31.29
19.79
-21.51
-31.51
19.70
-22.51
-31.51
19.48
-23.52
-31.48
19.29
-24.51
-31.62
19.34
-25.45
-31.66
19.42
-26.40
-31.66
19.65
-27.31
-31.36
19.73
-28.07
-30.98
19.74
-28.57
-30.62
19.65
-23.89
-31.11
18.90
-24.61
-31.14
18.88
-25.51
-31.16
18.90
-26.44
-31.12
18.98
-27.32
-30.98
19.05
-28.05
-30.76
19.11
-28.50
-30.54
19.18
-13.18
-31.27
29.58
-13.78
-31.19
29.65
-14.60
-31.16
29.70
-15.53
-31.15
29.73
-16.50
-31.16
29.73
-17.48
-31.19
29.72
-18.42
-31.24
29.71
-19.27
-31.31
29.66
-19.91
-31.39
29.60
-11.20
-31.20
28.62
-11.82
-31.12
28.89
-12.74
-31.04
29.20
-13.64
-30.79
29.25
-14.56
-30.70
29.28
-15.51
-30.67
29.28
-16.49
-30.66
29.26
-17.48
-30.68
29.20
-18.46
-30.75
29.20
-19.40
-30.87
29.18
-20.34
-31.13
29.16
-21.21
-31.25
28.87
-21.79
-31.39
28.66
-9.58
-31.12
27.53
-9.97
-31.01
27.71
-10.79
-30.84
28.06
-11.72
-30.63
28.41
-12.63
-30.49
28.61
-13.57
-30.36
28.69
-14.52
-30.30
28.71
-15.49
-30.27
28.69
-16.46
-30.25
28.64
-17.49
-30.21
28.48
-18.51
-30.31
28.55
-19.47
-30.42
28.53
-20.41
-30.59
28.45
-21.32
-30.79
28.26
-22.16
-31.18
28.13
-22.78
-31.36
27.79
-9.49
-30.95
27.10
-9.86
-30.66
27.18
-10.45
-30.41
27.30
-17.86
-29.92
27.93
-18.61
-29.91
27.89
-19.51
-29.97
27.85
-20.44
-30.10
27.75
-21.40
-30.25
27.45
-22.32
-30.66
27.35
-23.12
-31.15
27.19
-23.64
-31.35
26.83
-9.44
-30.71
26.38
-9.77
-30.34
26.46
-10.29
-30.13
26.62
-21.77
-29.95
26.81
-22.48
-30.17
26.52
-23.28
-30.69
26.45
-23.87
-31.16
26.31
-9.43
-30.63
25.74
-9.92
-30.08
26.07
-10.24
-29.97
26.15
-22.89
-29.90
25.81
-23.54
-30.33
25.75
-24.26
-30.87
25.55
-24.86
-31.02
25.06
-9.61
-30.53
25.19
-10.05
-30.45
24.66
-10.48
-30.74
24.33
-23.16
-29.69
25.37
-23.68
-29.87
25.21
-24.38
-30.16
24.96
-25.19
-30.52
24.53
-10.37
-30.16
24.09
-10.88
-30.36
23.69
-11.60
-30.70
23.34
-12.31
-30.98
23.09
-12.87
-31.13
22.84
-25.93
-30.40
23.95
-26.58
-30.42
23.46
-27.21
-30.30
23.02
-27.66
-30.27
22.65
-11.23
-29.99
23.00
-11.73
-30.22
22.78
-12.42
-30.48
22.56
-13.24
-30.79
22.28
-13.90
-30.99
21.98
-28.01
-30.22
22.15
-13.62
-30.44
21.73
-14.26
-30.66
21.49
-28.40
-30.23
21.40
-28.77
-29.92
20.92
-14.87
-30.42
20.95
-15.64
-30.45
20.63
-16.44
-30.51
20.38
-17.20
-30.54
20.15
-28.51
-30.50
20.77
-28.84
-30.14
20.35
-17.82
-30.39
19.84
-18.61
-30.41
19.62
-19.54
-30.43
19.37
-20.53
-30.66
19.27
-21.51
-30.82
19.14
-22.43
-30.96
19.03
-23.15
-31.04
18.95
-28.89
-30.11
19.58
-19.87
-30.00
18.95
-20.59
-30.08
18.80
-21.57
-30.13
18.57
-22.55
-30.43
18.56
-23.54
-30.66
18.57
-24.54
-30.64
18.45
-25.51
-30.64
18.41
-26.45
-30.61
18.44
-27.33
-30.53
18.50
-28.09
-30.37
18.63
-28.69
-30.09
18.87
-22.03
-29.80
18.18
-22.70
-29.91
18.11
-23.58
-30.03
18.06
-24.53
-30.07
17.99
-25.50
-30.08
17.96
-26.45
-30.06
17.97
-27.34
-30.02
18.03
-28.10
-29.93
18.16
-28.59
-29.82
18.35
-11.16
-30.35
27.77
-11.78
-30.21
27.89
-12.62
-30.09
27.98
-13.54
-30.01
28.02
-14.50
-29.97
28.03
-15.46
-29.96
28.02
-16.38
-29.94
28.00
-17.12
-29.93
27.97
-11.03
-30.12
27.24
-11.75
-29.93
27.24
-12.60
-29.81
27.26
-13.53
-29.75
27.27
-14.50
-29.72
27.27
-15.47
-29.70
27.27
-16.45
-29.67
27.28
-17.49
-29.64
27.37
-18.53
-29.45
27.17
-19.52
-29.46
27.16
-20.39
-29.64
27.16
-21.07
-29.77
27.03
-9.45
-30.38
26.00
-9.64
-30.22
26.02
-10.88
-29.90
26.54
-11.67
-29.71
26.49
-12.57
-29.60
26.47
-13.52
-29.54
26.45
-14.50
-29.52
26.44
-15.48
-29.49
26.44
-16.46
-29.42
26.44
-17.49
-29.25
26.41
-18.23
-29.16
26.61
-19.87
-29.15
26.73
-20.52
-29.23
26.62
-21.38
-29.45
26.43
-22.08
-29.67
26.20
-9.54
-30.28
25.61
-9.92
-30.01
25.63
-10.64
-29.75
25.77
-11.59
-29.51
25.70
-12.53
-29.38
25.65
-13.51
-29.33
25.60
-14.50
-29.33
25.60
-15.47
-29.31
25.60
-16.40
-29.22
25.60
-17.26
-29.05
25.57
-21.73
-29.15
25.85
-22.35
-29.37
25.66
-9.67
-30.19
25.16
-10.15
-29.85
24.75
-10.78
-29.47
24.89
-11.60
-29.24
24.91
-12.51
-29.11
24.87
-13.51
-29.03
24.72
-14.52
-29.09
24.81
-15.48
-29.08
24.83
-16.39
-29.01
24.82
-17.26
-28.84
24.80
-17.68
-28.64
24.54
-22.92
-29.24
25.16
-23.61
-29.27
24.85
-24.37
-29.38
24.57
-25.13
-29.50
24.24
-10.40
-29.70
24.01
-10.82
-29.58
23.39
-13.88
-28.79
24.19
-14.61
-28.80
24.18
-15.49
-28.79
24.17
-16.37
-28.74
24.18
-17.13
-28.64
24.21
-17.59
-28.54
24.22
-25.86
-29.50
23.84
-26.56
-29.50
23.42
-27.27
-29.47
22.97
-27.69
-29.74
22.68
-11.23
-29.41
22.55
-11.78
-29.73
22.24
-12.43
-30.00
22.06
-13.00
-30.22
21.93
-27.65
-29.14
22.64
-28.01
-29.43
22.28
-11.42
-29.01
21.69
-11.88
-29.33
21.59
-12.54
-29.60
21.48
-13.33
-29.93
21.41
-14.02
-30.06
21.14
-28.49
-29.38
21.59
-28.90
-29.29
20.96
-11.55
-28.78
21.10
-11.95
-28.97
20.97
-12.61
-29.17
20.85
-13.45
-29.39
20.74
-14.46
-29.63
20.52
-15.51
-29.79
20.23
-16.36
-29.92
20.00
-17.01
-30.07
19.88
-29.15
-29.33
20.26
-14.83
-29.13
19.98
-15.56
-29.18
19.76
-16.49
-29.29
19.52
-17.47
-29.73
19.50
-18.43
-29.82
19.25
-19.15
-29.91
19.10
-29.23
-29.41
19.49
-16.89
-28.91
19.13
-17.60
-29.06
19.00
-18.50
-29.20
18.82
-19.48
-29.47
18.71
-20.40
-29.48
18.44
-21.20
-29.48
18.20
-29.11
-29.41
18.75
-21.84
-29.30
17.89
-22.66
-29.35
17.72
-23.57
-29.43
17.62
-24.53
-29.47
17.55
-25.50
-29.49
17.53
-26.46
-29.49
17.54
-27.38
-29.46
17.62
-28.19
-29.40
17.79
-28.81
-29.33
18.13
-18.83
-29.11
26.73
-19.30
-29.11
26.78
-18.01
-28.96
26.04
-18.68
-28.82
26.17
-19.57
-28.81
26.34
-20.42
-28.74
26.10
-21.09
-28.93
26.02
-17.86
-28.83
25.50
-18.41
-28.57
25.41
-20.77
-28.47
25.64
-21.45
-28.64
25.49
-22.12
-28.86
25.32
-10.47
-29.40
24.25
-10.93
-29.15
24.17
-11.64
-28.92
24.21
-12.45
-28.81
24.23
-13.15
-28.78
24.22
-17.76
-28.72
24.98
-18.12
-28.44
24.68
-21.84
-28.36
24.96
-22.57
-28.58
24.84
-23.48
-28.58
24.51
-24.31
-28.58
24.26
-25.07
-28.64
24.00
-10.56
-29.31
23.87
-11.04
-28.93
23.38
-11.73
-28.59
23.54
-12.56
-28.45
23.62
-13.53
-28.47
23.73
-14.54
-28.42
23.63
-15.48
-28.40
23.60
-16.39
-28.36
23.63
-17.21
-28.29
23.75
-17.87
-28.25
24.02
-25.77
-28.64
23.67
-26.46
-28.64
23.30
-27.08
-28.65
22.94
-11.17
-28.75
22.44
-27.55
-28.51
22.56
-28.03
-28.59
22.16
-11.30
-28.52
21.57
-28.49
-28.51
21.61
-28.98
-28.45
20.97
-11.49
-28.33
20.71
-11.95
-28.55
20.41
-12.63
-28.70
20.26
-13.41
-28.87
20.19
-14.11
-29.02
20.12
-29.41
-28.38
20.18
-29.73
-27.92
19.79
-11.56
-27.96
19.94
-11.96
-28.14
19.81
-12.65
-28.18
19.64
-13.52
-28.38
19.66
-14.46
-28.60
19.65
-15.42
-28.54
19.33
-16.16
-28.73
19.24
-29.54
-28.64
19.39
-29.84
-27.97
19.24
-11.61
-27.77
19.55
-11.92
-27.80
19.43
-12.38
-27.80
19.33
-15.82
-28.17
18.96
-16.57
-28.36
18.87
-17.52
-28.37
18.59
-18.51
-28.43
18.34
-19.48
-28.73
18.23
-20.34
-28.87
18.06
-21.01
-28.97
17.91
-29.47
-28.67
18.59
-29.86
-27.97
18.51
-18.89
-28.00
17.96
-19.58
-28.13
17.82
-20.45
-28.28
17.64
-21.49
-28.53
17.48
-22.58
-28.71
17.30
-23.55
-28.81
17.19
-24.52
-28.87
17.12
-25.50
-28.90
17.10
-26.48
-28.90
17.11
-27.42
-28.87
17.19
-28.32
-28.77
17.37
-29.15
-28.56
17.75
-29.78
-27.88
17.75
-21.90
-28.05
17.01
-22.64
-28.11
16.84
-23.56
-28.22
16.73
-24.53
-28.29
16.66
-25.51
-28.34
16.63
-26.49
-28.35
16.64
-27.45
-28.31
16.69
-28.36
-28.21
16.82
-29.17
-28.01
17.02
-29.73
-27.70
17.16
-19.08
-28.44
25.77
-19.61
-28.39
25.80
-20.15
-28.38
25.75
-18.98
-28.25
25.24
-19.66
-28.10
25.23
-20.44
-28.14
25.27
-21.13
-28.19
25.11
-18.80
-28.01
24.49
-19.64
-27.79
24.51
-20.53
-27.76
24.54
-21.50
-27.89
24.55
-22.49
-27.92
24.32
-23.40
-27.90
24.11
-24.27
-27.81
23.90
-25.01
-27.91
23.75
-11.36
-28.40
22.86
-11.85
-28.16
22.91
-12.63
-27.97
22.94
-13.56
-27.92
23.02
-14.53
-27.93
23.04
-15.49
-27.93
23.05
-16.43
-27.90
23.10
-17.38
-27.81
23.22
-18.47
-27.65
23.51
-19.58
-27.44
23.72
-20.54
-27.35
23.80
-21.50
-27.36
23.82
-22.45
-27.37
23.75
-23.33
-27.37
23.68
-24.01
-27.39
23.64
-25.63
-27.87
23.44
-26.37
-27.83
23.06
-26.95
-28.03
22.83
-11.39
-28.22
22.26
-11.87
-27.81
22.21
-12.65
-27.44
22.16
-13.61
-27.34
22.32
-14.57
-27.42
22.47
-15.50
-27.44
22.51
-16.43
-27.42
22.53
-17.33
-27.36
22.60
-18.15
-27.21
22.66
-26.70
-27.44
22.66
-27.33
-27.68
22.40
-27.92
-27.94
22.08
-11.41
-28.00
21.48
-11.78
-27.55
21.45
-12.33
-27.16
21.43
-13.98
-26.97
21.96
-14.66
-26.96
21.99
-15.52
-26.96
21.99
-16.44
-26.93
21.98
-17.31
-26.93
22.05
-17.98
-26.91
22.15
-27.70
-27.25
21.92
-28.29
-27.59
21.60
-28.93
-27.58
20.99
-11.46
-27.79
20.66
-11.74
-27.29
20.64
-12.14
-27.00
20.84
-29.41
-27.51
20.39
-29.77
-27.35
19.84
-11.50
-27.55
19.90
-11.63
-27.26
20.05
-12.96
-27.82
19.28
-13.61
-27.88
19.23
-14.41
-27.98
19.16
-15.10
-28.04
19.05
-29.99
-27.28
19.21
-11.61
-27.50
19.46
-12.00
-27.44
19.25
-12.71
-27.39
19.07
-13.60
-27.35
18.85
-14.50
-27.44
18.74
-15.47
-27.64
18.67
-16.46
-27.65
18.45
-17.41
-27.63
18.18
-18.17
-27.83
18.08
-30.13
-27.23
18.45
-17.81
-27.24
17.81
-18.57
-27.44
17.70
-19.49
-27.50
17.44
-20.41
-27.59
17.19
-21.15
-27.87
17.12
-30.18
-27.17
17.62
-20.83
-27.26
16.80
-21.57
-27.49
16.70
-22.56
-27.44
16.33
-23.56
-27.64
16.23
-24.53
-27.73
16.14
-25.52
-27.81
16.12
-26.49
-27.83
16.13
-27.46
-27.78
16.16
-28.41
-27.65
16.25
-29.29
-27.46
16.46
-30.08
-27.09
16.77
-30.46
-26.65
16.48
-22.89
-27.01
15.85
-23.61
-27.12
15.74
-24.55
-27.16
15.56
-25.54
-27.30
15.59
-26.50
-27.33
15.60
-27.45
-27.27
15.62
-28.42
-27.07
15.63
-29.33
-26.95
15.87
-30.04
-26.76
16.10
-30.42
-26.56
16.17
-24.90
-26.82
15.16
-25.61
-26.84
15.13
-26.49
-26.84
15.13
-27.37
-26.80
15.17
-28.07
-26.74
15.23
-24.56
-27.41
23.60
-24.98
-27.48
23.55
-18.99
-27.20
23.00
-19.69
-27.06
23.06
-20.57
-26.95
23.11
-21.52
-26.91
23.14
-22.48
-26.90
23.16
-23.42
-26.94
23.19
-24.36
-27.07
23.27
-25.29
-27.24
23.18
-26.02
-27.29
22.93
-12.96
-27.03
21.79
-13.41
-26.99
21.90
-18.81
-26.91
22.45
-19.63
-26.71
22.41
-20.55
-26.55
22.41
-21.52
-26.48
22.48
-22.50
-26.45
22.55
-23.47
-26.47
22.60
-24.44
-26.54
22.64
-25.39
-26.67
22.59
-26.33
-26.91
22.47
-27.04
-27.02
22.20
-12.92
-26.71
21.22
-13.72
-26.64
21.53
-14.61
-26.51
21.51
-15.50
-26.45
21.49
-16.48
-26.37
21.41
-17.46
-26.47
21.56
-18.44
-26.53
21.79
-19.49
-26.30
21.75
-20.50
-26.06
21.69
-21.53
-25.99
21.84
-22.53
-25.97
21.96
-23.50
-25.97
22.04
-24.47
-25.99
22.06
-25.44
-26.07
22.02
-26.41
-26.22
21.90
-27.38
-26.53
21.70
-28.23
-26.70
21.30
-28.86
-26.79
20.87
-11.98
-26.93
20.25
-12.49
-26.60
20.44
-16.86
-25.98
21.04
-17.58
-25.98
21.08
-18.47
-25.97
21.16
-19.37
-25.87
21.20
-20.09
-25.77
21.23
-29.34
-26.71
20.37
-29.74
-26.65
19.85
-11.60
-27.25
19.61
-11.89
-26.97
19.72
-12.52
-26.43
19.59
-30.01
-26.50
19.22
-11.66
-27.25
19.37
-12.03
-27.04
19.24
-12.84
-26.52
18.83
-13.67
-26.70
18.46
-14.55
-26.82
18.29
-15.47
-26.95
18.18
-16.36
-27.03
18.05
-17.07
-27.10
17.93
-30.27
-26.41
18.44
-13.30
-25.99
18.17
-13.83
-26.13
17.96
-14.61
-26.25
17.81
-15.50
-26.35
17.71
-16.44
-26.47
17.61
-17.43
-26.68
17.52
-18.47
-26.66
17.19
-19.41
-26.87
17.02
-20.11
-27.05
16.91
-30.50
-26.33
17.56
-30.73
-25.97
17.06
-18.82
-26.22
16.74
-19.56
-26.30
16.54
-20.50
-26.70
16.49
-21.43
-26.83
16.23
-22.16
-26.91
16.02
-30.49
-26.57
16.95
-30.68
-26.16
16.57
-19.89
-25.91
16.12
-20.59
-26.05
15.96
-21.48
-26.20
15.72
-22.51
-26.43
15.49
-23.48
-26.63
15.33
-24.18
-26.74
15.23
-28.77
-26.60
15.30
-29.43
-26.38
15.38
-30.11
-26.26
15.69
-30.54
-26.11
16.01
-22.91
-26.01
14.97
-23.63
-26.18
14.88
-24.55
-26.38
14.84
-25.53
-26.32
14.71
-26.49
-26.26
14.68
-27.44
-26.25
14.77
-28.37
-26.27
14.95
-29.09
-26.07
15.01
-13.24
-26.25
20.83
-13.81
-26.10
20.93
-14.60
-26.00
21.01
-15.43
-25.97
21.03
-16.14
-25.96
21.04
-20.83
-25.62
21.26
-21.60
-25.43
21.27
-22.57
-25.43
21.45
-23.52
-25.41
21.54
-24.49
-25.40
21.57
-25.44
-25.41
21.53
-26.41
-25.43
21.39
-27.43
-25.52
21.09
-28.27
-25.96
20.91
-28.80
-26.21
20.71
-13.11
-26.01
20.26
-13.80
-25.60
20.27
-14.63
-25.51
20.47
-15.52
-25.48
20.57
-16.50
-25.55
20.67
-17.52
-25.45
20.63
-18.48
-25.41
20.67
-19.43
-25.35
20.74
-20.39
-25.32
20.89
-21.16
-25.09
20.88
-27.95
-25.03
20.57
-28.53
-25.46
20.45
-29.14
-25.93
20.24
-29.62
-26.06
19.82
-13.08
-25.69
19.45
-13.53
-25.38
19.69
-28.24
-24.74
20.23
-28.68
-24.93
20.04
-29.27
-25.22
19.72
-29.83
-25.63
19.27
-13.12
-25.60
18.61
-30.24
-25.50
18.49
-13.41
-25.32
17.79
-13.92
-25.56
17.50
-14.65
-25.69
17.34
-15.52
-25.79
17.23
-16.44
-25.88
17.13
-17.35
-26.00
17.02
-18.09
-26.12
16.91
-30.58
-25.42
17.72
-30.82
-25.31
17.07
-13.58
-24.91
17.19
-13.99
-25.05
17.01
-14.68
-25.16
16.86
-15.53
-25.24
16.75
-16.45
-25.32
16.65
-17.44
-25.38
16.48
-18.42
-25.73
16.49
-19.17
-25.80
16.30
-30.87
-25.33
16.42
-17.84
-25.00
16.08
-18.57
-25.16
16.00
-19.51
-25.38
15.86
-20.47
-25.39
15.52
-21.41
-25.48
15.19
-22.18
-25.78
15.08
-29.72
-25.87
15.15
-30.22
-25.67
15.35
-30.71
-25.31
15.70
-21.84
-25.13
14.72
-22.62
-25.39
14.57
-23.60
-25.61
14.41
-24.54
-25.74
14.33
-25.49
-25.71
14.25
-26.49
-25.56
14.20
-27.50
-25.60
14.36
-28.45
-25.56
14.54
-29.38
-25.48
14.77
-30.15
-25.13
14.94
-30.61
-24.93
15.19
-22.97
-24.96
14.05
-23.67
-25.08
13.94
-24.53
-25.17
13.86
-25.40
-25.17
13.84
-26.12
-25.13
13.85
-21.91
-24.94
20.93
-22.64
-24.88
21.03
-23.54
-24.83
21.11
-24.48
-24.78
21.16
-25.40
-24.72
21.13
-26.29
-24.60
21.00
-27.07
-24.66
20.82
-14.09
-25.16
19.87
-14.70
-25.04
19.96
-15.55
-24.94
20.04
-16.51
-24.87
20.09
-17.51
-24.83
20.15
-18.49
-24.80
20.22
-19.45
-24.75
20.30
-20.43
-24.67
20.41
-21.50
-24.49
20.51
-22.57
-24.30
20.61
-23.53
-24.22
20.71
-24.46
-24.16
20.78
-25.32
-24.11
20.80
-25.99
-24.11
20.79
-27.57
-24.41
20.46
-13.39
-25.16
19.07
-13.86
-24.92
19.32
-14.64
-24.62
19.39
-15.50
-24.43
19.47
-16.48
-24.19
19.48
-17.53
-24.20
19.68
-18.51
-24.17
19.79
-19.45
-24.13
19.89
-20.36
-24.08
20.00
-21.09
-24.02
20.10
-28.08
-24.25
20.09
-28.66
-24.27
19.74
-29.34
-24.39
19.29
-29.79
-24.84
19.02
-13.39
-24.91
18.44
-13.88
-24.41
18.48
-14.61
-24.17
18.76
-15.39
-23.98
18.91
-16.03
-23.87
19.04
-29.73
-24.12
18.81
-30.12
-24.51
18.47
-13.45
-24.54
17.62
-13.68
-24.19
17.85
-30.56
-24.48
17.74
-30.88
-24.44
17.05
-13.57
-24.34
16.89
-14.01
-24.52
16.61
-14.69
-24.62
16.43
-15.52
-24.70
16.31
-16.38
-24.78
16.22
-17.11
-24.88
16.15
-31.03
-24.42
16.35
-13.67
-24.00
16.44
-14.04
-24.03
16.25
-14.71
-24.05
16.06
-15.55
-24.12
15.90
-16.48
-24.23
15.78
-17.49
-24.49
15.76
-18.49
-24.54
15.56
-19.43
-24.64
15.37
-20.36
-24.64
15.04
-21.09
-24.88
14.89
-31.01
-24.38
15.64
-20.74
-24.26
14.60
-21.49
-24.50
14.41
-22.24
-24.76
14.22
-26.85
-25.06
13.89
-27.59
-24.96
13.96
-28.49
-24.86
14.12
-29.38
-24.70
14.31
-30.23
-24.36
14.51
-30.81
-24.26
14.99
-21.88
-24.12
13.89
-22.65
-24.35
13.70
-23.62
-24.52
13.52
-24.53
-24.60
13.44
-25.46
-24.63
13.44
-26.46
-24.63
13.54
-27.49
-24.28
13.49
-28.48
-24.18
13.68
-29.35
-24.06
13.88
-30.00
-23.92
14.06
-22.98
-23.91
13.22
-23.68
-23.98
13.09
-24.55
-24.03
13.01
-25.46
-24.04
13.02
-26.36
-24.00
13.08
-27.08
-23.90
13.13
-26.52
-24.11
20.75
-26.93
-24.15
20.66
-21.84
-23.87
20.16
-22.61
-23.63
20.17
-23.56
-23.60
20.31
-24.48
-23.53
20.39
-25.40
-23.49
20.44
-26.29
-23.64
20.50
-27.15
-23.71
20.32
-16.85
-23.60
19.06
-17.65
-23.60
19.25
-18.55
-23.55
19.38
-19.49
-23.50
19.49
-20.44
-23.47
19.63
-21.40
-23.49
19.82
-22.17
-23.29
19.84
-27.86
-23.55
19.91
-28.52
-23.51
19.52
-29.14
-23.51
19.10
-14.10
-23.92
18.05
-14.66
-23.72
18.21
-15.45
-23.46
18.35
-16.24
-23.46
18.70
-29.65
-23.44
18.66
-30.11
-23.59
18.24
-13.56
-23.97
17.25
-13.92
-23.67
17.45
-14.59
-23.36
17.67
-15.18
-23.17
17.84
-30.51
-23.53
17.68
-30.89
-23.51
17.02
-13.56
-23.74
16.74
-13.76
-23.48
16.90
-31.15
-23.48
16.30
-13.66
-23.65
16.34
-14.07
-23.55
16.08
-14.76
-23.42
15.79
-15.58
-23.49
15.52
-16.53
-23.54
15.27
-17.52
-23.79
15.23
-18.46
-23.91
15.11
-19.33
-24.01
14.96
-20.02
-24.09
14.79
-31.27
-23.42
15.53
-16.90
-23.15
14.87
-17.61
-23.24
14.78
-18.48
-23.34
14.67
-19.38
-23.47
14.52
-20.35
-23.65
14.30
-21.12
-23.88
14.10
-30.63
-23.67
14.33
-31.18
-23.30
14.70
-31.51
-22.74
14.45
-20.75
-23.24
13.78
-21.51
-23.49
13.58
-22.27
-23.74
13.39
-27.82
-23.72
13.19
-28.56
-23.47
13.24
-29.46
-23.40
13.51
-30.33
-23.27
13.84
-31.07
-22.88
14.07
-31.44
-22.61
14.15
-21.91
-23.11
13.09
-22.66
-23.34
12.95
-23.60
-23.37
12.71
-24.53
-23.41
12.62
-25.48
-23.42
12.61
-26.42
-23.40
12.69
-27.38
-23.37
12.85
-28.13
-23.10
12.87
-22.91
-23.14
19.88
-23.61
-23.04
19.93
-24.49
-22.91
19.97
-25.46
-22.73
19.97
-26.32
-22.87
20.08
-27.04
-22.91
19.97
-17.06
-23.18
18.75
-17.70
-23.07
18.84
-18.57
-22.94
18.93
-19.52
-22.86
19.07
-20.49
-22.81
19.22
-21.48
-22.79
19.38
-22.51
-22.75
19.53
-23.48
-22.52
19.53
-24.36
-22.37
19.55
-25.15
-22.19
19.55
-27.67
-22.78
19.65
-28.36
-22.75
19.30
-28.98
-22.73
18.92
-15.87
-23.02
18.06
-16.65
-22.91
18.30
-17.57
-22.60
18.34
-18.52
-22.29
18.38
-19.54
-22.18
18.59
-20.53
-22.12
18.79
-21.51
-22.08
18.95
-22.49
-22.03
19.06
-23.44
-21.92
19.12
-24.31
-21.83
19.18
-24.97
-21.78
19.24
-29.55
-22.57
18.43
-30.03
-22.89
18.12
-14.17
-23.21
17.05
-14.75
-22.93
17.16
-15.56
-22.71
17.50
-16.53
-22.31
17.58
-17.43
-22.14
17.81
-18.10
-21.98
17.93
-29.90
-22.18
18.00
-30.35
-22.54
17.65
-30.86
-22.56
16.98
-13.68
-23.37
16.49
-14.04
-23.11
16.58
-14.85
-22.50
16.43
-15.57
-22.19
16.84
-16.21
-21.98
17.05
-31.22
-22.53
16.29
-13.72
-23.36
16.27
-14.10
-23.14
16.10
-14.91
-22.62
15.61
-15.59
-22.88
15.18
-16.22
-23.03
15.00
-31.50
-22.43
15.48
-31.71
-22.01
15.03
-15.32
-22.09
14.85
-15.82
-22.39
14.69
-16.61
-22.66
14.58
-17.55
-22.70
14.36
-18.46
-22.79
14.22
-19.32
-22.91
14.09
-20.03
-23.04
13.95
-31.52
-22.67
14.90
-31.69
-22.19
14.55
-15.52
-21.81
14.43
-15.95
-21.89
14.26
-16.66
-22.02
14.07
-17.54
-22.09
13.88
-18.47
-22.22
13.75
-19.39
-22.38
13.61
-20.38
-22.61
13.43
-21.16
-22.86
13.27
-28.85
-22.89
12.97
-29.52
-22.72
13.12
-30.35
-22.38
13.30
-31.10
-22.22
13.65
-31.55
-22.09
14.00
-20.81
-22.20
12.92
-21.58
-22.49
12.80
-22.57
-22.50
12.42
-23.58
-22.69
12.28
-24.53
-22.76
12.21
-25.49
-22.77
12.22
-26.45
-22.73
12.29
-27.41
-22.65
12.42
-28.44
-22.43
12.57
-29.36
-22.17
12.74
-29.98
-22.01
12.90
-22.91
-22.01
11.99
-23.63
-22.05
11.87
-24.54
-22.10
11.81
-25.50
-22.08
11.81
-26.45
-22.06
11.90
-27.35
-22.01
12.03
-28.06
-21.94
12.17
-25.90
-22.28
19.74
-26.44
-22.31
19.76
-26.97
-22.38
19.72
-25.76
-21.89
19.43
-26.52
-21.83
19.39
-27.37
-22.02
19.35
-28.21
-22.04
19.04
-28.78
-22.13
18.80
-18.83
-21.75
18.03
-19.61
-21.44
18.10
-20.59
-21.42
18.40
-21.54
-21.38
18.57
-22.50
-21.32
18.68
-23.46
-21.26
18.76
-24.42
-21.21
18.85
-25.42
-21.30
19.01
-26.46
-21.17
18.97
-27.39
-21.23
18.87
-28.27
-21.35
18.65
-29.07
-21.67
18.39
-16.87
-21.82
17.22
-17.53
-21.66
17.37
-18.36
-21.50
17.59
-19.07
-21.09
17.58
-29.70
-21.47
17.89
-30.32
-21.55
17.40
-30.81
-21.68
16.89
-15.26
-21.76
15.98
-15.79
-21.61
16.36
-16.57
-21.48
16.72
-17.46
-21.16
16.85
-18.24
-20.99
17.06
-18.79
-20.83
17.19
-31.19
-21.63
16.32
-15.16
-21.76
15.40
-31.51
-21.47
15.67
-31.76
-21.32
15.04
-15.29
-21.57
14.79
-31.84
-21.31
14.42
-15.53
-21.42
14.32
-15.99
-21.31
13.96
-16.68
-21.39
13.65
-17.55
-21.42
13.37
-18.49
-21.64
13.28
-19.36
-21.80
13.16
-20.08
-21.97
13.05
-30.67
-21.60
13.01
-31.26
-21.42
13.28
-31.70
-21.23
13.73
-17.89
-21.02
12.96
-18.58
-21.11
12.85
-19.46
-21.24
12.70
-20.47
-21.50
12.54
-21.46
-21.77
12.33
-22.18
-21.91
12.15
-28.76
-21.76
12.29
-29.44
-21.47
12.39
-30.17
-21.45
12.68
-31.45
-20.96
13.11
-31.68
-20.85
13.31
-20.88
-21.03
12.07
-21.61
-21.16
11.89
-22.54
-21.44
11.75
-23.54
-21.34
11.46
-24.52
-21.44
11.42
-25.50
-21.32
11.39
-26.50
-21.34
11.53
-27.44
-21.34
11.71
-28.36
-21.34
11.95
-29.07
-21.09
12.04
-23.85
-20.89
11.14
-24.50
-20.90
11.10
-25.14
-20.88
11.11
-20.02
-20.75
17.82
-20.74
-20.74
18.07
-21.59
-20.67
18.22
-22.51
-20.60
18.33
-23.47
-20.51
18.42
-24.45
-20.41
18.50
-25.46
-20.41
18.60
-26.45
-20.38
18.58
-27.40
-20.42
18.47
-28.31
-20.52
18.26
-28.96
-20.89
18.13
-19.52
-20.57
17.41
-28.77
-20.15
17.93
-29.43
-20.51
17.71
-30.30
-20.55
17.10
-30.75
-21.01
16.81
-15.47
-21.30
15.72
-15.91
-21.07
15.87
-16.62
-20.84
16.11
-17.49
-20.51
16.25
-18.33
-20.44
16.62
-19.03
-20.39
16.95
-30.80
-20.21
16.53
-31.06
-20.82
16.37
-15.44
-21.15
15.26
-15.96
-20.61
15.23
-16.60
-20.35
15.55
-17.21
-20.13
15.72
-31.11
-20.04
16.13
-31.40
-20.45
15.78
-31.77
-20.44
15.05
-15.47
-21.04
14.68
-15.86
-20.51
14.50
-31.93
-20.41
14.36
-15.60
-20.99
14.22
-16.05
-20.53
13.74
-16.65
-20.78
13.31
-17.23
-20.91
13.11
-30.80
-21.11
12.80
-31.14
-21.04
12.95
-31.90
-20.36
13.69
-16.32
-20.05
13.03
-16.80
-20.26
12.82
-17.58
-20.52
12.69
-18.48
-20.54
12.46
-19.40
-20.57
12.24
-20.15
-20.83
12.19
-29.79
-20.87
12.21
-30.50
-20.70
12.45
-31.25
-20.56
12.81
-31.70
-20.30
13.14
-19.81
-20.21
11.88
-20.56
-20.42
11.80
-21.56
-20.39
11.44
-22.48
-20.70
11.33
-23.18
-20.82
11.21
-25.83
-20.77
11.14
-26.58
-20.60
11.17
-27.52
-20.61
11.37
-28.44
-20.55
11.58
-29.38
-20.44
11.84
-30.11
-20.20
12.01
-22.00
-19.99
11.07
-22.66
-20.14
10.96
-23.54
-20.37
10.91
-24.49
-20.33
10.82
-25.42
-20.38
10.88
-26.17
-20.20
10.89
-20.25
-20.30
17.62
-20.80
-20.16
17.73
-21.60
-20.00
17.85
-22.51
-19.89
17.98
-23.44
-19.74
18.09
-24.44
-19.48
18.15
-25.48
-19.54
18.28
-26.44
-19.54
18.27
-27.38
-19.57
18.15
-28.08
-19.83
18.08
-19.96
-20.04
17.24
-20.67
-19.64
17.26
-21.56
-19.30
17.36
-22.48
-19.22
17.61
-23.32
-19.08
17.76
-23.99
-19.00
17.88
-27.82
-19.16
17.91
-28.51
-19.43
17.79
-29.34
-19.50
17.45
-30.09
-19.51
16.99
-17.87
-19.97
15.94
-18.54
-19.86
16.20
-19.45
-19.70
16.60
-20.39
-19.07
16.62
-21.17
-18.90
16.91
-30.66
-19.43
16.49
-16.25
-20.11
14.90
-16.75
-19.86
15.08
-17.58
-19.55
15.34
-18.51
-19.32
15.67
-19.30
-19.10
15.94
-19.92
-18.80
16.08
-31.07
-19.45
16.07
-31.42
-19.49
15.62
-31.77
-19.52
14.99
-16.20
-19.90
14.35
-16.67
-19.48
14.47
-17.25
-19.09
14.59
-31.97
-19.49
14.31
-16.25
-19.53
13.52
-16.62
-19.08
13.86
-17.02
-18.84
14.10
-31.98
-19.44
13.58
-16.28
-19.34
12.57
-16.80
-19.67
12.28
-17.57
-19.85
12.13
-18.40
-19.96
12.04
-19.09
-20.05
11.97
-30.75
-19.98
12.22
-31.27
-19.78
12.46
-31.75
-19.39
12.84
-15.76
-18.80
11.38
-16.09
-18.91
11.67
-16.73
-19.17
11.66
-17.56
-19.24
11.54
-18.50
-19.44
11.59
-19.45
-19.66
11.60
-20.38
-19.68
11.40
-21.18
-19.65
11.14
-26.89
-20.05
10.95
-27.59
-19.94
11.05
-28.46
-19.78
11.20
-29.42
-19.49
11.39
-30.39
-19.46
11.79
-31.14
-19.15
12.06
-31.57
-18.96
12.34
-15.76
-18.75
11.25
-16.07
-18.72
11.28
-16.64
-18.79
11.23
-17.23
-18.84
11.19
-21.80
-19.45
10.83
-22.62
-19.46
10.59
-23.55
-19.60
10.49
-24.51
-19.65
10.44
-25.48
-19.66
10.49
-26.50
-19.62
10.62
-27.47
-19.33
10.68
-28.35
-19.12
10.81
-29.05
-19.00
10.98
-24.81
-18.70
17.94
-25.58
-18.76
18.04
-26.43
-18.72
18.01
-27.13
-18.92
17.99
-21.89
-18.74
17.13
-22.53
-18.60
17.28
-23.37
-18.33
17.42
-24.21
-18.44
17.70
-26.84
-18.29
17.81
-27.55
-18.51
17.76
-28.44
-18.55
17.53
-29.26
-18.60
17.24
-29.99
-18.60
16.84
-20.76
-18.27
16.26
-21.58
-18.30
16.73
-22.39
-18.05
16.95
-22.99
-17.93
17.10
-30.64
-18.56
16.32
-30.99
-18.30
15.95
-17.99
-18.94
14.99
-18.59
-18.76
15.20
-19.31
-18.53
15.44
-20.04
-18.19
15.69
-31.03
-18.85
16.01
-31.31
-18.56
15.59
-31.72
-18.63
14.95
-17.80
-18.49
14.44
-18.56
-18.21
14.70
-19.24
-18.02
14.98
-19.75
-17.86
15.20
-31.96
-18.55
14.28
-16.33
-18.82
13.09
-16.70
-18.44
13.35
-17.25
-18.33
13.85
-32.03
-18.49
13.53
-16.22
-18.46
12.42
-16.50
-18.13
12.80
-31.92
-18.42
12.80
-15.73
-18.64
11.35
-15.97
-18.39
11.58
-17.90
-18.86
11.18
-18.60
-18.91
11.16
-19.46
-18.99
11.12
-20.31
-19.05
11.01
-20.97
-19.13
10.89
-29.75
-18.78
11.16
-30.43
-18.48
11.34
-31.17
-18.38
11.76
-31.65
-18.31
12.20
-15.76
-18.60
11.20
-16.08
-18.31
11.11
-16.73
-18.31
10.90
-17.58
-18.43
10.86
-18.54
-18.37
10.75
-19.47
-18.39
10.69
-20.40
-18.49
10.59
-21.40
-18.74
10.48
-22.49
-18.67
10.09
-23.55
-18.91
10.02
-24.52
-19.00
9.99
-25.48
-18.98
10.02
-26.46
-18.87
10.09
-27.42
-18.66
10.22
-28.38
-18.36
10.36
-29.35
-18.37
10.77
-30.00
-18.11
10.93
-22.86
-18.14
9.49
-23.66
-18.37
9.49
-24.54
-18.45
9.48
-25.45
-18.41
9.48
-26.42
-18.20
9.48
-27.33
-18.09
9.72
-27.98
-17.99
9.91
-23.08
-17.80
9.05
-23.72
-17.92
8.99
-24.53
-17.99
8.96
-25.37
-17.96
8.97
-26.06
-17.86
9.00
-25.01
-18.18
17.78
-25.58
-18.15
17.83
-26.17
-18.17
17.84
-23.81
-17.62
17.23
-24.66
-17.75
17.50
-25.58
-17.61
17.55
-26.52
-17.71
17.59
-27.49
-17.70
17.45
-28.39
-17.74
17.27
-29.20
-17.79
17.03
-29.86
-17.80
16.71
-21.01
-17.49
15.98
-21.71
-17.46
16.38
-22.47
-17.36
16.67
-23.21
-17.37
16.93
-30.46
-17.65
16.21
-30.93
-17.81
15.86
-20.42
-17.43
15.49
-30.73
-17.21
15.79
-31.24
-17.53
15.35
-31.66
-17.92
14.89
-17.98
-17.86
14.04
-18.59
-17.53
14.20
-19.30
-17.42
14.59
-19.91
-17.32
14.98
-31.59
-17.19
14.72
-31.86
-17.60
14.30
-16.97
-17.82
13.17
-17.58
-17.54
13.49
-18.23
-17.20
13.72
-32.01
-17.52
13.49
-16.30
-17.60
12.09
-16.72
-17.47
12.65
-17.24
-17.18
12.96
-31.98
-17.47
12.70
-16.11
-17.50
11.44
-30.72
-17.64
11.11
-31.28
-17.58
11.51
-31.73
-17.45
12.01
-16.23
-17.38
10.78
-16.82
-17.64
10.52
-17.62
-17.74
10.40
-18.53
-17.76
10.31
-19.47
-17.78
10.24
-20.40
-17.86
10.13
-21.31
-17.99
9.96
-22.01
-18.12
9.81
-28.78
-17.65
10.05
-29.49
-17.61
10.39
-30.19
-17.49
10.70
-16.39
-16.94
10.29
-16.87
-17.04
10.11
-17.63
-17.11
9.98
-18.53
-17.13
9.89
-19.46
-17.16
9.81
-20.39
-17.22
9.66
-21.39
-17.30
9.37
-22.24
-17.71
9.35
-26.77
-17.71
9.10
-27.47
-17.52
9.24
-28.21
-17.50
9.63
-21.93
-17.00
8.85
-22.71
-17.27
8.69
-23.65
-17.46
8.51
-24.53
-17.54
8.44
-25.41
-17.51
8.47
-26.38
-17.39
8.59
-27.13
-17.22
8.75
-23.04
-16.87
8.12
-23.71
-17.00
7.99
-24.53
-17.07
7.93
-25.36
-17.07
7.95
-26.06
-17.03
8.05
-24.03
-17.04
17.04
-24.70
-16.98
17.15
-25.58
-16.90
17.20
-26.51
-16.91
17.20
-27.47
-16.93
17.10
-28.37
-16.99
16.95
-29.17
-17.10
16.77
-29.71
-17.25
16.62
-21.20
-16.78
15.77
-21.81
-16.70
16.10
-22.61
-16.55
16.38
-23.60
-16.56
16.71
-24.59
-16.29
16.81
-25.54
-16.18
16.85
-26.49
-16.17
16.82
-27.45
-16.20
16.73
-28.39
-16.28
16.56
-29.29
-16.44
16.34
-29.99
-16.94
16.25
-20.70
-16.70
15.29
-29.74
-16.14
15.93
-30.38
-16.49
15.71
-31.03
-16.56
15.13
-18.86
-16.95
13.97
-19.42
-16.78
14.25
-20.14
-16.51
14.65
-31.52
-16.47
14.46
-31.83
-16.85
14.08
-17.86
-16.86
13.23
-18.54
-16.53
13.47
-19.34
-16.20
13.81
-19.92
-16.02
14.13
-31.72
-16.14
13.91
-31.94
-16.50
13.45
-16.37
-16.94
11.88
-16.78
-16.62
12.20
-17.49
-16.52
12.74
-18.12
-16.16
12.96
-32.00
-16.48
12.55
-16.19
-16.59
11.35
-16.49
-16.24
11.70
-30.87
-17.02
10.89
-31.34
-16.82
11.20
-31.81
-16.44
11.69
-16.07
-16.44
10.65
-29.00
-17.14
9.79
-29.62
-16.93
9.99
-30.49
-16.61
10.35
-31.25
-16.23
10.74
-31.68
-16.00
11.11
-16.24
-16.34
10.06
-16.82
-16.42
9.75
-17.61
-16.48
9.59
-18.51
-16.51
9.49
-19.42
-16.54
9.40
-20.28
-16.58
9.25
-21.06
-16.59
8.98
-27.87
-17.04
8.99
-28.60
-16.87
9.28
-29.47
-16.38
9.39
-30.16
-16.16
9.72
-21.70
-16.42
8.49
-22.38
-16.67
8.30
-26.78
-16.91
8.22
-27.53
-16.73
8.43
-28.44
-16.30
8.53
-29.12
-16.10
8.82
-22.05
-16.09
8.00
-22.75
-16.27
7.74
-23.67
-16.47
7.52
-24.54
-16.56
7.42
-25.44
-16.58
7.46
-26.41
-16.55
7.67
-27.38
-16.17
7.69
-28.12
-15.98
7.92
-23.09
-15.88
7.22
-23.71
-15.95
7.03
-24.54
-15.99
6.88
-25.45
-16.01
6.89
-26.35
-15.96
7.01
-27.05
-15.85
7.16
-21.34
-16.28
15.62
-21.82
-16.02
15.77
-22.63
-15.60
15.97
-23.61
-15.59
16.32
-24.56
-15.50
16.48
-25.51
-15.44
16.51
-26.47
-15.42
16.46
-27.42
-15.49
16.34
-28.36
-15.54
16.13
-29.06
-15.82
16.07
-21.07
-16.06
15.23
-21.58
-15.56
15.31
-22.15
-15.12
15.44
-28.78
-15.20
15.74
-29.47
-15.53
15.66
-30.25
-15.71
15.33
-30.83
-15.79
14.92
-20.70
-15.75
14.65
-21.31
-15.07
14.74
-21.87
-14.82
15.04
-31.24
-15.67
14.39
-18.77
-15.81
13.19
-19.43
-15.46
13.45
-20.23
-15.33
13.99
-20.84
-14.91
14.24
-31.55
-15.46
13.79
-31.87
-15.52
13.16
-16.95
-15.96
12.03
-17.52
-15.78
12.36
-18.31
-15.43
12.73
-19.02
-15.15
13.03
-32.04
-15.50
12.40
-16.17
-15.84
11.11
-16.59
-15.51
11.55
-17.32
-15.24
12.02
-17.86
-15.09
12.30
-32.03
-15.43
11.60
-15.35
-14.95
9.93
-15.83
-15.41
10.46
-16.14
-15.16
10.99
-30.80
-15.87
10.02
-31.36
-15.48
10.30
-31.83
-15.33
10.91
-14.82
-14.82
9.21
-15.17
-14.93
9.43
-15.90
-15.51
9.64
-16.69
-15.75
9.33
-17.56
-15.85
9.17
-18.48
-15.91
9.08
-19.39
-15.95
9.00
-20.20
-16.02
8.89
-20.80
-16.10
8.74
-29.81
-15.84
9.10
-30.49
-15.51
9.38
-31.11
-15.16
9.72
-14.82
-14.78
9.08
-15.15
-14.78
9.07
-15.81
-15.02
9.00
-16.63
-15.18
8.82
-17.53
-15.27
8.69
-18.48
-15.33
8.62
-19.39
-15.40
8.55
-20.25
-15.52
8.45
-21.08
-15.75
8.29
-28.81
-15.79
8.20
-29.45
-15.61
8.52
-30.13
-15.16
8.61
-21.70
-15.57
7.77
-22.33
-15.57
7.39
-27.77
-15.68
7.34
-28.51
-15.45
7.56
-29.34
-15.16
7.86
-29.92
-14.87
8.05
-22.85
-15.38
6.94
-23.59
-15.34
6.57
-24.48
-15.32
6.27
-25.47
-15.41
6.30
-26.46
-15.34
6.41
-27.40
-15.37
6.82
-28.13
-15.13
6.95
-24.77
-14.87
5.71
-25.49
-14.87
5.70
-26.18
-14.94
5.89
-24.85
-14.59
5.38
-25.21
-14.59
5.36
-23.03
-14.77
15.80
-23.74
-14.78
16.05
-24.58
-14.74
16.17
-25.48
-14.70
16.18
-26.45
-14.64
16.06
-27.37
-14.84
15.98
-28.08
-14.97
15.85
-22.57
-14.51
15.39
-26.80
-14.19
15.72
-27.51
-14.30
15.57
-28.47
-14.56
15.38
-29.43
-14.85
15.15
-30.19
-15.10
14.94
-30.67
-15.28
14.74
-21.52
-14.28
14.52
-22.12
-14.27
14.94
-28.85
-14.14
14.85
-29.54
-14.24
14.59
-30.29
-14.61
14.46
-30.89
-15.02
14.32
-19.64
-14.83
13.33
-20.15
-14.47
13.61
-20.89
-14.30
14.06
-29.85
-13.89
14.14
-30.46
-14.11
13.94
-31.20
-14.57
13.63
-31.74
-14.65
12.97
-18.46
-14.61
12.66
-19.24
-14.56
13.03
-19.74
-14.31
13.26
-32.03
-14.57
12.25
-16.59
-14.62
11.53
-17.28
-14.62
11.95
-17.88
-14.61
12.28
-32.21
-14.46
11.40
-32.42
-14.17
11.14
-15.25
-14.48
9.92
-15.62
-14.51
10.47
-16.07
-14.57
11.00
-31.65
-14.79
10.13
-32.07
-14.41
10.64
-32.38
-14.15
10.88
-14.78
-14.66
9.18
-15.01
-14.45
9.35
-30.85
-14.88
9.12
-31.39
-14.48
9.46
-31.84
-14.12
9.93
-14.81
-14.61
9.01
-15.12
-14.29
8.83
-15.79
-14.50
8.53
-16.60
-14.62
8.32
-17.52
-14.68
8.17
-18.48
-14.75
8.09
-19.41
-14.85
8.05
-20.26
-14.98
7.96
-20.90
-15.19
7.90
-30.60
-14.61
8.52
-31.09
-14.11
8.66
-15.33
-13.85
8.31
-15.82
-13.95
8.06
-16.59
-14.03
7.82
-17.51
-14.05
7.59
-18.51
-14.14
7.50
-19.46
-14.32
7.51
-20.41
-14.44
7.36
-21.32
-14.91
7.40
-22.02
-15.04
7.14
-28.82
-14.89
7.13
-29.44
-14.64
7.36
-30.23
-14.26
7.71
-30.81
-13.91
8.06
-17.78
-13.71
7.23
-18.27
-13.75
7.18
-20.81
-14.10
6.88
-21.51
-14.36
6.79
-22.41
-14.69
6.61
-23.33
-14.67
6.12
-24.03
-14.87
5.98
-26.87
-14.90
6.09
-27.55
-14.80
6.29
-28.46
-14.55
6.51
-29.32
-14.22
6.77
-29.91
-13.97
7.01
-23.68
-14.28
5.58
-24.27
-14.58
5.59
-25.85
-14.42
5.33
-26.60
-14.53
5.62
-27.45
-14.35
5.75
-28.12
-14.20
5.91
-23.96
-14.00
5.21
-24.58
-14.20
5.17
-25.30
-14.21
5.08
-23.26
-14.24
15.66
-23.80
-14.13
15.76
-24.58
-14.08
15.85
-25.40
-14.08
15.87
-26.09
-14.12
15.83
-23.00
-13.91
15.32
-23.71
-13.49
15.33
-24.60
-13.47
15.45
-25.47
-13.53
15.48
-26.41
-13.70
15.45
-27.36
-13.67
15.12
-28.12
-13.95
15.03
-21.68
-13.45
14.39
-22.52
-13.45
14.83
-23.25
-13.12
14.97
-27.76
-13.25
14.60
-28.51
-13.63
14.58
-29.19
-13.73
14.35
-16.24
-12.57
12.71
-16.79
-12.76
12.88
-17.56
-12.99
13.03
-18.42
-13.18
13.17
-19.29
-13.29
13.37
-20.10
-13.58
13.58
-20.94
-13.51
13.98
-27.98
-12.88
14.22
-28.63
-13.06
14.09
-29.51
-13.32
13.90
-30.39
-13.41
13.50
-31.17
-13.63
13.07
-31.65
-13.99
12.77
-15.51
-12.53
12.01
-15.91
-12.74
12.22
-16.62
-13.23
12.34
-17.44
-13.55
12.55
-18.28
-13.88
12.73
-19.16
-13.91
13.07
-19.71
-13.93
13.26
-31.48
-13.31
12.52
-31.87
-13.72
12.18
-15.43
-12.64
11.69
-15.67
-13.07
11.45
-16.42
-13.79
11.69
-17.25
-14.03
12.11
-17.83
-14.17
12.34
-32.18
-13.72
11.34
-32.42
-13.92
11.12
-15.21
-13.95
9.96
-15.44
-13.58
10.51
-15.97
-13.98
11.06
-32.16
-13.63
10.62
-32.40
-13.89
10.87
-15.04
-13.77
9.45
-15.10
-13.26
9.70
-31.62
-13.78
9.27
-31.91
-13.47
9.72
-15.01
-13.38
8.85
-15.00
-13.12
9.22
-31.44
-13.38
8.66
-31.76
-13.14
9.13
-15.21
-13.22
8.13
-15.75
-13.33
7.71
-16.49
-13.38
7.38
-17.18
-13.59
7.30
-18.84
-13.79
7.13
-19.48
-13.86
7.06
-20.13
-13.94
6.97
-30.56
-13.48
7.31
-31.02
-13.32
7.87
-16.85
-13.03
7.02
-17.56
-13.26
6.97
-18.53
-13.36
6.82
-19.48
-13.39
6.61
-20.49
-13.56
6.45
-21.47
-13.79
6.26
-22.31
-14.02
6.05
-22.94
-14.17
5.87
-28.78
-13.99
6.06
-29.41
-13.69
6.23
-30.10
-13.38
6.60
-20.85
-13.16
5.89
-21.54
-13.29
5.71
-22.40
-13.45
5.45
-23.16
-13.84
5.45
-26.03
-14.00
4.97
-26.68
-13.98
5.08
-27.51
-13.86
5.22
-28.42
-13.69
5.48
-29.36
-13.14
5.53
-29.96
-12.97
5.97
-22.84
-13.19
4.98
-23.60
-13.48
4.93
-24.54
-13.55
4.70
-25.58
-13.55
4.56
-26.58
-13.49
4.55
-27.47
-13.38
4.62
-28.31
-13.18
4.73
-29.05
-12.81
4.76
-25.90
-13.02
4.04
-26.62
-12.99
4.02
-27.45
-12.91
4.05
-28.25
-12.74
4.13
-28.84
-12.57
4.27
-23.96
-12.92
15.04
-24.66
-12.87
15.04
-25.49
-12.96
15.03
-26.32
-13.10
14.98
-26.95
-13.19
14.87
-17.19
-11.75
13.70
-17.75
-11.85
13.80
-18.47
-11.92
13.86
-19.12
-11.95
13.90
-21.66
-12.58
14.27
-22.55
-12.51
14.53
-23.55
-12.45
14.70
-24.61
-12.19
14.56
-25.55
-12.41
14.57
-26.39
-12.60
14.53
-27.16
-12.84
14.50
-16.13
-12.06
12.93
-16.83
-12.09
13.33
-17.64
-12.39
13.46
-18.48
-12.51
13.57
-19.39
-12.49
13.72
-20.23
-12.70
13.81
-20.96
-12.72
14.01
-25.08
-11.79
14.23
-25.71
-11.89
14.17
-26.55
-12.05
14.08
-27.54
-12.33
13.99
-28.51
-12.37
13.69
-29.43
-12.49
13.41
-30.32
-12.60
13.03
-30.95
-12.94
12.80
-15.34
-12.10
12.04
-15.67
-12.11
12.48
-30.67
-12.27
12.54
-31.26
-12.62
12.23
-31.73
-13.07
11.94
-15.21
-12.22
11.55
-15.26
-12.51
11.11
-31.53
-12.32
11.45
-31.90
-12.93
11.33
-15.16
-12.67
10.43
-31.69
-12.18
10.82
-31.94
-12.69
10.54
-14.83
-12.19
9.32
-14.99
-12.57
9.69
-31.91
-12.69
9.73
-14.83
-12.41
8.75
-14.93
-12.71
9.20
-31.51
-12.51
8.45
-31.78
-12.60
9.08
-14.58
-11.70
7.44
-14.91
-12.22
7.77
-15.59
-12.64
7.37
-16.19
-12.83
7.15
-30.79
-12.90
7.11
-31.14
-12.48
7.53
-14.64
-11.58
7.19
-14.99
-11.80
7.15
-15.66
-12.07
6.94
-16.53
-12.40
6.77
-17.50
-12.51
6.51
-18.49
-12.54
6.22
-19.42
-12.79
6.10
-20.15
-13.00
6.02
-30.57
-12.70
6.55
-30.92
-12.14
6.71
-18.85
-12.08
5.73
-19.59
-12.23
5.53
-20.52
-12.65
5.51
-21.43
-12.78
5.22
-22.12
-12.96
5.08
-29.87
-12.45
5.25
-30.34
-12.35
5.83
-30.73
-11.96
6.15
-19.94
-11.90
5.05
-20.62
-12.06
4.87
-21.53
-12.22
4.60
-22.53
-12.65
4.60
-23.52
-12.82
4.38
-24.42
-12.93
4.21
-25.16
-12.99
4.11
-29.59
-12.24
4.62
-29.80
-11.83
4.43
-21.91
-11.89
4.11
-22.63
-12.04
3.99
-23.53
-12.21
3.85
-24.46
-12.35
3.72
-25.51
-12.45
3.62
-26.53
-12.46
3.54
-27.43
-12.38
3.55
-28.31
-12.15
3.61
-29.14
-12.03
4.01
-29.60
-11.73
4.13
-25.86
-11.94
3.17
-26.57
-11.92
3.11
-27.36
-11.87
3.12
-28.00
-11.79
3.20
-17.10
-11.19
13.82
-17.77
-11.20
13.99
-18.57
-11.25
14.05
-19.49
-11.42
14.04
-20.45
-11.43
14.09
-21.40
-11.68
14.18
-22.45
-11.61
14.32
-23.39
-11.55
14.35
-24.25
-11.42
14.23
-15.93
-11.33
13.08
-16.52
-11.29
13.49
-19.76
-11.98
13.92
-20.36
-12.05
13.97
-20.93
-12.13
14.05
-24.94
-11.26
14.00
-25.70
-11.28
13.84
-26.56
-11.36
13.68
-27.50
-11.48
13.50
-28.43
-11.61
13.28
-29.34
-11.68
12.97
-30.02
-11.95
12.79
-15.12
-11.41
12.02
-15.47
-11.38
12.59
-29.69
-11.31
12.52
-30.36
-11.62
12.28
-30.94
-11.93
11.98
-14.93
-11.56
11.27
-15.04
-12.03
10.95
-30.63
-11.32
11.70
-31.11
-11.62
11.34
-14.75
-11.46
10.44
-14.96
-12.05
10.43
-31.45
-11.60
10.45
-31.78
-12.10
10.20
-14.67
-11.59
9.58
-14.89
-12.06
9.89
-31.53
-11.47
9.53
-31.79
-12.06
9.63
-14.54
-11.54
8.75
-31.51
-11.61
8.62
-31.75
-12.08
9.09
-14.38
-11.21
7.48
-14.47
-11.43
7.99
-31.29
-11.49
7.58
-14.53
-11.13
7.10
-14.95
-11.21
6.82
-15.64
-11.35
6.57
-16.54
-11.47
6.27
-17.44
-11.79
6.11
-18.13
-11.93
5.92
-31.09
-11.37
6.70
-16.96
-11.08
5.89
-17.58
-11.23
5.71
-18.48
-11.46
5.43
-19.23
-11.70
5.24
-30.11
-12.01
5.09
-30.44
-11.61
5.32
-30.83
-11.36
5.95
-18.95
-11.12
4.90
-19.62
-11.39
4.76
-20.49
-11.44
4.35
-21.20
-11.69
4.23
-29.96
-11.91
4.76
-30.11
-11.43
4.62
-20.86
-11.12
3.88
-21.60
-11.38
3.79
-22.56
-11.39
3.46
-23.52
-11.62
3.37
-24.40
-11.77
3.28
-25.13
-11.88
3.23
-28.61
-11.59
3.35
-29.19
-11.27
3.56
-29.76
-11.24
4.04
-22.90
-10.99
3.05
-23.61
-11.08
2.96
-24.49
-11.20
2.87
-25.49
-11.38
2.85
-26.49
-11.30
2.75
-27.39
-11.23
2.78
-28.24
-11.23
2.99
-28.82
-10.97
3.14
-17.01
-10.39
13.90
-17.75
-10.38
14.08
-18.59
-10.40
14.14
-19.54
-10.47
14.10
-20.51
-10.59
14.10
-21.46
-10.73
14.11
-22.41
-10.76
14.14
-23.29
-10.75
14.10
-24.06
-10.70
13.97
-15.74
-10.47
13.15
-16.36
-10.43
13.58
-24.76
-10.54
13.73
-25.62
-10.56
13.52
-26.51
-10.62
13.32
-27.46
-10.64
13.05
-28.36
-10.92
12.91
-29.02
-11.08
12.72
-14.86
-10.53
12.09
-15.27
-10.57
12.66
-27.80
-10.18
12.63
-28.47
-10.40
12.48
-29.33
-10.69
12.21
-30.03
-11.02
12.00
-14.58
-10.64
11.30
-29.70
-10.32
11.50
-30.34
-10.79
11.41
-30.83
-11.03
11.05
-14.41
-10.70
10.45
-29.89
-10.01
10.94
-30.39
-10.34
10.73
-30.95
-10.75
10.33
-14.31
-10.76
9.58
-31.19
-10.67
9.44
-14.22
-10.76
8.77
-31.27
-10.57
8.53
-14.13
-10.52
7.55
-14.17
-10.71
8.09
-31.27
-10.51
7.55
-14.35
-10.43
7.00
-14.84
-10.46
6.56
-15.51
-10.62
6.26
-16.20
-10.70
6.00
-31.16
-10.46
6.62
-16.76
-10.56
5.66
-17.44
-10.61
5.36
-18.14
-10.68
5.04
-30.64
-10.86
5.21
-30.94
-10.46
5.71
-18.75
-10.50
4.51
-19.54
-10.77
4.27
-20.18
-10.91
4.04
-30.44
-10.47
4.67
-30.79
-10.12
5.13
-18.99
-10.06
3.98
-19.63
-10.26
3.78
-20.53
-10.51
3.54
-21.47
-10.75
3.33
-22.19
-10.88
3.18
-29.45
-10.39
3.43
-29.97
-10.41
3.98
-20.88
-10.06
3.03
-21.61
-10.19
2.86
-22.55
-10.46
2.78
-23.53
-10.49
2.58
-24.47
-10.54
2.46
-25.47
-10.51
2.33
-26.46
-10.56
2.35
-27.40
-10.39
2.38
-28.25
-10.39
2.65
-28.92
-10.32
2.98
-25.80
-10.01
2.02
-26.45
-9.98
2.03
-27.07
-9.92
2.07
-16.94
-9.48
13.94
-17.71
-9.47
14.11
-18.57
-9.47
14.12
-19.58
-9.44
13.99
-20.57
-9.77
13.96
-21.51
-9.94
13.94
-22.42
-10.02
13.91
-23.27
-10.07
13.85
-23.93
-10.13
13.77
-14.95
-9.13
12.82
-15.49
-9.50
13.16
-16.23
-9.49
13.63
-20.06
-8.97
13.75
-20.73
-9.15
13.70
-21.57
-9.28
13.64
-22.47
-9.37
13.59
-23.39
-9.48
13.53
-24.42
-9.66
13.41
-25.50
-9.82
13.20
-26.39
-9.92
12.99
-27.10
-10.02
12.80
-13.85
-8.99
11.90
-14.52
-9.47
12.26
-15.08
-9.85
12.72
-24.82
-9.08
13.02
-25.56
-9.14
12.85
-26.45
-9.25
12.60
-27.45
-9.51
12.31
-28.36
-9.86
12.06
-28.97
-10.11
11.90
-12.98
-8.78
11.01
-13.51
-9.12
11.27
-14.14
-9.80
11.34
-27.89
-9.02
11.63
-28.54
-9.43
11.50
-29.20
-9.81
11.37
-12.42
-8.58
10.19
-12.79
-8.85
10.39
-13.40
-9.36
10.42
-13.96
-9.98
10.45
-28.19
-8.77
11.16
-28.73
-9.00
10.91
-29.56
-9.41
10.56
-30.29
-9.84
10.22
-30.72
-10.17
9.98
-12.41
-8.60
9.76
-12.76
-8.89
9.55
-13.35
-9.44
9.54
-13.88
-10.05
9.58
-29.94
-9.05
9.76
-30.41
-9.48
9.60
-30.85
-9.95
9.38
-12.89
-8.94
8.87
-13.38
-9.42
8.61
-13.86
-10.08
8.76
-30.17
-8.91
9.34
-30.49
-9.08
9.06
-30.95
-9.54
8.52
-13.74
-9.71
7.74
-13.92
-10.15
8.17
-31.16
-9.54
7.51
-14.06
-9.60
6.90
-14.68
-9.57
6.19
-15.45
-9.96
5.92
-16.03
-10.17
5.76
-31.17
-9.52
6.60
-15.01
-9.09
5.53
-15.66
-9.49
5.43
-16.44
-9.89
5.33
-17.28
-10.02
4.99
-17.86
-10.18
4.80
-31.04
-9.50
5.77
-15.24
-8.78
5.07
-15.77
-9.01
4.93
-16.50
-9.26
4.73
-17.36
-9.42
4.40
-18.14
-9.87
4.35
-30.52
-9.48
4.52
-30.85
-9.43
5.10
-17.80
-9.10
3.87
-18.60
-9.41
3.67
-19.50
-9.68
3.38
-20.18
-9.89
3.20
-29.59
-9.46
3.32
-30.09
-9.48
3.90
-18.94
-8.97
3.12
-19.63
-9.14
2.89
-20.53
-9.47
2.73
-21.55
-9.47
2.35
-22.55
-9.75
2.28
-23.50
-9.86
2.17
-24.39
-9.94
2.10
-25.11
-9.99
2.05
-27.71
-9.76
2.18
-28.33
-9.51
2.36
-29.01
-9.45
2.79
-21.91
-9.03
1.91
-22.64
-9.16
1.84
-23.53
-9.27
1.76
-24.47
-9.37
1.73
-25.46
-9.51
1.76
-26.42
-9.37
1.74
-27.32
-9.31
1.88
-27.98
-9.08
2.02
-16.88
-8.56
13.95
-17.63
-8.55
14.07
-18.42
-8.55
14.04
-19.21
-8.50
13.84
-14.86
-8.43
12.97
-15.50
-8.52
13.34
-16.18
-8.56
13.70
-19.93
-8.31
13.47
-20.75
-8.55
13.35
-21.59
-8.68
13.27
-22.48
-8.76
13.22
-23.36
-8.86
13.18
-24.09
-8.99
13.13
-12.97
-8.03
11.82
-13.54
-8.35
12.07
-14.25
-8.48
12.54
-20.22
-7.92
13.05
-20.81
-8.03
12.94
-21.61
-8.11
12.84
-22.51
-8.15
12.79
-23.46
-8.27
12.78
-24.46
-8.48
12.77
-25.43
-8.43
12.51
-26.37
-8.45
12.18
-27.07
-8.77
12.02
-12.27
-7.99
10.98
-12.71
-8.29
11.30
-13.24
-8.61
11.58
-26.78
-8.11
11.76
-27.38
-8.36
11.51
-12.19
-8.18
10.37
-12.53
-8.47
10.71
-27.97
-8.26
10.94
-28.65
-8.34
10.42
-29.27
-8.71
10.18
-12.16
-8.22
9.53
-12.47
-8.55
9.18
-29.03
-8.09
9.90
-29.62
-8.37
9.58
-29.97
-8.14
9.10
-12.15
-8.10
8.83
-12.58
-8.48
8.47
-13.07
-8.93
8.20
-30.05
-8.57
9.23
-30.35
-8.41
8.81
-30.80
-8.58
8.17
-12.77
-8.37
7.60
-13.27
-8.92
7.55
-31.05
-8.62
7.38
-12.95
-8.25
6.96
-13.53
-8.70
6.72
-14.12
-8.74
6.05
-31.11
-8.62
6.56
-14.51
-8.50
5.42
-31.03
-8.61
5.77
-14.99
-8.22
4.78
-15.73
-8.49
4.49
-16.46
-8.70
4.26
-17.09
-8.86
4.07
-30.54
-8.56
4.53
-30.85
-8.63
5.11
-15.23
-7.84
4.30
-15.78
-7.96
4.06
-16.54
-8.14
3.79
-17.45
-8.45
3.55
-18.21
-8.74
3.34
-29.65
-8.51
3.25
-30.13
-8.53
3.88
-17.88
-8.07
3.05
-18.62
-8.34
2.83
-19.57
-8.41
2.38
-20.46
-8.76
2.21
-21.18
-8.90
2.04
-28.57
-8.79
2.27
-29.07
-8.47
2.60
-19.94
-8.00
1.90
-20.61
-8.22
1.76
-21.56
-8.43
1.58
-22.59
-8.58
1.44
-23.53
-8.67
1.36
-24.49
-8.72
1.33
-25.44
-8.74
1.34
-26.38
-8.63
1.38
-27.31
-8.36
1.51
-28.20
-8.37
1.91
-28.73
-8.09
2.18
-21.92
-7.95
1.15
-22.65
-8.01
1.04
-23.54
-8.06
0.97
-24.48
-8.08
0.95
-25.41
-8.06
0.97
-26.26
-7.99
1.05
-26.90
-7.90
1.16
-16.78
-7.68
13.90
-17.53
-7.69
13.98
-18.26
-7.70
13.89
-18.92
-7.73
13.69
-14.74
-7.62
13.07
-15.48
-7.65
13.42
-16.13
-7.72
13.72
-19.46
-7.60
13.30
-12.20
-7.07
11.67
-12.75
-7.39
11.97
-13.46
-7.58
12.39
-14.11
-7.69
12.74
-19.97
-7.36
12.74
-20.75
-7.50
12.53
-21.58
-7.54
12.41
-22.52
-7.47
12.30
-23.51
-7.61
12.36
-24.44
-7.70
12.33
-25.31
-7.72
12.18
-26.05
-7.71
11.92
-12.02
-7.41
11.17
-12.46
-7.72
11.52
-20.13
-6.97
12.25
-20.73
-7.02
12.09
-21.49
-7.05
12.00
-22.17
-7.05
11.97
-26.57
-7.56
11.54
-27.15
-7.62
11.17
-11.79
-7.50
10.36
-27.70
-7.57
10.66
-28.31
-7.62
10.20
-11.73
-7.55
9.48
-28.82
-7.54
9.70
-29.41
-7.64
9.29
-29.89
-7.66
8.91
-11.80
-7.56
8.51
-12.22
-7.96
8.14
-30.28
-7.71
8.47
-30.68
-7.83
7.95
-11.77
-7.32
7.55
-12.32
-7.84
7.46
-30.90
-7.83
7.29
-11.37
-6.67
6.40
-11.75
-7.07
6.64
-12.57
-7.70
6.59
-13.30
-8.05
6.17
-13.80
-8.24
5.86
-30.97
-7.81
6.53
-11.44
-6.58
5.98
-11.86
-6.82
5.82
-12.58
-7.25
5.76
-13.31
-7.59
5.55
-13.97
-7.94
5.37
-30.68
-7.35
5.32
-30.90
-7.76
5.73
-12.09
-6.63
5.34
-12.65
-6.82
5.18
-13.40
-7.08
4.96
-14.28
-7.44
4.67
-30.52
-7.64
4.71
-30.81
-7.99
5.15
-14.98
-7.29
4.11
-15.68
-7.31
3.73
-16.50
-7.39
3.35
-17.18
-7.75
3.22
-29.69
-7.57
3.28
-30.12
-7.62
3.95
-16.96
-7.08
2.95
-17.60
-7.40
2.79
-18.51
-7.46
2.32
-19.24
-7.75
2.09
-29.23
-7.52
2.65
-18.95
-7.12
1.86
-19.66
-7.35
1.61
-20.53
-7.64
1.39
-21.21
-7.82
1.27
-27.62
-7.51
1.33
-28.24
-7.47
1.69
-28.79
-7.41
2.12
-20.07
-6.96
1.16
-20.69
-7.11
1.00
-21.58
-7.36
0.89
-22.57
-7.38
0.70
-23.52
-7.42
0.62
-24.47
-7.42
0.61
-25.39
-7.38
0.66
-26.26
-7.30
0.79
-27.04
-7.32
1.02
-16.09
-6.63
13.60
-16.60
-6.89
13.75
-17.41
-6.93
13.79
-18.16
-6.95
13.63
-18.71
-7.21
13.56
-13.23
-6.31
12.56
-13.74
-6.48
12.74
-14.53
-6.80
13.00
-15.57
-6.83
13.39
-16.09
-7.11
13.68
-18.49
-6.62
13.16
-19.01
-7.04
13.19
-11.51
-6.06
11.50
-11.97
-6.39
11.72
-12.82
-6.54
12.25
-13.49
-6.91
12.60
-14.03
-7.11
12.82
-18.76
-6.41
12.57
-19.37
-6.82
12.62
-22.87
-7.04
11.98
-23.59
-7.05
11.97
-24.44
-7.08
11.93
-25.25
-7.12
11.83
-25.87
-7.20
11.68
-11.26
-6.07
11.06
-11.61
-6.68
11.12
-19.01
-6.26
12.02
-19.73
-6.51
11.95
-20.62
-6.55
11.65
-21.53
-6.58
11.56
-22.51
-6.66
11.61
-23.51
-6.57
11.53
-24.44
-6.57
11.47
-25.32
-6.65
11.38
-26.23
-6.86
11.18
-26.93
-7.06
10.91
-11.01
-6.12
10.33
-11.38
-6.80
10.35
-26.63
-6.56
10.59
-27.35
-6.79
10.29
-28.06
-7.07
9.97
-10.84
-6.14
9.45
-11.28
-6.84
9.46
-27.75
-6.40
9.50
-28.50
-6.84
9.38
-29.28
-7.02
8.94
-29.78
-7.21
8.69
-10.80
-6.18
8.51
-11.27
-6.85
8.53
-27.95
-6.07
8.91
-28.56
-6.27
8.72
-29.33
-6.48
8.31
-30.06
-7.03
8.15
-30.52
-7.31
7.81
-10.84
-6.17
7.58
-11.28
-6.78
7.64
-29.61
-6.23
7.66
-30.15
-6.58
7.32
-30.64
-7.18
7.26
-11.03
-6.25
6.66
-11.32
-6.72
6.96
-30.38
-6.59
6.46
-30.74
-7.15
6.55
-11.22
-6.13
5.85
-11.61
-6.40
5.56
-30.46
-6.77
5.59
-30.76
-7.19
5.95
-11.40
-5.88
5.37
-11.87
-6.12
5.13
-12.61
-6.20
4.77
-13.37
-6.42
4.50
-14.10
-6.59
4.21
-30.27
-6.80
4.74
-14.76
-6.51
3.80
-15.50
-6.57
3.44
-16.20
-6.60
3.10
-29.62
-6.70
3.40
-29.99
-6.81
4.03
-16.78
-6.44
2.72
-17.48
-6.60
2.41
-18.17
-6.68
2.06
-29.22
-6.66
2.70
-18.70
-6.55
1.66
-19.32
-6.56
1.31
-27.73
-6.88
1.23
-28.20
-6.60
1.54
-28.78
-6.62
2.09
-19.88
-6.38
0.93
-20.64
-6.45
0.67
-21.57
-6.49
0.45
-22.56
-6.68
0.37
-23.51
-6.76
0.33
-24.45
-6.76
0.33
-25.35
-6.69
0.40
-26.25
-6.47
0.58
-27.24
-6.54
0.96
-27.79
-6.29
1.20
-21.90
-6.00
0.20
-22.62
-6.07
0.16
-23.51
-6.13
0.14
-24.41
-6.15
0.16
-25.22
-6.13
0.22
-25.81
-6.08
0.32
-16.13
-6.32
13.45
-16.64
-6.36
13.50
-17.31
-6.40
13.52
-17.83
-6.48
13.48
-13.24
-5.98
12.50
-13.79
-5.98
12.59
-14.63
-6.09
12.75
-15.68
-6.15
13.03
-16.53
-6.03
13.03
-17.30
-6.08
13.04
-17.96
-6.26
13.07
-11.46
-5.70
11.52
-11.92
-5.63
11.76
-12.81
-5.72
12.15
-13.63
-5.46
12.12
-14.60
-5.57
12.19
-15.58
-5.67
12.29
-16.50
-5.73
12.32
-17.37
-5.85
12.34
-18.17
-6.07
12.40
-11.12
-5.43
11.09
-11.53
-5.25
11.44
-13.87
-5.07
11.65
-14.61
-5.11
11.45
-15.60
-5.34
11.49
-16.53
-5.49
11.48
-17.50
-5.66
11.48
-18.56
-5.91
11.53
-19.59
-6.05
11.22
-20.55
-6.11
11.03
-21.52
-6.14
10.95
-22.50
-6.16
10.95
-23.49
-6.13
10.93
-24.43
-6.14
10.91
-25.29
-6.22
10.86
-25.95
-6.36
10.79
-10.71
-5.44
10.32
-14.94
-4.87
10.71
-15.70
-5.09
10.69
-16.58
-5.25
10.57
-17.54
-5.44
10.53
-18.54
-5.62
10.50
-19.53
-5.73
10.37
-20.52
-5.78
10.28
-21.51
-5.81
10.23
-22.50
-5.81
10.23
-23.48
-5.81
10.22
-24.45
-5.83
10.21
-25.37
-5.92
10.20
-26.26
-6.13
10.21
-26.93
-6.26
9.97
-10.06
-4.90
9.09
-10.40
-5.38
9.43
-15.16
-4.72
10.20
-15.72
-4.82
9.99
-16.59
-4.94
9.60
-17.59
-5.22
9.60
-18.55
-5.39
9.56
-19.52
-5.49
9.49
-20.51
-5.55
9.45
-21.50
-5.58
9.42
-22.50
-5.59
9.42
-23.49
-5.59
9.41
-24.46
-5.59
9.41
-25.41
-5.64
9.39
-26.33
-5.76
9.36
-27.14
-5.98
9.34
-9.98
-4.94
8.48
-10.35
-5.49
8.50
-17.00
-4.79
8.76
-17.73
-5.02
8.77
-18.59
-5.17
8.71
-19.53
-5.27
8.62
-20.52
-5.34
8.60
-21.51
-5.39
8.58
-22.50
-5.41
8.57
-23.48
-5.41
8.56
-24.46
-5.40
8.55
-25.43
-5.39
8.50
-26.44
-5.41
8.41
-27.51
-5.63
8.44
-28.40
-5.81
8.20
-29.02
-5.98
7.95
-9.97
-4.91
7.85
-10.33
-5.39
7.54
-17.24
-4.65
8.24
-17.79
-4.76
8.09
-18.59
-4.90
7.95
-19.54
-4.97
7.74
-20.54
-5.10
7.78
-21.52
-5.17
7.76
-22.50
-5.21
7.74
-23.47
-5.22
7.73
-24.42
-5.20
7.71
-25.38
-5.15
7.63
-26.13
-5.18
7.80
-27.83
-5.37
7.80
-28.45
-5.49
7.60
-29.22
-5.75
7.26
-29.82
-6.08
7.00
-10.58
-5.45
6.63
-19.89
-4.77
7.18
-20.61
-4.83
7.10
-21.53
-4.88
7.00
-22.50
-4.95
6.95
-23.46
-5.00
6.94
-24.36
-5.02
6.97
-25.08
-5.01
7.02
-29.43
-5.60
6.35
-29.96
-6.04
6.34
-10.85
-5.34
5.86
-29.50
-5.58
5.48
-30.01
-6.09
5.53
-11.25
-5.26
5.27
-11.83
-5.31
4.83
-12.63
-5.34
4.37
-13.40
-5.74
4.13
-13.99
-5.97
3.94
-29.48
-5.66
4.60
-29.93
-6.15
4.73
-13.06
-4.95
3.98
-13.64
-5.15
3.76
-14.48
-5.54
3.50
-15.39
-5.82
3.16
-16.02
-5.97
2.89
-29.40
-5.92
3.69
-29.82
-6.24
4.12
-14.89
-5.02
3.08
-15.55
-5.17
2.81
-16.49
-5.48
2.42
-17.39
-5.86
2.06
-17.98
-6.12
1.84
-29.05
-5.92
2.81
-16.99
-5.02
1.86
-17.63
-5.25
1.56
-18.39
-5.81
1.41
-19.07
-5.97
1.11
-28.23
-5.87
1.68
-28.70
-5.93
2.17
-18.00
-4.90
1.15
-18.62
-5.16
0.93
-19.53
-5.52
0.66
-20.48
-5.77
0.42
-21.19
-5.90
0.29
-26.43
-5.76
0.66
-27.19
-5.82
0.98
-27.78
-5.81
1.27
-19.94
-5.04
0.32
-20.62
-5.19
0.22
-21.53
-5.44
0.16
-22.52
-5.43
0.14
-23.49
-5.52
0.14
-24.39
-5.59
0.17
-25.20
-5.63
0.23
-25.85
-5.67
0.37
-12.03
-5.14
11.68
-12.61
-5.12
11.80
-13.20
-5.06
11.78
-10.50
-4.36
10.53
-10.89
-4.69
10.82
-11.68
-4.75
11.28
-12.50
-4.65
11.35
-13.39
-4.67
11.27
-14.10
-4.76
11.10
-10.25
-4.34
10.11
-10.47
-4.83
10.28
-13.68
-4.38
10.71
-14.32
-4.51
10.51
-9.54
-3.85
8.89
-9.91
-4.31
9.31
-10.21
-4.85
9.71
-14.84
-4.41
9.91
-15.48
-4.47
9.51
-16.09
-4.52
9.10
-9.41
-3.86
8.39
-9.70
-4.38
8.44
-16.52
-4.42
8.52
-26.75
-5.22
7.89
-27.25
-5.28
7.90
-9.39
-3.84
7.86
-9.70
-4.31
7.56
-10.05
-4.83
7.21
-16.97
-4.30
7.94
-17.69
-4.34
7.49
-18.51
-4.56
7.36
-19.19
-4.68
7.27
-25.80
-5.00
7.14
-26.53
-5.05
7.32
-27.47
-5.12
7.31
-28.26
-5.19
7.04
-28.82
-5.34
6.87
-9.86
-4.10
6.74
-10.22
-4.72
6.58
-17.98
-4.06
6.96
-18.65
-4.21
6.83
-19.54
-4.43
6.77
-20.50
-4.46
6.50
-21.48
-4.48
6.21
-22.50
-4.64
6.16
-23.49
-4.75
6.16
-24.46
-4.82
6.24
-25.47
-4.86
6.45
-26.48
-4.84
6.41
-27.41
-4.89
6.38
-28.22
-5.00
6.29
-28.88
-5.22
6.25
-10.08
-3.97
6.20
-10.50
-4.39
5.85
-21.78
-4.26
5.59
-22.51
-4.34
5.29
-23.54
-4.53
5.32
-24.51
-4.63
5.36
-25.49
-4.67
5.44
-26.47
-4.69
5.45
-27.38
-4.75
5.45
-28.21
-4.90
5.43
-28.91
-5.17
5.43
-11.08
-4.41
5.19
-11.69
-4.42
4.70
-12.36
-4.40
4.26
-22.77
-4.20
4.38
-23.63
-4.39
4.41
-24.56
-4.50
4.44
-25.51
-4.57
4.47
-26.46
-4.61
4.49
-27.37
-4.70
4.50
-28.20
-4.88
4.50
-28.90
-5.20
4.53
-12.97
-4.30
3.87
-13.68
-4.34
3.49
-14.26
-4.75
3.30
-22.87
-4.12
3.46
-23.69
-4.32
3.48
-24.58
-4.46
3.49
-25.51
-4.54
3.51
-26.46
-4.61
3.52
-27.35
-4.72
3.55
-28.16
-4.93
3.58
-28.83
-5.30
3.63
-14.12
-4.02
3.16
-14.67
-4.32
2.97
-15.45
-4.35
2.59
-16.22
-4.41
2.17
-22.89
-4.12
2.54
-23.70
-4.33
2.54
-24.58
-4.48
2.55
-25.50
-4.58
2.57
-26.43
-4.68
2.59
-27.32
-4.82
2.65
-28.09
-5.05
2.71
-28.68
-5.38
2.82
-16.90
-4.30
1.64
-17.42
-4.62
1.39
-22.86
-4.20
1.67
-23.68
-4.42
1.67
-24.56
-4.58
1.67
-25.47
-4.71
1.69
-26.38
-4.86
1.73
-27.25
-5.03
1.85
-28.01
-5.31
1.94
-28.53
-5.48
2.26
-17.27
-3.99
1.26
-17.80
-4.28
1.03
-18.64
-4.38
0.63
-19.27
-4.78
0.46
-22.74
-4.39
0.93
-23.61
-4.63
0.92
-24.50
-4.79
0.94
-25.38
-4.95
0.95
-26.26
-5.20
0.97
-27.15
-5.32
1.25
-27.70
-5.42
1.43
-19.11
-4.14
0.35
-19.69
-4.44
0.27
-20.55
-4.51
0.21
-21.46
-4.68
0.23
-22.43
-4.73
0.38
-23.49
-4.98
0.40
-24.42
-5.12
0.42
-25.23
-5.23
0.46
-25.81
-5.33
0.52
-10.54
-4.11
10.50
-10.93
-4.14
10.65
-11.62
-4.15
10.82
-12.39
-4.16
10.86
-13.04
-4.25
10.84
-10.37
-3.90
10.13
-10.86
-3.71
10.24
-11.60
-3.66
10.30
-12.46
-3.72
10.26
-13.34
-3.99
10.30
-14.03
-4.13
10.09
-9.51
-3.33
8.88
-10.04
-3.49
9.47
-10.73
-3.22
9.72
-11.54
-3.13
9.71
-12.52
-3.15
9.47
-13.49
-3.55
9.50
-14.43
-3.92
9.44
-15.26
-4.06
9.04
-15.80
-4.20
8.82
-9.29
-3.28
8.30
-13.04
-2.85
8.80
-13.70
-3.16
8.79
-14.50
-3.42
8.66
-15.33
-3.66
8.41
-16.03
-4.00
8.32
-9.27
-3.29
7.64
-9.47
-3.67
7.30
-13.32
-2.66
8.41
-13.81
-2.78
8.27
-14.56
-2.92
8.04
-15.51
-3.11
7.66
-16.49
-3.69
7.56
-17.26
-3.88
7.21
-9.33
-3.05
7.14
-9.61
-3.35
6.74
-16.00
-2.85
7.07
-16.73
-3.06
6.77
-17.66
-3.55
6.63
-18.62
-3.71
6.28
-19.52
-3.92
6.11
-20.38
-4.06
5.92
-21.06
-4.16
5.80
-10.00
-3.36
6.11
-10.46
-3.47
5.62
-17.15
-2.80
6.22
-17.78
-2.98
5.98
-18.70
-3.13
5.59
-19.56
-3.45
5.46
-20.42
-3.68
5.26
-21.31
-3.96
5.21
-21.97
-4.07
4.95
-11.01
-3.51
5.10
-11.61
-3.52
4.64
-12.25
-3.50
4.22
-19.09
-2.96
5.11
-19.59
-3.07
4.84
-20.40
-3.30
4.40
-21.30
-3.68
4.35
-22.05
-3.94
4.30
-12.87
-3.46
3.82
-13.49
-3.45
3.44
-20.68
-3.20
3.44
-21.40
-3.56
3.45
-22.12
-3.86
3.44
-14.06
-3.38
3.10
-14.69
-3.44
2.81
-15.38
-3.47
2.47
-16.07
-3.49
2.07
-20.79
-3.18
2.53
-21.46
-3.54
2.53
-22.16
-3.85
2.53
-16.67
-3.45
1.62
-20.77
-3.25
1.67
-21.45
-3.60
1.67
-22.14
-3.91
1.67
-17.19
-3.38
1.23
-17.79
-3.47
0.93
-18.50
-3.57
0.62
-20.67
-3.44
0.95
-21.38
-3.78
0.95
-22.06
-4.07
0.96
-19.06
-3.64
0.37
-19.67
-3.75
0.32
-20.44
-3.80
0.43
-21.31
-4.11
0.46
-21.94
-4.28
0.52
-9.50
-2.70
8.75
-9.98
-2.71
9.12
-10.64
-2.62
9.28
-11.40
-2.57
9.25
-12.12
-2.53
9.03
-9.28
-2.60
8.24
-12.66
-2.37
8.58
-9.22
-2.56
7.64
-13.16
-2.32
8.24
-13.70
-2.29
7.94
-14.43
-2.34
7.63
-15.18
-2.40
7.26
-9.33
-2.50
7.09
-9.64
-2.57
6.58
-15.79
-2.34
6.81
-16.41
-2.38
6.40
-10.00
-2.64
6.05
-10.47
-2.64
5.59
-16.98
-2.33
5.93
-17.67
-2.40
5.51
-18.49
-2.53
5.09
-18.83
-2.41
4.69
-11.02
-2.66
5.11
-11.61
-2.66
4.67
-12.24
-2.64
4.26
-18.96
-2.69
4.87
-19.29
-2.59
4.35
-19.95
-2.89
4.05
-12.85
-2.64
3.85
-13.46
-2.62
3.47
-19.50
-2.45
3.42
-20.09
-2.82
3.36
-14.05
-2.61
3.11
-14.69
-2.63
2.80
-15.37
-2.63
2.48
-16.03
-2.64
2.09
-19.57
-2.42
2.55
-20.17
-2.80
2.52
-16.61
-2.65
1.66
-19.52
-2.51
1.73
-20.14
-2.88
1.69
-17.15
-2.65
1.29
-17.78
-2.70
1.05
-18.59
-2.85
0.82
-19.32
-2.75
1.01
-20.04
-3.06
0.99
-19.04
-3.20
0.48
-19.50
-3.22
0.52
-20.00
-3.32
0.56
-9.56
-2.22
8.61
-9.96
-2.14
8.79
-10.61
-2.07
8.88
-11.34
-2.06
8.85
-11.94
-2.10
8.74
-9.46
-1.96
8.17
-9.95
-1.71
8.37
-10.63
-1.61
8.43
-11.44
-1.63
8.38
-12.36
-1.78
8.25
-12.88
-1.57
7.88
-9.33
-1.93
7.61
-12.98
-1.93
8.06
-13.42
-1.73
7.68
-14.26
-1.77
7.29
-14.96
-1.81
6.95
-9.44
-1.91
7.09
-9.83
-1.87
6.56
-10.30
-1.60
6.26
-15.54
-1.78
6.52
-16.15
-1.80
6.10
-10.08
-2.09
6.08
-10.56
-1.88
5.76
-16.71
-1.77
5.58
-17.45
-1.79
5.00
-18.24
-2.05
4.73
-18.66
-2.17
4.55
-11.10
-1.94
5.22
-11.70
-1.92
4.83
-12.36
-1.89
4.43
-17.63
-1.52
4.23
-18.29
-1.82
4.15
-18.82
-2.13
4.14
-12.94
-1.92
3.98
-13.54
-1.90
3.61
-17.72
-1.42
3.43
-18.36
-1.71
3.40
-18.94
-2.05
3.39
-14.10
-1.93
3.23
-14.72
-1.92
2.95
-15.41
-1.91
2.65
-16.11
-1.92
2.26
-17.76
-1.46
2.63
-18.40
-1.72
2.60
-18.99
-2.04
2.58
-16.66
-1.97
1.79
-17.77
-1.62
1.92
-18.39
-1.87
1.87
-18.97
-2.14
1.83
-17.12
-2.00
1.46
-17.66
-1.97
1.40
-18.39
-2.20
1.29
-18.90
-2.31
1.32
-9.57
-1.54
7.90
-9.98
-1.38
7.93
-10.65
-1.27
7.91
-11.46
-1.24
7.85
-12.26
-1.29
7.76
-12.82
-1.30
7.63
-9.53
-1.50
7.53
-9.97
-1.28
7.42
-10.67
-1.13
7.29
-11.51
-1.03
7.22
-12.39
-1.05
7.16
-13.26
-1.22
7.16
-14.18
-1.32
6.86
-14.81
-1.42
6.68
-9.56
-1.54
7.17
-9.95
-1.41
6.91
-10.67
-1.23
6.54
-11.58
-1.00
6.48
-12.49
-0.93
6.40
-13.40
-0.96
6.34
-14.32
-1.06
6.21
-15.20
-1.29
6.14
-15.88
-1.41
5.85
-11.03
-1.36
5.82
-11.73
-1.11
5.74
-12.59
-0.98
5.60
-13.51
-0.90
5.51
-14.43
-0.91
5.42
-15.33
-1.04
5.34
-16.23
-1.28
5.22
-16.91
-1.38
4.85
-11.28
-1.49
5.36
-11.82
-1.39
5.15
-12.68
-1.29
4.78
-13.61
-1.04
4.68
-14.51
-0.93
4.60
-15.39
-0.95
4.51
-16.24
-1.08
4.39
-16.97
-1.24
4.25
-13.11
-1.45
4.19
-13.79
-1.33
3.91
-14.61
-1.11
3.85
-15.45
-1.06
3.72
-16.29
-1.11
3.55
-17.04
-1.20
3.47
-14.18
-1.49
3.43
-14.74
-1.40
3.28
-15.49
-1.37
3.05
-16.37
-1.38
2.66
-17.11
-1.30
2.66
-16.83
-1.54
1.96
-17.25
-1.45
1.98
-17.07
-1.64
1.60
-17.32
-1.61
1.59
