-20.62
-8.33
13.85
-20.95
-8.38
13.91
-21.49
-8.39
13.93
-22.02
-8.37
13.89
-22.34
-8.32
13.83
-20.61
-8.35
13.69
-20.95
-8.45
13.68
-21.49
-8.48
13.67
-22.03
-8.43
13.67
-22.36
-8.33
13.69
-20.49
-8.00
13.87
-20.89
-8.01
14.07
-21.48
-8.00
14.11
-22.05
-7.99
14.02
-22.42
-7.98
13.82
-20.44
-8.01
13.49
-20.90
-8.24
13.36
-21.49
-8.29
13.33
-22.07
-8.21
13.37
-22.48
-7.97
13.49
-20.44
-7.79
13.07
-20.87
-7.90
12.96
-21.49
-7.93
12.92
-22.11
-7.83
12.97
-22.50
-7.72
13.12
-20.23
-7.37
13.95
-20.77
-7.38
14.23
-21.45
-7.33
14.28
-22.11
-7.34
14.10
-22.53
-7.39
13.82
-20.04
-7.39
13.43
-22.73
-7.28
13.42
-20.16
-7.28
12.80
-20.79
-7.44
12.57
-21.49
-7.44
12.49
-22.24
-7.25
12.53
-22.74
-7.17
12.90
-20.20
-6.94
12.27
-20.74
-6.99
12.12
-21.44
-6.99
12.05
-22.05
-6.93
12.09
-19.22
-5.72
14.55
-19.77
-5.88
14.65
-20.46
-5.94
14.77
-21.05
-5.91
14.77
-19.04
-5.98
14.12
-19.80
-6.54
14.16
-20.60
-6.61
14.46
-21.41
-6.44
14.50
-22.25
-6.45
14.16
-22.63
-6.78
13.83
-18.90
-6.18
13.43
-19.54
-6.73
13.45
-22.69
-6.13
13.85
-22.95
-6.41
13.43
-18.93
-6.24
12.68
-19.57
-6.70
12.72
-22.67
-6.70
12.27
-23.27
-6.27
12.55
-24.04
-5.71
12.12
-24.43
-5.49
11.90
-19.08
-6.19
12.07
-19.79
-6.48
11.98
-20.63
-6.53
11.67
-21.50
-6.53
11.60
-22.41
-6.48
11.74
-23.31
-6.11
11.77
-24.05
-5.76
11.68
-24.48
-5.51
11.64
-18.92
-5.20
14.70
-19.66
-5.20
14.91
-20.45
-5.23
14.97
-21.25
-5.29
14.86
-21.82
-5.05
14.71
-15.13
-4.52
13.64
-15.73
-4.66
13.76
-16.54
-4.81
13.90
-17.40
-5.07
14.02
-18.31
-5.38
14.21
-21.65
-5.74
14.63
-22.22
-5.45
14.38
-13.53
-4.39
12.78
-13.94
-4.50
12.90
-14.73
-4.65
13.15
-15.61
-4.95
13.16
-16.49
-5.17
13.22
-17.37
-5.40
13.29
-18.20
-5.72
13.38
-22.77
-5.47
13.92
-23.18
-5.44
13.44
-13.47
-4.45
12.51
-13.89
-4.65
12.35
-14.69
-4.88
12.38
-15.58
-5.13
12.39
-16.49
-5.33
12.40
-17.40
-5.56
12.44
-18.26
-5.85
12.52
-23.64
-5.36
12.81
-24.19
-5.18
12.31
-24.59
-5.09
11.86
-14.02
-4.68
11.79
-14.67
-4.86
11.53
-15.61
-5.13
11.54
-16.54
-5.34
11.51
-17.51
-5.56
11.51
-18.59
-5.85
11.56
-19.60
-6.03
11.23
-20.55
-6.10
11.04
-21.50
-6.11
10.98
-22.46
-6.05
11.02
-23.37
-5.85
11.05
-24.18
-5.57
11.10
-24.78
-5.14
11.27
-14.96
-4.79
10.74
-15.70
-5.02
10.70
-16.58
-5.21
10.58
-17.54
-5.41
10.54
-18.54
-5.60
10.51
-19.54
-5.72
10.38
-20.52
-5.78
10.28
-21.50
-5.79
10.24
-22.48
-5.75
10.25
-23.44
-5.63
10.28
-24.35
-5.40
10.31
-25.26
-4.96
10.33
-26.03
-4.70
9.87
-26.43
-4.57
9.64
-15.17
-4.69
10.21
-15.72
-4.81
9.99
-16.59
-4.93
9.60
-17.59
-5.22
9.60
-18.55
-5.39
9.57
-19.53
-5.49
9.50
-20.51
-5.55
9.45
-21.50
-5.57
9.43
-22.49
-5.55
9.43
-23.47
-5.49
9.44
-24.41
-5.35
9.44
-25.30
-5.11
9.42
-26.04
-4.87
9.29
-26.49
-4.62
9.24
-17.00
-4.79
8.76
-17.73
-5.02
8.77
-18.59
-5.17
8.71
-19.53
-5.27
8.62
-20.52
-5.34
8.60
-21.51
-5.38
8.58
-22.49
-5.39
8.57
-23.47
-5.36
8.57
-24.42
-5.27
8.57
-25.32
-5.10
8.55
-26.10
-4.84
8.53
-26.52
-4.61
8.75
-17.24
-4.65
8.24
-17.79
-4.76
8.09
-18.59
-4.90
7.95
-19.54
-4.97
7.74
-20.54
-5.10
7.78
-21.52
-5.17
7.76
-22.50
-5.20
7.74
-23.46
-5.20
7.73
-24.40
-5.14
7.73
-25.31
-4.99
7.67
-25.95
-4.85
7.87
-19.89
-4.77
7.18
-20.61
-4.83
7.10
-21.53
-4.88
7.00
-22.50
-4.95
6.95
-23.46
-4.99
6.95
-24.35
-4.99
6.98
-25.05
-4.93
7.03
-17.03
-3.89
14.79
-17.65
-4.08
14.87
-18.54
-4.41
14.93
-19.52
-4.41
15.09
-20.40
-4.42
15.11
-21.21
-4.43
14.99
-21.88
-4.38
14.74
-15.02
-4.07
13.90
-15.72
-4.13
14.17
-16.59
-4.20
14.45
-17.42
-4.57
14.53
-18.08
-4.81
14.61
-22.50
-4.47
14.31
-22.92
-4.15
13.97
-13.35
-4.02
12.82
-13.80
-4.04
13.19
-14.42
-4.09
13.53
-22.87
-4.81
13.95
-23.24
-4.49
13.56
-13.16
-4.09
12.30
-13.51
-4.42
12.06
-23.79
-4.46
12.91
-24.31
-4.42
12.37
-24.76
-4.41
11.88
-13.09
-4.06
11.73
-13.60
-4.36
11.45
-14.19
-4.59
11.18
-25.14
-4.38
11.32
-13.77
-4.24
10.81
-14.35
-4.44
10.55
-25.62
-4.28
10.65
-26.18
-4.20
10.10
-26.54
-4.24
9.68
-14.85
-4.39
9.92
-15.48
-4.46
9.51
-16.09
-4.52
9.10
-26.71
-4.22
9.17
-16.52
-4.42
8.52
-26.45
-4.58
8.13
-26.77
-4.20
8.41
-16.97
-4.30
7.94
-17.69
-4.34
7.49
-18.51
-4.56
7.36
-19.19
-4.68
7.27
-25.71
-4.79
7.18
-26.32
-4.57
7.41
-26.93
-4.04
7.42
-17.98
-4.06
6.96
-18.65
-4.21
6.83
-19.54
-4.43
6.77
-20.50
-4.46
6.50
-21.48
-4.48
6.21
-22.50
-4.64
6.16
-23.49
-4.75
6.16
-24.45
-4.78
6.24
-25.43
-4.72
6.46
-26.37
-4.45
6.41
-27.21
-3.96
6.32
-27.76
-3.75
5.79
-21.78
-4.26
5.59
-22.51
-4.33
5.29
-23.54
-4.52
5.32
-24.51
-4.60
5.36
-25.47
-4.57
5.43
-26.41
-4.42
5.42
-27.26
-4.15
5.33
-27.98
-3.85
5.09
-28.38
-3.77
4.72
-22.77
-4.19
4.38
-23.64
-4.38
4.41
-24.55
-4.48
4.44
-25.50
-4.49
4.46
-26.43
-4.41
4.46
-27.29
-4.24
4.43
-27.99
-4.03
4.34
-28.43
-3.80
4.23
-22.88
-4.10
3.46
-23.70
-4.29
3.48
-24.58
-4.40
3.49
-25.51
-4.43
3.50
-26.44
-4.37
3.51
-27.30
-4.24
3.53
-28.00
-4.06
3.55
-28.45
-3.81
3.55
-22.93
-4.03
2.54
-23.73
-4.23
2.55
-24.59
-4.34
2.55
-25.51
-4.36
2.56
-26.42
-4.28
2.59
-27.29
-4.13
2.65
-28.00
-3.98
2.81
-28.42
-3.78
2.89
-22.98
-3.94
1.67
-23.75
-4.13
1.67
-24.59
-4.23
1.67
-25.48
-4.23
1.68
-26.37
-4.11
1.71
-27.27
-3.82
1.80
-28.01
-3.77
2.27
-28.38
-3.74
2.49
-23.04
-3.78
0.94
-23.76
-3.94
0.93
-24.58
-4.02
0.91
-25.43
-4.01
0.92
-26.22
-3.91
0.96
-26.84
-3.65
1.00
-23.13
-3.56
0.47
-23.75
-3.62
0.39
-24.55
-3.66
0.35
-25.38
-3.66
0.37
-26.11
-3.61
0.45
-26.59
-3.52
0.55
-16.88
-3.33
14.91
-17.65
-3.36
15.04
-18.54
-3.48
15.11
-19.49
-3.54
15.17
-20.39
-3.58
15.15
-21.19
-3.60
15.02
-21.88
-3.59
14.77
-14.90
-3.38
14.11
-15.59
-3.42
14.43
-16.28
-3.47
14.68
-22.45
-3.58
14.38
-22.92
-3.50
13.96
-13.11
-3.32
12.89
-13.66
-3.35
13.36
-14.27
-3.38
13.75
-23.34
-3.55
13.46
-11.39
-2.58
11.62
-11.84
-2.83
11.84
-12.58
-3.28
12.22
-23.84
-3.54
12.87
-24.37
-3.57
12.32
-24.82
-3.66
11.86
-11.21
-2.64
11.16
-11.80
-3.06
11.25
-12.61
-3.59
11.37
-13.18
-3.96
11.09
-25.23
-3.60
11.36
-10.56
-2.44
10.14
-10.95
-2.61
10.47
-11.70
-3.01
10.50
-12.55
-3.40
10.45
-13.40
-3.86
10.41
-14.06
-4.08
10.13
-25.71
-3.46
10.76
-26.32
-3.44
10.05
-26.61
-3.81
9.69
-10.55
-2.40
9.86
-10.95
-2.56
9.87
-11.65
-2.77
9.77
-12.58
-3.02
9.51
-13.52
-3.50
9.53
-14.44
-3.90
9.45
-15.26
-4.06
9.04
-15.80
-4.20
8.82
-26.70
-3.17
9.46
-26.80
-3.67
9.23
-13.06
-2.82
8.80
-13.71
-3.15
8.80
-14.50
-3.42
8.66
-15.33
-3.65
8.41
-16.03
-4.00
8.32
-26.91
-3.01
8.99
-27.01
-3.35
8.51
-13.33
-2.66
8.41
-13.81
-2.78
8.27
-14.56
-2.92
8.04
-15.51
-3.11
7.66
-16.49
-3.69
7.56
-17.26
-3.88
7.21
-27.26
-3.30
7.49
-16.00
-2.85
7.07
-16.73
-3.06
6.77
-17.66
-3.55
6.63
-18.62
-3.71
6.28
-19.52
-3.92
6.11
-20.38
-4.06
5.92
-21.06
-4.16
5.80
-27.56
-3.29
6.52
-27.93
-3.35
5.85
-17.15
-2.80
6.22
-17.78
-2.98
5.98
-18.70
-3.13
5.59
-19.56
-3.45
5.46
-20.42
-3.68
5.26
-21.31
-3.96
5.21
-21.97
-4.07
4.95
-28.26
-3.38
5.13
-28.48
-3.56
4.74
-19.09
-2.96
5.11
-19.59
-3.07
4.84
-20.40
-3.29
4.40
-21.30
-3.68
4.35
-22.05
-3.94
4.30
-28.47
-3.23
4.62
-28.59
-3.46
4.26
-20.70
-3.18
3.44
-21.42
-3.54
3.45
-22.14
-3.84
3.44
-28.62
-3.48
3.54
-20.85
-3.10
2.52
-21.51
-3.45
2.53
-22.20
-3.77
2.53
-28.41
-3.23
2.55
-28.56
-3.45
2.86
-20.95
-3.00
1.66
-21.58
-3.35
1.66
-22.27
-3.67
1.66
-27.60
-3.23
1.62
-28.17
-3.36
2.17
-28.45
-3.55
2.45
-21.05
-2.85
0.94
-21.68
-3.16
0.92
-22.39
-3.47
0.90
-27.11
-3.15
0.93
-21.18
-2.64
0.47
-21.77
-2.81
0.36
-22.68
-3.09
0.28
-23.60
-3.08
0.06
-24.50
-3.10
0.00
-25.36
-3.11
0.05
-26.10
-3.13
0.19
-26.67
-3.12
0.45
-15.95
-2.25
14.83
-16.61
-2.54
14.95
-17.56
-2.55
15.06
-18.52
-2.59
15.08
-19.48
-2.70
15.09
-20.38
-2.79
15.04
-21.18
-2.84
14.92
-21.83
-2.87
14.70
-14.82
-2.56
14.26
-15.55
-2.61
14.62
-16.13
-2.87
14.79
-22.34
-2.80
14.32
-22.83
-2.79
13.90
-12.99
-2.48
13.04
-13.60
-2.52
13.50
-14.19
-2.60
13.89
-23.24
-2.71
13.38
-11.28
-2.12
11.72
-11.77
-2.23
12.12
-12.40
-2.40
12.55
-23.76
-2.60
12.75
-24.40
-2.67
12.12
-24.80
-3.06
11.82
-10.92
-2.10
11.19
-24.83
-2.26
11.59
-25.12
-2.85
11.42
-10.36
-2.09
10.07
-10.60
-2.09
10.56
-25.17
-2.14
11.22
-25.57
-2.48
10.88
-26.24
-2.47
10.15
-10.35
-2.00
9.55
-10.83
-2.24
9.38
-11.49
-2.33
9.16
-12.20
-2.47
8.98
-26.67
-2.48
9.52
-10.31
-1.76
9.04
-10.72
-1.88
8.92
-11.21
-1.99
8.85
-12.70
-2.37
8.56
-26.94
-2.48
8.97
-27.14
-2.46
8.36
-13.17
-2.33
8.22
-13.70
-2.30
7.94
-14.43
-2.35
7.62
-15.18
-2.40
7.26
-27.41
-2.43
7.43
-15.79
-2.34
6.81
-16.41
-2.38
6.40
-27.73
-2.45
6.34
-27.97
-2.89
5.83
-16.98
-2.33
5.93
-17.67
-2.40
5.51
-18.49
-2.52
5.09
-18.83
-2.41
4.69
-27.98
-2.15
5.37
-28.18
-2.82
5.21
-18.96
-2.69
4.87
-19.30
-2.59
4.35
-19.95
-2.88
4.05
-28.11
-2.07
4.44
-28.38
-2.79
4.39
-28.58
-3.13
4.07
-19.53
-2.42
3.41
-20.12
-2.79
3.36
-28.10
-2.07
3.53
-28.38
-2.70
3.55
-28.60
-3.11
3.54
-19.66
-2.31
2.51
-20.25
-2.71
2.50
-27.97
-2.19
2.64
-28.32
-2.84
2.76
-28.56
-3.14
3.03
-19.77
-2.20
1.65
-20.36
-2.61
1.65
-27.67
-2.46
1.77
-28.10
-2.90
2.19
-19.91
-2.05
0.92
-20.51
-2.44
0.90
-27.13
-2.44
0.94
-20.09
-1.83
0.42
-20.79
-2.11
0.30
-21.66
-2.18
0.03
-22.58
-2.29
-0.10
-23.53
-2.32
-0.19
-24.47
-2.34
-0.18
-25.37
-2.37
-0.08
-26.12
-2.47
0.11
-26.68
-2.52
0.41
-15.23
-1.40
14.60
-15.75
-1.64
14.78
-16.59
-1.70
14.92
-17.49
-1.71
14.96
-18.49
-1.65
14.87
-19.52
-1.93
14.85
-20.41
-2.10
14.79
-21.20
-2.22
14.69
-21.75
-2.35
14.56
-14.18
-1.28
13.96
-14.75
-1.62
14.31
-15.32
-1.94
14.61
-18.90
-1.04
14.53
-19.67
-1.32
14.50
-20.50
-1.50
14.41
-21.32
-1.70
14.28
-22.11
-2.07
14.13
-22.66
-2.25
13.82
-12.99
-1.63
13.13
-13.68
-1.60
13.61
-14.18
-1.93
13.96
-19.21
-0.70
14.26
-19.78
-0.79
14.15
-20.55
-0.91
13.99
-21.41
-1.07
13.77
-22.28
-1.38
13.48
-22.94
-1.95
13.33
-11.23
-1.41
11.76
-11.76
-1.45
12.23
-12.40
-1.52
12.68
-22.77
-1.11
12.93
-23.48
-1.53
12.58
-24.17
-1.87
12.10
-10.81
-1.38
11.18
-23.95
-1.12
12.01
-24.60
-1.41
11.59
-25.07
-1.10
11.16
-10.17
-1.61
9.97
-10.39
-1.35
10.45
-25.11
-1.66
11.20
-25.55
-1.44
10.80
-26.30
-1.45
10.08
-26.66
-1.03
9.70
-9.63
-0.94
8.90
-9.96
-1.24
9.36
-10.11
-1.02
9.89
-11.68
-2.05
8.78
-12.09
-2.11
8.68
-26.73
-1.76
9.47
-26.90
-1.20
9.23
-9.62
-0.87
8.52
-10.05
-1.27
8.67
-10.68
-1.41
8.38
-11.50
-1.69
8.44
-12.42
-1.82
8.24
-12.91
-1.59
7.87
-26.95
-1.92
8.99
-27.14
-1.52
8.50
-9.63
-0.74
8.13
-9.94
-0.92
8.08
-10.39
-1.03
7.97
-13.00
-1.95
8.05
-13.43
-1.74
7.67
-14.27
-1.77
7.29
-14.96
-1.81
6.95
-27.42
-1.48
7.48
-15.54
-1.78
6.52
-16.15
-1.80
6.10
-27.66
-1.41
6.46
-16.71
-1.76
5.58
-17.45
-1.78
4.99
-18.24
-2.04
4.72
-18.66
-2.17
4.55
-27.86
-1.21
5.42
-27.90
-0.78
5.07
-17.63
-1.48
4.21
-18.29
-1.80
4.14
-18.83
-2.12
4.13
-27.94
-1.22
4.44
-27.93
-0.79
4.67
-17.73
-1.31
3.39
-18.38
-1.64
3.36
-18.97
-2.01
3.37
-27.88
-1.28
3.51
-17.79
-1.20
2.51
-18.45
-1.54
2.50
-19.07
-1.91
2.50
-27.71
-1.37
2.59
-17.86
-1.09
1.65
-18.52
-1.43
1.64
-19.17
-1.80
1.64
-27.41
-1.49
1.71
-17.97
-0.92
0.90
-18.62
-1.23
0.88
-19.32
-1.60
0.87
-25.90
-0.99
0.16
-26.37
-1.19
0.40
-26.91
-1.53
0.86
-18.11
-0.71
0.39
-18.73
-0.89
0.28
-19.65
-1.23
0.20
-20.62
-1.32
-0.06
-21.57
-1.37
-0.23
-22.53
-1.42
-0.30
-23.49
-1.44
-0.31
-24.45
-1.44
-0.24
-25.43
-1.42
-0.05
-26.17
-1.77
0.17
-26.63
-1.96
0.42
-15.28
-1.00
14.57
-15.80
-0.98
14.70
-16.55
-0.98
14.79
-17.36
-1.00
14.80
-18.04
-1.03
14.74
-14.21
-0.68
13.87
-14.93
-0.71
14.26
-15.69
-0.38
14.43
-16.52
-0.31
14.54
-17.36
-0.34
14.54
-18.27
-0.45
14.43
-13.02
-0.94
13.10
-13.58
-0.65
13.41
-18.98
-0.22
14.11
-19.71
-0.19
13.87
-20.51
-0.23
13.62
-21.42
-0.32
13.29
-22.08
-0.71
13.17
-11.28
-0.64
11.74
-11.82
-0.59
12.18
-12.57
-0.57
12.70
-13.18
-0.21
13.00
-21.93
-0.05
12.85
-22.51
-0.45
12.72
-23.21
-0.60
12.32
-10.87
-0.56
11.19
-23.77
-0.44
11.87
-24.43
-0.47
11.45
-25.04
-0.44
11.06
-10.48
-0.50
10.50
-25.62
-0.53
10.65
-26.23
-0.54
10.16
-26.66
-0.45
9.71
-9.55
-0.62
8.82
-9.78
-0.44
9.15
-10.12
-0.39
9.83
-26.95
-0.48
9.14
-9.49
-0.42
8.39
-9.58
-0.18
8.65
-10.95
-1.11
7.91
-11.57
-1.21
7.85
-12.31
-1.29
7.75
-12.84
-1.31
7.62
-27.17
-0.55
8.40
-9.57
-0.36
7.84
-9.99
-0.53
7.62
-10.68
-0.72
7.47
-11.55
-0.81
7.25
-12.41
-0.95
7.16
-13.27
-1.18
7.15
-14.19
-1.30
6.86
-14.81
-1.41
6.68
-27.38
-0.52
7.49
-9.64
-0.12
7.44
-10.00
-0.09
7.19
-10.73
-0.09
6.66
-11.62
-0.41
6.48
-12.50
-0.61
6.39
-13.41
-0.79
6.33
-14.32
-0.97
6.20
-15.20
-1.26
6.14
-15.88
-1.39
5.84
-27.59
-0.47
6.56
-11.14
0.20
5.74
-11.77
-0.11
5.64
-12.59
-0.33
5.56
-13.50
-0.51
5.48
-14.42
-0.69
5.39
-15.33
-0.93
5.31
-16.23
-1.23
5.21
-16.90
-1.35
4.84
-27.77
-0.39
5.70
-27.87
-0.30
5.09
-11.37
0.36
5.13
-11.87
0.19
4.87
-12.67
-0.05
4.78
-13.57
-0.22
4.62
-14.49
-0.44
4.51
-15.39
-0.67
4.43
-16.24
-0.92
4.35
-16.97
-1.16
4.22
-27.88
-0.67
4.15
-27.90
-0.32
4.48
-12.12
0.39
4.38
-12.74
0.30
4.16
-13.65
0.18
3.76
-14.57
-0.16
3.61
-15.45
-0.46
3.52
-16.28
-0.73
3.46
-17.03
-1.00
3.41
-27.76
-0.43
3.51
-27.84
-0.12
3.98
-14.08
0.33
3.10
-14.73
0.17
2.69
-15.56
-0.26
2.60
-16.34
-0.59
2.55
-17.09
-0.89
2.52
-27.53
-0.51
2.59
-15.15
0.30
1.82
-15.74
-0.08
1.72
-16.45
-0.43
1.67
-17.18
-0.76
1.64
-27.24
-0.57
1.76
-15.40
0.42
1.25
-15.93
0.21
0.94
-16.61
-0.20
0.88
-17.34
-0.55
0.85
-25.81
-0.36
0.25
-26.36
-0.45
0.59
-26.85
-0.58
1.07
-16.30
0.31
0.40
-16.85
0.11
0.26
-17.70
-0.22
0.15
-18.63
-0.27
-0.14
-19.58
-0.39
-0.25
-20.54
-0.44
-0.34
-21.52
-0.47
-0.39
-22.49
-0.49
-0.38
-23.44
-0.51
-0.34
-24.35
-0.51
-0.22
-25.18
-0.47
-0.02
-14.30
-0.15
13.75
-14.84
0.06
13.91
-15.63
0.38
14.04
-16.51
0.37
14.21
-17.32
0.35
14.23
-18.08
0.33
14.13
-13.96
0.11
13.39
-14.60
0.64
13.46
-15.26
0.82
13.66
-18.76
0.50
13.86
-19.56
0.54
13.60
-20.37
0.52
13.33
-21.14
0.51
13.00
-11.36
-0.01
11.66
-11.84
0.29
11.93
-12.60
0.37
12.40
-13.45
0.55
12.85
-14.15
0.93
13.05
-21.84
0.61
12.55
-22.53
0.24
12.33
-23.07
0.02
12.12
-11.10
0.28
11.18
-11.53
0.66
11.48
-22.15
0.98
12.14
-22.69
0.78
11.94
-23.45
0.41
11.70
-24.29
0.37
11.24
-24.97
0.29
10.90
-10.67
0.33
10.45
-25.57
0.28
10.48
-26.17
0.20
10.08
-26.61
0.17
9.67
-9.94
0.30
9.06
-10.30
0.40
9.70
-26.87
0.22
9.11
-9.48
-0.01
8.17
-9.69
0.32
8.39
-27.06
0.30
8.37
-9.52
0.05
7.76
-9.71
0.46
7.73
-27.25
0.42
7.49
-9.61
0.12
7.42
-9.90
0.42
7.17
-10.43
0.61
6.51
-27.48
0.44
6.56
-10.86
0.76
5.68
-27.68
0.43
5.70
-27.82
0.34
5.08
-11.26
0.80
4.91
-11.62
0.56
4.62
-27.84
0.35
4.51
-11.48
0.94
4.48
-11.90
0.82
4.26
-12.62
0.84
3.87
-13.37
0.81
3.43
-27.58
0.43
3.39
-27.77
0.40
3.97
-13.91
0.78
2.93
-14.41
0.82
2.43
-27.35
0.34
2.57
-14.86
0.86
1.75
-27.07
0.25
1.81
-15.28
0.88
1.15
-15.79
0.81
0.65
-25.70
0.43
0.43
-26.30
0.32
0.80
-26.75
0.20
1.22
-16.28
0.72
0.19
-16.94
0.71
-0.18
-17.70
0.48
-0.36
-18.59
0.54
-0.55
-19.54
0.44
-0.55
-20.49
0.48
-0.53
-21.49
0.47
-0.46
-22.47
0.44
-0.38
-23.40
0.41
-0.28
-24.27
0.39
-0.14
-25.04
0.40
0.09
-17.25
0.98
-0.50
-17.71
1.00
-0.61
-18.27
1.01
-0.71
-15.93
0.94
13.81
-16.58
0.98
13.90
-17.33
0.97
13.93
-17.95
0.89
13.90
-14.88
1.21
13.23
-15.61
1.39
13.39
-16.56
1.53
13.51
-17.45
1.54
13.55
-18.40
1.30
13.56
-19.40
1.33
13.30
-20.23
1.26
13.07
-20.90
1.22
12.79
-12.05
0.95
11.77
-12.64
1.15
12.05
-13.48
1.49
12.34
-14.46
1.54
12.80
-15.19
1.77
12.96
-21.43
1.35
12.39
-11.24
0.93
10.94
-11.77
1.36
11.22
-12.51
1.71
11.61
-13.08
1.89
11.88
-21.94
1.54
11.92
-22.64
1.44
11.58
-23.42
1.26
11.27
-24.25
1.19
10.85
-24.89
0.88
10.68
-10.95
1.10
10.33
-11.38
1.72
10.44
-24.67
1.59
10.27
-25.37
1.07
10.17
-26.10
0.81
9.81
-26.51
0.63
9.58
-10.15
0.89
8.95
-10.61
1.34
9.40
-11.08
1.87
9.79
-24.88
1.92
9.73
-25.48
1.68
9.42
-26.17
1.23
9.26
-26.64
0.80
9.13
-10.03
0.97
8.36
-10.43
1.59
8.42
-25.78
1.94
8.70
-26.31
1.53
8.59
-26.78
1.03
8.41
-9.99
1.02
7.68
-10.37
1.59
7.56
-25.94
2.14
8.18
-26.38
1.88
7.92
-26.92
1.39
7.46
-10.06
0.95
7.15
-10.45
1.38
6.68
-27.27
1.34
6.44
-10.83
1.47
5.72
-27.51
1.28
5.43
-27.73
0.87
5.01
-11.23
1.51
4.89
-11.56
1.80
4.51
-27.48
1.48
4.53
-27.72
0.92
4.51
-11.47
1.31
4.46
-11.87
1.51
4.20
-12.59
1.57
3.78
-13.39
1.59
3.26
-13.84
1.89
2.87
-26.97
1.92
3.09
-27.34
1.38
3.57
-27.65
0.92
4.01
-13.83
1.30
2.86
-14.23
1.59
2.44
-26.73
1.83
2.47
-27.09
1.15
2.59
-14.77
1.59
1.74
-25.77
1.84
1.22
-26.34
1.64
1.68
-26.82
0.97
1.82
-15.26
1.58
1.12
-15.89
1.57
0.51
-16.49
1.91
0.11
-16.92
2.14
-0.10
-25.56
1.31
0.71
-26.24
1.03
1.10
-26.64
0.76
1.34
-16.27
1.20
0.11
-16.80
1.38
-0.21
-17.23
1.88
-0.36
-18.89
1.08
-0.74
-19.54
1.18
-0.72
-20.40
1.44
-0.62
-21.46
1.38
-0.42
-22.45
1.35
-0.26
-23.39
1.27
-0.13
-24.21
1.19
0.02
-24.91
1.17
0.26
-17.22
1.30
-0.51
-17.73
1.59
-0.63
-18.56
1.53
-0.79
-19.33
1.72
-0.81
-19.90
1.84
-0.76
-15.91
1.96
13.06
-16.60
2.10
13.10
-17.48
2.25
13.06
-18.42
2.12
13.08
-19.36
2.14
12.85
-20.20
1.88
12.74
-20.73
1.71
12.62
-13.86
2.23
12.04
-14.63
2.24
12.36
-15.54
2.31
12.64
-16.44
2.54
12.67
-17.13
2.63
12.70
-19.73
2.58
12.35
-20.39
2.30
12.30
-21.03
1.95
12.23
-12.05
2.09
10.95
-12.63
2.39
11.20
-13.31
2.39
11.63
-19.94
2.85
11.90
-20.58
2.68
11.75
-21.51
2.34
11.52
-22.50
2.11
11.17
-23.31
1.93
10.87
-23.91
1.76
10.67
-11.84
2.46
10.33
-12.39
2.73
10.70
-21.84
2.76
10.88
-22.53
2.64
10.63
-23.35
2.48
10.29
-24.11
2.09
10.19
-10.91
2.08
9.10
-11.34
2.49
9.47
-23.72
2.71
9.70
-24.43
2.44
9.43
-25.09
2.17
9.16
-10.86
2.34
8.37
-11.21
2.72
8.77
-24.74
2.72
8.65
-25.31
2.36
8.60
-10.75
2.29
7.48
-24.99
2.91
8.08
-25.60
2.60
7.92
-26.24
2.41
7.44
-26.73
2.19
6.99
-10.80
2.21
6.61
-27.01
2.16
6.28
-11.00
2.19
5.77
-27.18
2.17
5.45
-11.29
2.20
5.10
-11.73
2.36
4.61
-12.22
2.70
4.41
-27.19
2.23
4.63
-12.03
2.10
4.21
-12.60
2.40
3.97
-13.35
2.43
3.45
-13.93
2.52
2.96
-26.74
2.49
3.29
-27.06
2.26
3.87
-14.40
2.43
2.40
-26.40
2.52
2.59
-14.85
2.39
1.76
-23.84
3.05
0.96
-24.49
2.87
1.11
-25.32
2.51
1.36
-25.99
2.44
1.93
-15.29
2.34
1.21
-15.84
2.43
0.77
-16.49
2.58
0.38
-17.12
2.65
0.04
-22.80
2.72
0.38
-23.51
2.68
0.56
-24.32
2.37
0.64
-25.01
2.00
0.74
-17.58
2.45
-0.33
-20.55
2.24
-0.45
-21.47
2.20
-0.22
-22.45
2.24
0.02
-23.40
2.03
0.14
-24.19
1.85
0.25
-24.74
1.70
0.37
-18.03
2.25
-0.62
-18.65
2.22
-0.75
-19.32
2.28
-0.76
-19.93
2.29
-0.68
-17.79
2.67
12.72
-18.40
2.64
12.70
-18.99
2.60
12.63
-14.08
2.70
11.78
-14.71
2.80
11.91
-15.56
2.89
12.06
-16.49
2.99
12.15
-17.46
2.98
12.30
-18.38
3.01
12.22
-19.16
2.89
12.21
-13.02
2.90
11.02
-13.72
2.97
11.31
-14.63
3.23
11.38
-15.55
3.36
11.46
-16.50
3.43
11.53
-17.48
3.43
11.59
-18.46
3.39
11.57
-19.49
3.22
11.54
-20.42
3.12
11.22
-21.14
2.92
11.08
-12.17
3.15
9.98
-12.80
3.24
10.47
-13.67
3.50
10.66
-14.58
3.69
10.76
-15.53
3.80
10.84
-16.50
3.85
10.89
-17.48
3.85
10.90
-18.46
3.80
10.86
-19.45
3.70
10.74
-20.46
3.60
10.46
-21.48
3.23
10.46
-22.37
3.11
10.12
-23.03
2.94
9.93
-11.79
3.18
9.28
-20.83
3.86
9.86
-21.53
3.70
9.72
-22.41
3.55
9.39
-23.33
3.16
9.33
-24.00
2.93
9.09
-11.14
2.86
8.07
-11.54
3.22
8.42
-22.73
3.76
8.76
-23.42
3.58
8.48
-24.20
3.16
8.48
-11.13
2.89
7.40
-11.60
3.40
7.49
-23.80
3.81
7.70
-24.62
3.39
7.68
-25.45
3.15
7.29
-26.12
2.92
6.92
-26.56
2.67
6.71
-11.19
2.87
6.58
-11.74
3.45
6.56
-12.20
3.75
6.20
-23.97
4.05
7.11
-24.60
3.87
6.89
-25.37
3.62
6.60
-26.10
3.34
6.20
-26.67
2.79
6.17
-11.28
2.77
5.81
-11.73
3.22
5.72
-12.28
3.59
5.55
-26.35
3.40
5.37
-26.82
2.85
5.42
-11.40
2.67
5.28
-11.78
2.91
5.06
-12.42
3.25
4.77
-26.43
3.37
4.54
-26.86
2.85
4.66
-12.92
3.14
4.15
-13.53
3.18
3.69
-14.15
3.26
3.16
-26.42
3.17
3.66
-26.82
2.80
4.05
-14.64
3.20
2.49
-20.26
4.42
1.62
-20.70
4.33
1.70
-21.23
4.27
1.74
-25.53
3.54
2.49
-26.01
3.22
2.77
-15.10
3.16
1.81
-15.54
3.48
1.54
-20.02
4.23
1.23
-20.68
3.99
1.21
-21.54
3.93
1.34
-22.49
3.75
1.28
-23.47
3.54
1.29
-24.38
3.49
1.60
-25.22
3.31
1.95
-25.77
3.02
2.19
-15.37
2.92
1.33
-15.85
3.20
1.10
-16.61
3.31
0.72
-17.54
3.42
0.36
-18.53
3.76
0.38
-19.53
3.87
0.60
-20.51
3.54
0.57
-21.45
3.38
0.65
-22.40
3.17
0.65
-23.14
3.15
0.81
-17.99
2.96
-0.22
-18.68
3.19
-0.18
-19.48
3.21
-0.11
-20.36
2.93
-0.12
-21.35
2.84
0.10
-22.08
2.77
0.23
-18.23
2.68
-0.53
-18.72
2.75
-0.57
-19.36
2.76
-0.55
-19.90
2.70
-0.51
-12.40
3.57
9.71
-12.90
3.74
9.87
-13.68
3.96
10.00
-14.58
4.13
10.09
-15.54
4.22
10.19
-16.51
4.26
10.25
-17.48
4.25
10.25
-18.44
4.21
10.19
-19.36
4.13
10.07
-20.10
4.01
9.98
-12.26
3.69
9.18
-12.89
4.03
9.21
-13.69
4.31
9.27
-14.61
4.55
9.33
-15.57
4.61
9.54
-16.52
4.65
9.62
-17.47
4.65
9.62
-18.43
4.61
9.54
-19.42
4.54
9.32
-20.46
4.24
9.36
-21.39
4.08
9.13
-22.06
3.92
8.98
-12.16
3.78
8.41
-12.86
4.19
8.41
-13.73
4.57
8.44
-14.33
4.72
8.74
-19.76
4.77
8.70
-20.51
4.66
8.44
-21.46
4.38
8.40
-22.34
4.10
8.38
-22.98
3.96
8.14
-12.14
3.85
7.58
-12.82
4.22
7.50
-13.72
4.63
7.48
-14.42
4.91
7.11
-14.97
5.13
6.91
-20.84
4.86
7.64
-21.60
4.64
7.65
-22.41
4.41
7.60
-23.17
4.16
7.54
-12.15
3.84
6.88
-12.70
4.08
6.53
-13.57
4.47
6.48
-14.31
4.79
6.35
-14.95
5.10
6.28
-21.03
5.01
7.04
-21.67
4.87
6.94
-22.50
4.69
6.85
-23.47
4.43
6.73
-24.38
4.34
6.15
-25.24
4.02
5.98
-25.78
3.78
5.83
-12.88
3.97
5.60
-13.60
4.32
5.57
-14.33
4.66
5.48
-15.00
5.04
5.45
-24.61
4.54
5.28
-25.30
4.21
5.25
-25.88
3.86
5.25
-13.03
3.77
4.83
-13.68
4.10
4.74
-14.42
4.45
4.58
-15.14
4.92
4.55
-24.69
4.61
4.45
-25.35
4.26
4.46
-25.93
3.86
4.49
-13.21
3.60
4.32
-13.73
3.76
4.06
-14.54
4.04
3.59
-15.48
4.76
3.54
-16.12
5.02
3.10
-24.68
4.57
3.62
-25.33
4.19
3.64
-25.90
3.77
3.70
-15.00
3.86
2.67
-15.64
4.38
2.60
-16.37
4.84
2.46
-16.93
5.03
2.18
-20.10
4.77
1.87
-20.69
4.73
2.13
-21.48
4.60
2.15
-22.16
4.63
2.25
-24.57
4.40
2.85
-25.26
3.97
2.84
-25.76
3.70
3.07
-15.26
3.70
2.07
-15.77
3.97
1.83
-16.48
4.42
1.75
-17.16
4.79
1.66
-19.65
4.68
1.46
-21.86
4.29
1.79
-22.55
4.32
1.88
-23.43
4.19
1.89
-24.27
4.13
2.17
-24.95
3.84
2.28
-16.06
3.74
1.33
-16.65
3.98
1.18
-17.53
4.35
1.05
-18.40
4.47
0.91
-19.14
4.55
1.05
-14.99
4.84
8.91
-15.67
4.93
8.95
-16.54
4.99
8.99
-17.46
5.01
8.99
-18.34
4.96
8.93
-19.04
4.88
8.87
-14.19
4.82
8.23
-14.75
4.94
8.38
-15.62
5.16
8.26
-16.54
5.29
8.30
-17.46
5.32
8.30
-18.39
5.26
8.23
-19.33
5.06
8.27
-20.02
4.96
8.05
-14.18
4.85
7.81
-14.71
5.04
7.66
-15.57
5.35
7.28
-16.55
5.55
7.54
-17.44
5.61
7.55
-18.39
5.58
7.32
-19.38
5.34
7.39
-20.21
5.12
7.41
-15.55
5.42
6.34
-18.75
5.75
6.45
-19.60
5.52
6.51
-20.59
5.26
6.55
-21.55
5.12
6.25
-22.44
4.97
6.10
-23.28
4.81
5.98
-23.90
4.70
5.79
-15.59
5.42
5.50
-18.92
5.86
5.65
-19.67
5.69
5.63
-20.55
5.50
5.52
-21.50
5.33
5.39
-22.41
5.18
5.30
-23.24
5.02
5.24
-23.96
4.83
5.20
-15.72
5.37
4.67
-19.02
5.92
5.01
-19.62
5.82
4.84
-20.44
5.64
4.50
-21.47
5.42
4.49
-22.40
5.26
4.46
-23.25
5.11
4.44
-24.00
4.90
4.43
-15.99
5.32
3.93
-16.53
5.42
3.35
-17.11
5.60
3.11
-20.61
5.52
3.59
-21.51
5.33
3.62
-22.42
5.18
3.60
-23.26
5.06
3.62
-24.00
4.87
3.63
-16.72
5.24
2.75
-17.26
5.40
2.48
-19.83
5.24
2.23
-20.52
5.25
2.74
-21.49
5.05
2.81
-22.44
4.92
2.75
-23.28
4.88
2.87
-23.96
4.73
2.91
-17.71
5.26
1.80
-18.22
5.39
1.63
-19.37
5.17
1.72
-22.80
4.66
2.29
-23.37
4.61
2.33
-23.89
4.54
2.43
-17.89
4.95
1.34
-18.42
5.12
1.30
-18.96
5.11
1.36
-16.11
5.67
6.84
-16.68
5.79
6.91
-17.37
5.84
6.92
-17.95
5.82
6.86
-16.12
5.73
6.25
-16.73
5.91
6.24
-17.41
5.98
6.24
-18.09
5.92
6.28
-16.16
5.75
5.50
-16.78
5.95
5.47
-17.50
6.03
5.44
-18.26
5.99
5.49
-16.23
5.71
4.75
-16.82
5.91
4.67
-17.59
6.00
4.55
-18.54
5.99
4.56
-19.35
5.91
4.23
-19.92
5.81
4.08
-16.31
5.64
4.19
-16.79
5.75
3.93
-17.55
5.85
3.55
-18.48
5.93
3.55
-19.29
5.86
3.47
-19.95
5.74
3.52
-17.84
5.71
2.67
-18.54
5.79
2.67
-19.33
5.65
2.63
-19.94
5.60
2.96
-18.02
5.59
2.09
-18.49
5.61
1.93
-19.03
5.52
1.92
-18.61
5.45
1.53
-18.88
5.42
1.55
