4
1
0
1
4
5
1
27
0
27
1
28
27
4
0
4
27
32
6
2
1
5
6
1
29
28
1
2
29
1
6
3
2
3
6
7
3
29
2
29
3
30
33
30
3
7
33
3
8
5
4
5
8
9
32
8
4
8
32
35
10
6
5
9
10
5
10
7
6
7
10
11
36
33
7
11
36
7
12
9
8
9
12
13
35
12
8
12
35
38
14
10
9
13
14
9
14
11
10
11
14
15
39
36
11
15
39
11
16
13
12
13
16
17
38
16
12
16
38
41
18
14
13
17
18
13
18
15
14
15
18
19
42
39
15
19
42
15
20
17
16
17
20
21
41
20
16
20
41
44
22
18
17
21
22
17
22
19
18
19
22
23
47
42
19
23
47
19
44
21
20
21
44
45
46
22
21
45
46
21
24
23
22
23
24
25
46
24
22
24
46
51
52
47
23
25
52
23
51
25
24
25
51
52
31
27
26
27
31
32
27
62
26
62
27
63
62
31
26
31
62
68
64
63
27
28
64
27
29
64
28
64
29
65
66
65
29
30
66
29
33
66
30
66
33
69
35
32
31
34
35
31
72
34
31
68
72
31
73
69
33
36
73
33
37
35
34
35
37
38
72
37
34
37
72
76
39
73
36
73
39
77
41
38
37
40
41
37
80
40
37
76
80
37
81
77
39
42
81
39
43
41
40
41
43
44
80
43
40
43
80
83
47
81
42
81
47
84
49
44
43
48
49
43
86
48
43
83
86
43
49
45
44
45
49
50
51
46
45
50
51
45
88
84
47
52
88
47
86
49
48
49
86
87
54
50
49
53
54
49
92
53
49
87
92
49
54
51
50
51
54
55
56
52
51
55
56
51
56
88
52
88
56
93
58
54
53
57
58
53
97
57
53
92
97
53
58
55
54
55
58
59
60
56
55
59
60
55
60
93
56
93
60
100
98
58
57
97
98
57
98
59
58
59
98
99
100
60
59
99
100
59
68
62
61
67
68
61
112
111
61
62
112
61
118
67
61
111
118
61
63
112
62
112
63
113
114
113
63
64
114
63
65
114
64
114
65
115
116
115
65
66
116
65
69
116
66
116
69
120
72
68
67
71
72
67
122
71
67
118
122
67
123
120
69
73
123
69
74
71
70
71
74
75
71
121
70
121
71
122
121
74
70
74
121
124
76
72
71
75
76
71
125
123
73
77
125
73
78
75
74
75
78
79
124
78
74
78
124
126
80
76
75
79
80
75
128
125
77
81
128
77
126
79
78
79
126
127
83
80
79
82
83
79
130
82
79
127
130
79
131
128
81
84
131
81
85
83
82
83
85
86
130
85
82
85
130
133
88
131
84
131
88
134
91
86
85
90
91
85
137
90
85
133
137
85
91
87
86
87
91
92
93
89
88
89
93
94
89
134
88
134
89
135
139
135
89
94
139
89
95
91
90
91
95
96
137
95
90
95
137
141
97
92
91
96
97
91
101
94
93
100
101
93
101
139
94
139
101
142
104
96
95
103
104
95
144
103
95
141
144
95
104
97
96
97
104
105
106
98
97
105
106
97
106
99
98
99
106
107
108
100
99
107
108
99
108
101
100
101
108
109
110
102
101
109
110
101
143
142
101
102
143
101
110
143
102
143
110
151
145
104
103
144
145
103
145
105
104
105
145
146
147
106
105
146
147
105
147
107
106
107
147
148
149
108
107
148
149
107
149
109
108
109
149
150
151
110
109
150
151
109
162
161
111
112
162
111
167
118
111
161
167
111
113
162
112
162
113
163
164
163
113
114
164
113
115
164
114
164
115
165
120
119
115
116
120
115
168
165
115
119
168
115
122
118
117
121
122
117
167
166
117
118
167
117
170
121
117
166
170
117
169
168
119
120
169
119
123
169
120
169
123
172
173
124
121
170
173
121
174
172
123
125
174
123
173
126
124
126
173
175
176
174
125
128
176
125
129
127
126
127
129
130
175
129
126
129
175
177
131
176
128
176
131
178
133
130
129
132
133
129
179
132
129
177
179
129
180
178
131
134
180
131
136
133
132
133
136
137
179
136
132
136
179
181
135
138
134
138
135
139
138
180
134
180
138
182
140
137
136
137
140
141
181
140
136
140
181
184
139
182
138
182
139
183
187
183
139
142
187
139
184
141
140
141
184
185
189
144
141
185
189
141
143
150
142
150
143
151
150
187
142
187
150
195
189
145
144
145
189
190
191
146
145
190
191
145
191
147
146
147
191
192
193
148
147
192
193
147
193
149
148
149
193
194
195
150
149
194
195
149
156
153
152
153
156
157
153
203
152
203
153
204
203
156
152
156
203
207
158
154
153
157
158
153
205
204
153
154
205
153
158
155
154
155
158
159
155
205
154
205
155
206
208
206
155
159
208
155
161
157
156
157
161
162
207
161
156
161
207
210
163
158
157
162
163
157
163
159
158
159
163
164
211
208
159
164
211
159
166
161
160
161
166
167
161
209
160
209
161
210
209
166
160
166
209
213
165
211
164
211
165
212
214
212
165
168
214
165
213
170
166
170
213
215
169
171
168
171
169
172
171
214
168
214
171
216
215
173
170
173
215
218
217
216
171
172
217
171
174
217
172
217
174
220
221
175
173
218
221
173
176
220
174
220
176
222
223
177
175
221
223
175
178
222
176
222
178
224
225
179
177
223
225
177
180
224
178
224
180
226
227
181
179
225
227
179
182
226
180
226
182
228
229
184
181
227
229
181
183
186
182
186
183
187
186
228
182
228
186
230
188
185
184
185
188
189
229
188
184
188
229
231
187
194
186
194
187
195
194
230
186
230
194
236
231
189
188
189
231
232
233
190
189
232
233
189
233
191
190
191
233
234
235
192
191
234
235
191
196
193
192
193
196
197
235
196
192
196
235
237
198
194
193
197
198
193
198
236
194
236
198
239
237
197
196
197
237
238
239
198
197
238
239
197
204
200
199
203
204
199
241
240
199
200
241
199
244
203
199
240
244
199
204
201
200
201
204
205
201
241
200
241
201
242
206
202
201
205
206
201
243
242
201
202
243
201
206
243
202
243
206
245
246
207
203
244
246
203
208
245
206
245
208
247
249
210
207
246
249
207
211
247
208
247
211
250
249
248
209
210
249
209
252
213
209
248
252
209
251
250
211
212
251
211
214
251
212
251
214
254
255
215
213
252
255
213
216
254
214
254
216
257
259
218
215
255
259
215
217
219
216
219
217
220
219
257
216
257
219
260
259
221
218
221
259
264
261
260
219
220
261
219
222
261
220
261
222
265
268
223
221
264
268
221
224
265
222
265
224
269
272
225
223
268
272
223
226
269
224
269
226
273
276
227
225
272
276
225
228
273
226
273
228
277
280
229
227
276
280
227
230
277
228
277
230
281
284
231
229
280
284
229
236
281
230
281
236
289
285
232
231
284
285
231
285
233
232
233
285
286
287
234
233
286
287
233
287
235
234
235
287
288
290
237
235
288
290
235
239
289
236
289
239
292
291
238
237
290
291
237
291
239
238
239
291
292
241
293
240
293
241
294
293
244
240
244
293
297
295
294
241
242
295
241
243
295
242
295
243
296
299
296
243
245
299
243
297
246
244
246
297
300
302
299
245
247
302
245
300
249
246
249
300
304
305
302
247
250
305
247
249
303
248
303
249
304
303
252
248
252
303
307
251
253
250
253
251
254
253
305
250
305
253
308
307
255
252
255
307
311
257
256
253
254
257
253
312
308
253
256
312
253
316
259
255
311
316
255
257
312
256
312
257
313
317
313
257
260
317
257
263
259
258
259
263
264
259
315
258
315
259
316
315
263
258
263
315
320
261
317
260
317
261
318
321
318
261
265
321
261
266
263
262
263
266
267
263
319
262
319
263
320
319
266
262
266
319
322
268
264
263
267
268
263
323
321
265
269
323
265
270
267
266
267
270
271
322
270
266
270
322
324
272
268
267
271
272
267
325
323
269
273
325
269
274
271
270
271
274
275
324
274
270
274
324
326
276
272
271
275
276
271
327
325
273
277
327
273
278
275
274
275
278
279
326
278
274
278
326
328
280
276
275
279
280
275
329
327
277
281
329
277
282
279
278
279
282
283
328
282
278
282
328
330
284
280
279
283
284
279
338
329
281
289
338
281
330
283
282
283
330
331
332
284
283
331
332
283
332
285
284
285
332
333
334
286
285
333
334
285
334
287
286
287
334
335
336
288
287
335
336
287
336
290
288
290
336
339
341
338
289
292
341
289
339
291
290
291
339
340
341
292
291
340
341
291
343
342
293
294
343
293
345
297
293
342
345
293
295
343
294
343
295
344
299
298
295
296
299
295
346
344
295
298
346
295
347
300
297
345
347
297
299
301
298
301
299
302
301
346
298
346
301
348
347
304
300
304
347
351
349
348
301
302
349
301
305
349
302
349
305
353
351
350
303
304
351
303
355
307
303
350
355
303
356
353
305
308
356
305
310
307
306
307
310
311
307
354
306
354
307
355
354
310
306
310
354
358
312
356
308
356
312
359
315
310
309
314
315
309
358
357
309
310
358
309
361
314
309
357
361
309
315
311
310
311
315
316
313
359
312
359
313
360
363
360
313
317
363
313
319
315
314
315
319
320
361
319
314
319
361
365
364
363
317
318
364
317
321
364
318
364
321
366
367
322
319
365
367
319
368
366
321
323
368
321
367
324
322
324
367
369
370
368
323
325
370
323
369
326
324
326
369
371
372
370
325
327
372
325
371
328
326
328
371
373
374
372
327
329
374
327
373
330
328
330
373
375
383
374
329
338
383
329
375
331
330
331
375
376
377
332
331
376
377
331
377
333
332
333
377
378
379
334
333
378
379
333
379
335
334
335
379
380
381
336
335
380
381
335
381
339
336
339
381
390
341
340
337
338
341
337
383
338
337
382
383
337
391
382
337
340
391
337
391
340
339
390
391
339
343
393
342
393
343
394
393
345
342
345
393
398
395
394
343
344
395
343
346
395
344
395
346
400
403
347
345
398
403
345
348
400
346
400
348
404
408
351
347
403
408
347
349
352
348
352
349
353
352
404
348
404
352
409
351
407
350
407
351
408
407
355
350
355
407
413
353
409
352
409
353
410
414
410
353
356
414
353
355
412
354
412
355
413
412
358
354
358
412
417
359
414
356
414
359
418
417
416
357
358
417
357
420
361
357
416
420
357
363
362
359
360
363
359
421
418
359
362
421
359
425
365
361
420
425
361
363
421
362
421
363
422
423
422
363
364
423
363
366
423
364
423
366
426
428
367
365
425
428
365
368
426
366
426
368
429
431
369
367
428
431
367
370
429
368
429
370
432
434
371
369
431
434
369
372
432
370
432
372
435
437
373
371
434
437
371
374
435
372
435
374
438
440
375
373
437
440
373
383
438
374
438
383
442
385
376
375
384
385
375
443
384
375
440
443
375
385
377
376
377
385
386
387
378
377
386
387
377
387
379
378
379
387
388
389
380
379
388
389
379
389
381
380
381
389
390
441
383
382
383
441
442
391
441
382
441
391
450
443
385
384
385
443
444
445
386
385
444
445
385
445
387
386
387
445
446
447
388
387
446
447
387
447
389
388
389
447
448
449
390
389
448
449
389
449
391
390
391
449
450
397
393
392
393
397
398
393
455
392
455
393
456
455
397
392
397
455
460
457
456
393
394
457
393
395
399
394
399
395
400
399
457
394
457
399
462
401
397
396
397
401
402
397
459
396
459
397
460
459
401
396
401
459
466
403
398
397
402
403
397
463
462
399
400
463
399
404
463
400
463
404
468
407
402
401
406
407
401
471
406
401
466
471
401
407
403
402
403
407
408
409
468
404
468
409
473
412
406
405
411
412
405
471
470
405
406
471
405
476
411
405
470
476
405
412
407
406
407
412
413
474
473
409
410
474
409
414
474
410
474
414
477
417
412
411
416
417
411
480
416
411
476
480
411
418
477
414
477
418
481
420
416
415
419
420
415
480
479
415
416
480
415
483
419
415
479
483
415
421
481
418
481
421
484
425
420
419
424
425
419
488
424
419
483
488
419
485
484
421
422
485
421
423
485
422
485
423
486
489
486
423
426
489
423
427
425
424
425
427
428
488
427
424
427
488
490
429
489
426
489
429
491
431
428
427
430
431
427
492
430
427
490
492
427
493
491
429
432
493
429
433
431
430
431
433
434
492
433
430
433
492
494
435
493
432
493
435
495
437
434
433
436
437
433
496
436
433
494
496
433
497
495
435
438
497
435
439
437
436
437
439
440
496
439
436
439
496
498
442
497
438
497
442
501
499
440
439
498
499
439
499
443
440
443
499
502
501
442
441
500
501
441
509
500
441
450
509
441
503
444
443
502
503
443
503
445
444
445
503
504
505
446
445
504
505
445
505
447
446
447
505
506
507
448
447
506
507
447
507
449
448
449
507
508
509
450
449
508
509
449
455
452
451
454
455
451
511
510
451
452
511
451
513
454
451
510
513
451
455
453
452
453
455
456
453
511
452
511
453
512
514
512
453
456
514
453
459
455
454
455
459
460
513
459
454
459
513
516
457
461
456
461
457
462
461
514
456
514
461
517
465
459
458
459
465
466
459
515
458
515
459
516
515
465
458
465
515
520
518
517
461
462
518
461
463
467
462
467
463
468
467
518
462
518
467
521
469
465
464
465
469
470
465
519
464
519
465
520
519
469
464
469
519
522
471
466
465
470
471
465
473
472
467
468
473
467
523
521
467
472
523
467
476
470
469
475
476
469
526
475
469
522
526
469
473
523
472
523
473
524
525
524
473
474
525
473
477
525
474
525
477
528
480
476
475
479
480
475
531
479
475
526
531
475
532
528
477
481
532
477
482
479
478
479
482
483
479
530
478
530
479
531
530
482
478
482
530
534
535
532
481
484
535
481
487
483
482
483
487
488
534
487
482
487
534
539
485
535
484
535
485
536
537
536
485
486
537
485
489
537
486
537
489
541
540
488
487
539
540
487
540
490
488
490
540
544
545
541
489
491
545
489
544
492
490
492
544
548
549
545
491
493
549
491
548
494
492
494
548
552
553
549
493
495
553
493
552
496
494
496
552
556
558
553
495
497
558
495
556
498
496
498
556
561
564
558
497
501
564
497
561
499
498
499
561
562
568
502
499
562
568
499
563
501
500
501
563
564
509
563
500
563
509
575
568
503
502
503
568
569
570
504
503
569
570
503
570
505
504
505
570
571
572
506
505
571
572
505
572
507
506
507
572
573
574
508
507
573
574
507
574
509
508
509
574
575
511
576
510
576
511
577
576
513
510
513
576
579
578
577
511
512
578
511
514
578
512
578
514
580
582
516
513
579
582
513
517
580
514
580
517
583
582
581
515
516
582
515
586
520
515
581
586
515
584
583
517
518
584
517
521
584
518
584
521
588
586
585
519
520
586
519
590
522
519
585
590
519
591
588
521
523
591
521
590
526
522
526
590
594
592
591
523
524
592
523
525
527
524
527
525
528
527
592
524
592
527
596
594
531
526
531
594
601
597
596
527
528
597
527
532
597
528
597
532
603
534
530
529
533
534
529
600
599
529
530
600
529
605
533
529
599
605
529
531
600
530
600
531
601
535
603
532
603
535
606
539
534
533
538
539
533
610
538
533
605
610
533
607
606
535
536
607
535
537
607
536
607
537
608
612
608
537
541
612
537
542
539
538
539
542
543
610
542
538
542
610
614
544
540
539
543
544
539
616
612
541
545
616
541
546
543
542
543
546
547
614
546
542
546
614
618
548
544
543
547
548
543
620
616
545
549
620
545
550
547
546
547
550
551
618
550
546
550
618
622
552
548
547
551
552
547
624
620
549
553
624
549
554
551
550
551
554
555
622
554
550
554
622
626
556
552
551
555
556
551
628
624
553
558
628
553
559
555
554
555
559
560
626
559
554
559
626
630
561
556
555
560
561
555
564
563
557
558
564
557
628
558
557
627
628
557
631
627
557
563
631
557
566
560
559
565
566
559
633
565
559
630
633
559
566
561
560
561
566
567
568
562
561
567
568
561
643
631
563
575
643
563
634
566
565
633
634
565
634
567
566
567
634
635
636
568
567
635
636
567
636
569
568
569
636
637
638
570
569
637
638
569
638
571
570
571
638
639
640
572
571
639
640
571
640
573
572
573
640
641
642
574
573
641
642
573
642
575
574
575
642
643
577
644
576
644
577
645
644
579
576
579
644
648
646
645
577
578
646
577
580
646
578
646
580
650
652
582
579
648
652
579
583
650
580
650
583
653
652
651
581
582
652
581
656
586
581
651
656
581
588
587
583
584
588
583
657
653
583
587
657
583
656
655
585
586
656
585
660
590
585
655
660
585
658
657
587
588
658
587
591
658
588
658
591
661
594
590
589
593
594
589
660
659
589
590
660
589
662
593
589
659
662
589
596
595
591
592
596
591
663
661
591
595
663
591
601
594
593
600
601
593
667
600
593
662
667
593
664
663
595
596
664
595
597
602
596
602
597
603
602
664
596
664
602
668
604
599
598
599
604
605
599
665
598
665
599
666
665
604
598
604
665
670
667
666
599
600
667
599
603
668
602
668
603
669
671
669
603
606
671
603
609
605
604
605
609
610
670
609
604
609
670
673
607
671
606
671
607
672
612
611
607
608
612
607
674
672
607
611
674
607
614
610
609
613
614
609
675
613
609
673
675
609
616
615
611
612
616
611
676
674
611
615
676
611
618
614
613
617
618
613
677
617
613
675
677
613
620
619
615
616
620
615
678
676
615
619
678
615
622
618
617
621
622
617
679
621
617
677
679
617
624
623
619
620
624
619
680
678
619
623
680
619
626
622
621
625
626
621
682
625
621
679
682
621
628
627
623
624
628
623
683
680
623
627
683
623
630
626
625
629
630
625
685
629
625
682
685
625
686
683
627
631
686
627
633
630
629
632
633
629
688
632
629
685
688
629
699
686
631
643
699
631
688
633
632
633
688
689
690
634
633
689
690
633
690
635
634
635
690
691
692
636
635
691
692
635
692
637
636
637
692
693
694
638
637
693
694
637
694
639
638
639
694
695
696
640
639
695
696
639
696
641
640
641
696
697
698
642
641
697
698
641
698
643
642
643
698
699
645
648
644
648
645
649
650
649
645
646
650
645
652
648
647
651
652
647
701
700
647
648
701
647
704
651
647
700
704
647
649
701
648
701
649
702
703
702
649
650
703
649
653
703
650
703
653
705
709
656
651
704
709
651
710
705
653
657
710
653
659
655
654
655
659
660
655
707
654
707
655
708
707
659
654
659
707
714
709
708
655
656
709
655
711
710
657
658
711
657
661
711
658
711
661
716
719
662
659
714
719
659
721
716
661
663
721
661
719
667
662
667
719
725
722
721
663
664
722
663
668
722
664
722
668
728
724
723
665
666
724
665
730
670
665
723
730
665
667
724
666
724
667
725
669
728
668
728
669
729
732
729
669
671
732
669
730
673
670
673
730
734
733
732
671
672
733
671
674
733
672
733
674
735
738
675
673
734
738
673
676
735
674
735
676
739
742
677
675
738
742
675
678
739
676
739
678
743
746
679
677
742
746
677
680
743
678
743
680
747
750
682
679
746
750
679
683
747
680
747
683
751
685
682
681
684
685
681
750
749
681
682
750
681
753
684
681
749
753
681
755
751
683
686
755
683
687
685
684
685
687
688
753
687
684
687
753
757
699
755
686
755
699
769
758
688
687
757
758
687
758
689
688
689
758
759
760
690
689
759
760
689
760
691
690
691
760
761
762
692
691
761
762
691
762
693
692
693
762
763
764
694
693
763
764
693
764
695
694
695
764
765
766
696
695
765
766
695
766
697
696
697
766
767
768
698
697
767
768
697
768
699
698
699
768
769
701
771
700
771
701
772
771
704
700
704
771
776
773
772
701
702
773
701
703
773
702
773
703
774
778
774
703
705
778
703
776
709
704
709
776
782
784
778
705
710
784
705
713
707
706
707
713
714
707
779
706
779
707
780
779
713
706
713
779
786
781
780
707
708
781
707
709
781
708
781
709
782
711
715
710
715
711
716
715
784
710
784
715
787
717
713
712
713
717
718
713
785
712
785
713
786
785
717
712
717
785
788
719
714
713
718
719
713
721
720
715
716
721
715
789
787
715
720
789
715
724
718
717
723
724
717
791
723
717
788
791
717
724
719
718
719
724
725
721
726
720
726
721
727
726
789
720
789
726
792
728
727
721
722
728
721
796
730
723
791
796
723
727
792
726
792
727
793
794
793
727
728
794
727
729
731
728
731
729
732
731
794
728
794
731
797
796
734
730
734
796
801
798
797
731
732
798
731
733
798
732
798
733
799
804
799
733
735
804
733
801
738
734
738
801
807
810
804
735
739
810
735
740
737
736
737
740
741
737
805
736
805
737
806
805
740
736
740
805
811
742
738
737
741
742
737
807
806
737
738
807
737
814
810
739
743
814
739
744
741
740
741
744
745
811
744
740
744
811
815
746
742
741
745
746
741
818
814
743
747
818
743
748
745
744
745
748
749
815
748
744
748
815
819
750
746
745
749
750
745
822
818
747
751
822
747
752
749
748
749
752
753
819
752
748
752
819
823
826
822
751
755
826
751
756
753
752
753
756
757
823
756
752
756
823
827
755
768
754
768
755
769
825
755
754
755
825
826
768
825
754
825
768
839
827
757
756
757
827
828
829
758
757
828
829
757
829
759
758
759
829
830
831
760
759
830
831
759
831
761
760
761
831
832
833
762
761
832
833
761
833
763
762
763
833
834
835
764
763
834
835
763
835
765
764
765
835
836
837
766
765
836
837
765
837
767
766
767
837
838
839
768
767
838
839
767
775
771
770
771
775
776
771
840
770
840
771
841
840
775
770
775
840
844
842
841
771
772
842
771
773
842
772
842
773
843
778
777
773
774
778
773
846
843
773
777
846
773
782
776
775
781
782
775
849
781
775
844
849
775
784
783
777
778
784
777
851
846
777
783
851
777
848
847
779
780
848
779
854
786
779
847
854
779
781
848
780
848
781
849
852
851
783
784
852
783
787
852
784
852
787
855
854
853
785
786
854
785
856
788
785
853
856
785
857
855
787
789
857
787
856
791
788
791
856
859
860
857
789
792
860
789
795
791
790
791
795
796
791
858
790
858
791
859
858
795
790
795
858
863
793
860
792
860
793
861
862
861
793
794
862
793
797
862
794
862
797
866
801
796
795
800
801
795
867
800
795
863
867
795
803
802
797
798
803
797
869
866
797
802
869
797
799
803
798
803
799
804
806
801
800
801
806
807
867
806
800
806
867
871
803
808
802
808
803
809
808
869
802
869
808
872
810
809
803
804
810
803
871
870
805
806
871
805
873
811
805
870
873
805
809
812
808
812
809
813
812
872
808
872
812
874
814
813
809
810
814
809
875
815
811
873
875
811
813
816
812
816
813
817
816
874
812
874
816
876
818
817
813
814
818
813
877
819
815
875
877
815
817
820
816
820
817
821
820
876
816
876
820
878
822
821
817
818
822
817
879
823
819
877
879
819
821
824
820
824
821
825
824
878
820
878
824
881
826
825
821
822
826
821
882
827
823
879
882
823
825
838
824
838
825
839
838
881
824
881
838
893
883
828
827
882
883
827
883
829
828
829
883
884
885
830
829
884
885
829
885
831
830
831
885
886
887
832
831
886
887
831
887
833
832
833
887
888
889
834
833
888
889
833
889
835
834
835
889
890
891
836
835
890
891
835
891
837
836
837
891
892
893
838
837
892
893
837
841
894
840
894
841
895
894
844
840
844
894
897
896
895
841
842
896
841
843
845
842
845
843
846
845
896
842
896
845
899
897
849
844
849
897
902
851
850
845
846
851
845
904
899
845
850
904
845
901
900
847
848
901
847
908
854
847
900
908
847
849
901
848
901
849
902
851
904
850
904
851
905
906
905
851
852
906
851
855
906
852
906
855
911
908
907
853
854
908
853
912
856
853
907
912
853
915
911
855
857
915
855
912
859
856
859
912
917
920
915
857
860
920
857
859
916
858
916
859
917
916
863
858
863
916
921
861
864
860
864
861
865
864
920
860
920
864
922
866
865
861
862
866
861
924
867
863
921
924
863
865
922
864
922
865
923
869
868
865
866
869
865
926
923
865
868
926
865
930
871
867
924
930
867
869
926
868
926
869
927
933
927
869
872
933
869
871
929
870
929
871
930
929
873
870
873
929
935
874
933
872
933
874
937
939
875
873
935
939
873
876
937
874
937
876
941
943
877
875
939
943
875
878
941
876
941
878
946
947
879
877
943
947
877
881
946
878
946
881
952
883
882
879
880
883
879
948
880
879
947
948
879
948
883
880
883
948
953
963
952
881
893
963
881
954
884
883
953
954
883
954
885
884
885
954
955
956
886
885
955
956
885
956
887
886
887
956
957
958
888
887
957
958
887
958
889
888
889
958
959
960
890
889
959
960
889
960
891
890
891
960
961
962
892
891
961
962
891
962
893
892
893
962
963
895
897
894
897
895
898
899
898
895
896
899
895
903
902
897
898
903
897
899
903
898
903
899
904
901
966
900
966
901
967
966
908
900
908
966
972
968
967
901
902
968
901
903
968
902
968
903
969
970
969
903
904
970
903
905
909
904
909
905
910
909
970
904
970
909
973
911
910
905
906
911
905
972
971
907
908
972
907
974
912
907
971
974
907
914
913
909
910
914
909
976
973
909
913
976
909
911
914
910
914
911
915
974
917
912
917
974
978
919
918
913
914
919
913
979
976
913
918
979
913
915
919
914
919
915
920
917
977
916
977
917
978
977
921
916
921
977
982
919
979
918
979
919
980
981
980
919
920
981
919
922
981
920
981
922
984
985
924
921
982
985
921
923
925
922
925
923
926
925
984
922
984
925
986
985
930
924
930
985
989
932
931
925
926
932
925
990
986
925
931
990
925
927
932
926
932
927
933
934
929
928
929
934
935
929
987
928
987
929
988
987
934
928
934
987
992
989
988
929
930
989
929
991
990
931
932
991
931
933
936
932
936
933
937
936
991
932
991
936
994
938
935
934
935
938
939
992
938
934
938
992
995
937
940
936
940
937
941
940
994
936
994
940
997
942
939
938
939
942
943
995
942
938
942
995
998
941
945
940
945
941
946
945
997
940
997
945
1001
998
943
942
943
998
999
1002
947
943
999
1002
943
945
950
944
950
945
951
1000
945
944
945
1000
1001
950
1000
944
1000
950
1005
952
951
945
946
952
945
1003
948
947
1002
1003
947
949
953
948
953
949
954
1003
949
948
949
1003
1004
1006
954
949
1004
1006
949
951
961
950
961
951
962
961
1005
950
1005
961
1013
963
962
951
952
963
951
1006
955
954
955
1006
1007
1008
956
955
1007
1008
955
1008
957
956
957
1008
1009
1010
958
957
1009
1010
957
1010
959
958
959
1010
1011
1012
960
959
1011
1012
959
1012
961
960
961
1012
1013
969
965
964
965
969
970
965
1014
964
1014
965
1015
1014
969
964
969
1014
1019
1020
1015
965
970
1020
965
967
1016
966
1016
967
1017
1016
972
966
972
1016
1021
1018
1017
967
968
1018
967
969
1018
968
1018
969
1019
973
1020
970
1020
973
1025
975
974
971
972
975
971
1021
975
972
975
1021
1027
1028
1025
973
976
1028
973
975
1026
974
1026
975
1027
1026
978
974
978
1026
1030
979
1028
976
1028
979
1032
1030
1029
977
978
1030
977
1034
982
977
1029
1034
977
1033
1032
979
980
1033
979
981
983
980
983
981
984
983
1033
980
1033
983
1036
1034
985
982
985
1034
1038
1037
1036
983
984
1037
983
986
1037
984
1037
986
1041
1044
989
985
1038
1044
985
990
1041
986
1041
990
1046
1043
1042
987
988
1043
987
1047
992
987
1042
1047
987
989
1043
988
1043
989
1044
991
993
990
993
991
994
993
1046
990
1046
993
1049
1047
995
992
995
1047
1050
997
996
993
994
997
993
1053
1049
993
996
1053
993
1054
998
995
1050
1054
995
997
1000
996
1000
997
1001
1000
1053
996
1053
1000
1061
1054
999
998
999
1054
1055
1062
1002
999
1055
1062
999
1005
1061
1000
1061
1005
1068
1062
1003
1002
1003
1062
1063
1064
1004
1003
1063
1064
1003
1064
1006
1004
1006
1064
1069
1076
1068
1005
1013
1076
1005
1069
1007
1006
1007
1069
1070
1071
1008
1007
1070
1071
1007
1071
1009
1008
1009
1071
1072
1073
1010
1009
1072
1073
1009
1073
1011
1010
1011
1073
1074
1075
1012
1011
1074
1075
1011
1075
1013
1012
1013
1075
1076
1015
1019
1014
1019
1015
1020
1017
1021
1016
1021
1017
1022
1023
1022
1017
1018
1023
1017
1019
1023
1018
1023
1019
1024
1025
1024
1019
1020
1025
1019
1078
1077
1021
1022
1078
1021
1082
1027
1021
1077
1082
1021
1023
1078
1022
1078
1023
1079
1080
1079
1023
1024
1080
1023
1025
1080
1024
1080
1025
1081
1083
1081
1025
1028
1083
1025
1027
1030
1026
1030
1027
1031
1086
1031
1027
1082
1086
1027
1032
1083
1028
1083
1032
1087
1085
1084
1029
1030
1085
1029
1088
1034
1029
1084
1088
1029
1031
1085
1030
1085
1031
1086
1033
1035
1032
1035
1033
1036
1035
1087
1032
1087
1035
1089
1088
1038
1034
1038
1088
1090
1040
1039
1035
1036
1040
1035
1091
1089
1035
1039
1091
1035
1037
1040
1036
1040
1037
1041
1090
1044
1038
1044
1090
1095
1092
1091
1039
1040
1092
1039
1041
1045
1040
1045
1041
1046
1045
1092
1040
1092
1045
1098
1043
1093
1042
1093
1043
1094
1093
1047
1042
1047
1093
1099
1095
1094
1043
1044
1095
1043
1049
1048
1045
1046
1049
1045
1102
1098
1045
1048
1102
1045
1103
1050
1047
1099
1103
1047
1049
1052
1048
1052
1049
1053
1052
1102
1048
1102
1052
1106
1103
1054
1050
1054
1103
1107
1060
1059
1051
1052
1060
1051
1106
1052
1051
1105
1106
1051
1113
1105
1051
1059
1113
1051
1053
1060
1052
1060
1053
1061
1107
1055
1054
1055
1107
1108
1063
1062
1055
1056
1063
1055
1109
1056
1055
1108
1109
1055
1057
1063
1056
1063
1057
1064
1109
1057
1056
1057
1109
1110
1114
1064
1057
1110
1114
1057
1059
1065
1058
1065
1059
1066
1112
1059
1058
1059
1112
1113
1065
1112
1058
1112
1065
1117
1067
1066
1059
1060
1067
1059
1061
1067
1060
1067
1061
1068
1114
1069
1064
1069
1114
1118
1074
1073
1065
1066
1074
1065
1122
1117
1065
1073
1122
1065
1067
1074
1066
1074
1067
1075
1076
1075
1067
1068
1076
1067
1119
1070
1069
1118
1119
1069
1119
1071
1070
1071
1119
1120
1121
1072
1071
1120
1121
1071
1121
1073
1072
1073
1121
1122
1124
1123
1077
1078
1124
1077
1128
1082
1077
1123
1128
1077
1079
1124
1078
1124
1079
1125
1126
1125
1079
1080
1126
1079
1081
1126
1080
1126
1081
1127
1132
1127
1081
1083
1132
1081
1128
1086
1082
1086
1128
1135
1139
1132
1083
1087
1139
1083
1085
1133
1084
1133
1085
1134
1133
1088
1084
1088
1133
1140
1135
1134
1085
1086
1135
1085
1146
1139
1087
1089
1146
1087
1140
1090
1088
1090
1140
1147
1152
1146
1089
1091
1152
1089
1147
1095
1090
1095
1147
1155
1098
1097
1091
1092
1098
1091
1160
1152
1091
1097
1160
1091
1154
1153
1093
1094
1154
1093
1161
1099
1093
1153
1161
1093
1095
1154
1094
1154
1095
1155
1097
1100
1096
1100
1097
1101
1159
1097
1096
1097
1159
1160
1100
1159
1096
1159
1100
1166
1102
1101
1097
1098
1102
1097
1167
1103
1099
1161
1167
1099
1101
1104
1100
1104
1101
1105
1104
1166
1100
1166
1104
1169
1106
1105
1101
1102
1106
1101
1170
1107
1103
1167
1170
1103
1105
1112
1104
1112
1105
1113
1112
1169
1104
1169
1112
1177
1171
1108
1107
1170
1171
1107
1171
1109
1108
1109
1171
1172
1173
1110
1109
1172
1173
1109
1173
1114
1110
1114
1173
1178
1117
1116
1111
1112
1117
1111
1177
1112
1111
1176
1177
1111
1181
1176
1111
1116
1181
1111
1178
1118
1114
1118
1178
1182
1121
1120
1115
1116
1121
1115
1181
1116
1115
1180
1181
1115
1184
1180
1115
1120
1184
1115
1117
1121
1116
1121
1117
1122
1182
1119
1118
1119
1182
1183
1184
1120
1119
1183
1184
1119
1129
1128
1123
1124
1129
1123
1125
1129
1124
1129
1125
1130
1131
1130
1125
1126
1131
1125
1127
1131
1126
1131
1127
1132
1129
1135
1128
1135
1129
1136
1137
1136
1129
1130
1137
1129
1131
1137
1130
1137
1131
1138
1139
1138
1131
1132
1139
1131
1141
1140
1133
1134
1141
1133
1135
1141
1134
1141
1135
1142
1143
1142
1135
1136
1143
1135
1137
1143
1136
1143
1137
1144
1145
1144
1137
1138
1145
1137
1139
1145
1138
1145
1139
1146
1141
1147
1140
1147
1141
1148
1149
1148
1141
1142
1149
1141
1143
1149
1142
1149
1143
1150
1186
1185
1143
1144
1186
1143
1188
1150
1143
1185
1188
1143
1145
1186
1144
1186
1145
1187
1152
1151
1145
1146
1152
1145
1189
1187
1145
1151
1189
1145
1156
1155
1147
1148
1156
1147
1149
1156
1148
1156
1149
1157
1158
1157
1149
1150
1158
1149
1188
1158
1150
1158
1188
1191
1160
1159
1151
1152
1160
1151
1193
1189
1151
1159
1193
1151
1162
1161
1153
1154
1162
1153
1155
1162
1154
1162
1155
1163
1164
1163
1155
1156
1164
1155
1157
1164
1156
1164
1157
1165
1191
1190
1157
1158
1191
1157
1197
1165
1157
1190
1197
1157
1199
1193
1159
1166
1199
1159
1168
1167
1161
1162
1168
1161
1163
1194
1162
1194
1163
1195
1194
1168
1162
1168
1194
1201
1196
1195
1163
1164
1196
1163
1165
1196
1164
1196
1165
1197
1169
1199
1166
1199
1169
1207
1201
1200
1167
1168
1201
1167
1208
1170
1167
1200
1208
1167
1215
1207
1169
1177
1215
1169
1208
1171
1170
1171
1208
1209
1210
1172
1171
1209
1210
1171
1210
1173
1172
1173
1210
1211
1179
1178
1173
1174
1179
1173
1212
1174
1173
1211
1212
1173
1212
1179
1174
1179
1212
1216
1181
1180
1175
1176
1181
1175
1214
1176
1175
1213
1214
1175
1217
1213
1175
1180
1217
1175
1214
1177
1176
1177
1214
1215
1179
1182
1178
1182
1179
1183
1184
1183
1179
1180
1184
1179
1217
1180
1179
1216
1217
1179
1219
1218
1185
1186
1219
1185
1221
1188
1185
1218
1221
1185
1187
1219
1186
1219
1187
1220
1223
1220
1187
1189
1223
1187
1221
1191
1188
1191
1221
1225
1227
1223
1189
1193
1227
1189
1191
1224
1190
1224
1191
1225
1224
1197
1190
1197
1224
1228
1193
1198
1192
1198
1193
1199
1226
1193
1192
1193
1226
1227
1198
1226
1192
1226
1198
1230
1195
1201
1194
1201
1195
1202
1203
1202
1195
1196
1203
1195
1197
1203
1196
1203
1197
1204
1231
1204
1197
1228
1231
1197
1199
1206
1198
1206
1199
1207
1206
1230
1198
1230
1206
1233
1201
1208
1200
1208
1201
1209
1210
1209
1201
1202
1210
1201
1203
1210
1202
1210
1203
1211
1212
1211
1203
1204
1212
1203
1205
1212
1204
1212
1205
1213
1231
1205
1204
1205
1231
1232
1214
1213
1205
1206
1214
1205
1233
1206
1205
1232
1233
1205
1207
1214
1206
1214
1207
1215
1213
1216
1212
1216
1213
1217
1219
1221
1218
1221
1219
1222
1223
1222
1219
1220
1223
1219
1226
1225
1221
1222
1226
1221
1223
1226
1222
1226
1223
1227
1225
1228
1224
1228
1225
1229
1230
1229
1225
1226
1230
1225
1229
1231
1228
1231
1229
1232
1233
1232
1229
1230
1233
1229
