5
1
0
1
5
6
1
10
0
10
1
11
10
5
0
5
10
15
7
2
1
6
7
1
12
11
1
2
12
1
7
3
2
3
7
8
3
12
2
12
3
13
9
4
3
8
9
3
14
13
3
4
14
3
9
14
4
14
9
19
16
6
5
15
16
5
16
7
6
7
16
17
18
8
7
17
18
7
18
9
8
9
18
19
11
25
10
25
11
26
25
15
10
15
25
30
27
26
11
12
27
11
13
27
12
27
13
28
29
28
13
14
29
13
19
29
14
29
19
31
21
16
15
20
21
15
32
20
15
30
32
15
21
17
16
17
21
22
23
18
17
22
23
17
23
19
18
19
23
24
36
31
19
24
36
19
32
21
20
21
32
33
34
22
21
33
34
21
34
23
22
23
34
35
36
24
23
35
36
23
47
46
25
26
47
25
52
30
25
46
52
25
27
47
26
47
27
48
49
48
27
28
49
27
29
49
28
49
29
50
54
50
29
31
54
29
52
32
30
32
52
56
58
54
31
36
58
31
37
33
32
33
37
38
56
37
32
37
56
62
39
34
33
38
39
33
39
35
34
35
39
40
58
36
35
57
58
35
65
57
35
40
65
35
63
38
37
62
63
37
63
39
38
39
63
64
65
40
39
64
65
39
46
42
41
45
46
41
70
69
41
42
70
41
78
45
41
69
78
41
46
43
42
43
46
47
43
70
42
70
43
71
48
44
43
47
48
43
72
71
43
44
72
43
48
72
44
72
48
79
52
46
45
51
52
45
87
51
45
78
87
45
49
79
48
79
49
80
54
53
49
50
54
49
88
80
49
53
88
49
56
52
51
55
56
51
96
55
51
87
96
51
89
88
53
54
89
53
58
89
54
89
58
97
62
56
55
61
62
55
105
61
55
96
105
55
66
58
57
65
66
57
66
59
58
59
66
67
59
97
58
97
59
98
68
60
59
67
68
59
99
98
59
60
99
59
68
99
60
99
68
112
106
62
61
105
106
61
106
63
62
63
106
107
108
64
63
107
108
63
108
65
64
65
108
109
110
66
65
109
110
65
110
67
66
67
110
111
112
68
67
111
112
67
174
173
69
70
174
69
182
78
69
173
182
69
71
174
70
174
71
175
176
175
71
72
176
71
79
73
72
73
79
80
73
176
72
176
73
177
183
177
73
80
183
73
83
75
74
75
83
84
75
178
74
178
75
179
178
83
74
83
178
187
85
76
75
84
85
75
180
179
75
76
180
75
85
77
76
77
85
86
77
180
76
180
77
181
87
78
77
86
87
77
182
181
77
78
182
77
88
183
80
183
88
188
91
82
81
90
91
81
186
185
81
82
186
81
190
90
81
185
190
81
91
83
82
83
91
92
83
186
82
186
83
187
93
84
83
92
93
83
93
85
84
85
93
94
95
86
85
94
95
85
95
87
86
87
95
96
89
188
88
188
89
189
192
189
89
97
192
89
190
91
90
91
190
191
101
92
91
100
101
91
196
100
91
191
196
91
101
93
92
93
101
102
103
94
93
102
103
93
103
95
94
95
103
104
105
96
95
104
105
95
193
192
97
98
193
97
99
193
98
193
99
194
198
194
99
112
198
99
196
101
100
101
196
197
114
102
101
113
114
101
200
113
101
197
200
101
114
103
102
103
114
115
116
104
103
115
116
103
116
105
104
105
116
117
118
106
105
117
118
105
118
107
106
107
118
119
120
108
107
119
120
107
120
109
108
109
120
121
122
110
109
121
122
109
122
111
110
111
122
123
124
112
111
123
124
111
124
198
112
198
124
201
128
114
113
127
128
113
204
127
113
200
204
113
128
115
114
115
128
129
130
116
115
129
130
115
130
117
116
117
130
131
132
118
117
131
132
117
132
119
118
119
132
133
134
120
119
133
134
119
134
121
120
121
134
135
136
122
121
135
136
121
136
123
122
123
136
137
138
124
123
137
138
123
138
125
124
125
138
139
125
201
124
201
125
202
140
126
125
139
140
125
203
202
125
126
203
125
140
203
126
203
140
207
205
128
127
204
205
127
205
129
128
129
205
206
142
130
129
141
142
129
208
141
129
206
208
129
142
131
130
131
142
143
144
132
131
143
144
131
144
133
132
133
144
145
146
134
133
145
146
133
146
135
134
135
146
147
148
136
135
147
148
135
148
137
136
137
148
149
150
138
137
149
150
137
150
139
138
139
150
151
152
140
139
151
152
139
152
207
140
207
152
210
154
142
141
153
154
141
211
153
141
208
211
141
154
143
142
143
154
155
156
144
143
155
156
143
156
145
144
145
156
157
158
146
145
157
158
145
158
147
146
147
158
159
160
148
147
159
160
147
160
149
148
149
160
161
162
150
149
161
162
149
162
151
150
151
162
163
210
152
151
209
210
151
216
209
151
163
216
151
212
154
153
211
212
153
212
155
154
155
212
213
214
156
155
213
214
155
164
157
156
157
164
165
214
164
156
164
214
220
166
158
157
165
166
157
166
159
158
159
166
167
168
160
159
167
168
159
168
161
160
161
168
169
170
162
161
169
170
161
215
163
162
163
215
216
170
215
162
215
170
226
220
165
164
165
220
221
222
166
165
221
222
165
222
167
166
167
222
223
224
168
167
223
224
167
224
169
168
169
224
225
226
170
169
225
226
169
181
172
171
180
181
171
284
283
171
172
284
171
292
180
171
283
292
171
181
173
172
173
181
182
173
284
172
284
173
285
286
285
173
174
286
173
175
286
174
286
175
287
288
287
175
176
288
175
177
288
176
288
177
289
293
289
177
183
293
177
179
290
178
290
179
291
290
187
178
187
290
297
292
291
179
180
292
179
189
184
183
188
189
183
294
293
183
184
294
183
189
294
184
294
189
298
296
295
185
186
296
185
301
190
185
295
301
185
187
296
186
296
187
297
302
298
189
192
302
189
195
191
190
191
195
196
301
195
190
195
301
307
193
302
192
302
193
303
304
303
193
194
304
193
198
304
194
304
198
309
308
196
195
307
308
195
199
197
196
197
199
200
308
199
196
199
308
314
201
309
198
309
201
316
315
200
199
314
315
199
315
204
200
204
315
324
317
316
201
202
317
201
203
317
202
317
203
318
328
318
203
207
328
203
324
205
204
205
324
325
326
206
205
325
326
205
326
208
206
208
326
333
335
328
207
210
335
207
333
211
208
211
333
340
217
210
209
216
217
209
217
335
210
335
217
342
341
212
211
340
341
211
218
213
212
213
218
219
341
218
212
218
341
345
220
214
213
219
220
213
227
216
215
226
227
215
227
217
216
217
227
228
350
342
217
228
350
217
345
219
218
219
345
346
347
220
219
346
347
219
347
221
220
221
347
348
349
222
221
348
349
221
230
223
222
223
230
231
349
230
222
230
349
357
232
224
223
231
232
223
232
225
224
225
232
233
234
226
225
233
234
225
234
227
226
227
234
235
236
228
227
235
236
227
236
229
228
229
236
237
229
350
228
350
229
351
359
351
229
237
359
229
357
231
230
231
357
358
240
232
231
239
240
231
365
239
231
358
365
231
240
233
232
233
240
241
242
234
233
241
242
233
242
235
234
235
242
243
244
236
235
243
244
235
244
237
236
237
244
245
246
238
237
245
246
237
360
359
237
238
360
237
246
360
238
360
246
367
248
240
239
247
248
239
370
247
239
365
370
239
248
241
240
241
248
249
250
242
241
249
250
241
250
243
242
243
250
251
252
244
243
251
252
243
252
245
244
245
252
253
254
246
245
253
254
245
254
367
246
367
254
371
256
248
247
255
256
247
374
255
247
370
374
247
256
249
248
249
256
257
258
250
249
257
258
249
258
251
250
251
258
259
260
252
251
259
260
251
260
253
252
253
260
261
262
254
253
261
262
253
262
371
254
371
262
376
264
256
255
263
264
255
379
263
255
374
379
255
264
257
256
257
264
265
266
258
257
265
266
257
266
259
258
259
266
267
268
260
259
267
268
259
268
261
260
261
268
269
270
262
261
269
270
261
270
376
262
376
270
382
272
264
263
271
272
263
385
271
263
379
385
263
272
265
264
265
272
273
274
266
265
273
274
265
274
267
266
267
274
275
276
268
267
275
276
267
380
269
268
269
380
381
276
380
268
380
276
386
382
270
269
381
382
269
278
272
271
277
278
271
389
277
271
385
389
271
278
273
272
273
278
279
280
274
273
279
280
273
280
275
274
275
280
281
282
276
275
281
282
275
282
386
276
386
282
394
390
278
277
389
390
277
390
279
278
279
390
391
392
280
279
391
392
279
392
281
280
281
392
393
394
282
281
393
394
281
397
396
283
284
397
283
405
292
283
396
405
283
285
397
284
397
285
398
399
398
285
286
399
285
287
399
286
399
287
400
401
400
287
288
401
287
289
401
288
401
289
402
406
402
289
293
406
289
291
403
290
403
291
404
403
297
290
297
403
410
405
404
291
292
405
291
407
406
293
294
407
293
298
407
294
407
298
411
409
408
295
296
409
295
414
301
295
408
414
295
297
409
296
409
297
410
302
411
298
411
302
415
306
300
299
305
306
299
413
412
299
300
413
299
418
305
299
412
418
299
306
301
300
301
306
307
301
413
300
413
301
414
303
415
302
415
303
416
417
416
303
304
417
303
309
417
304
417
309
420
312
306
305
311
312
305
422
311
305
418
422
305
312
307
306
307
312
313
314
308
307
313
314
307
424
420
309
316
424
309
319
311
310
311
319
320
311
421
310
421
311
422
421
319
310
319
421
426
321
312
311
320
321
311
321
313
312
313
321
322
323
314
313
322
323
313
323
315
314
315
323
324
317
424
316
424
317
425
328
327
317
318
328
317
430
425
317
327
430
317
427
320
319
426
427
319
427
321
320
321
427
428
429
322
321
428
429
321
329
323
322
323
329
330
429
329
322
329
429
434
331
324
323
330
331
323
331
325
324
325
331
332
333
326
325
332
333
325
335
334
327
328
335
327
435
430
327
334
435
327
337
330
329
336
337
329
437
336
329
434
437
329
337
331
330
331
337
338
339
332
331
338
339
331
339
333
332
333
339
340
335
435
334
435
335
436
441
436
335
342
441
335
437
337
336
337
437
438
439
338
337
438
439
337
439
339
338
339
439
440
344
340
339
343
344
339
442
343
339
440
442
339
344
341
340
341
344
345
350
441
342
441
350
444
443
344
343
442
443
343
352
345
344
345
352
353
443
352
344
352
443
446
354
346
345
353
354
345
354
347
346
347
354
355
356
348
347
355
356
347
356
349
348
349
356
357
351
444
350
444
351
445
451
445
351
359
451
351
446
353
352
353
446
447
448
354
353
447
448
353
361
355
354
355
361
362
448
361
354
361
448
452
363
356
355
362
363
355
363
357
356
357
363
364
365
358
357
364
365
357
367
366
359
360
367
359
456
451
359
366
456
359
453
362
361
452
453
361
453
363
362
363
453
454
369
364
363
368
369
363
459
368
363
454
459
363
369
365
364
365
369
370
367
456
366
456
367
457
462
457
367
371
462
367
372
369
368
369
372
373
459
372
368
372
459
464
374
370
369
373
374
369
467
462
371
376
467
371
377
373
372
373
377
378
464
377
372
377
464
469
379
374
373
378
379
373
382
381
375
376
382
375
467
376
375
466
467
375
471
466
375
381
471
375
384
378
377
383
384
377
473
383
377
469
473
377
384
379
378
379
384
385
470
381
380
381
470
471
386
470
380
470
386
474
388
384
383
387
388
383
476
387
383
473
476
383
388
385
384
385
388
389
394
474
386
474
394
483
477
388
387
476
477
387
477
389
388
389
477
478
479
390
389
478
479
389
479
391
390
391
479
480
481
392
391
480
481
391
481
393
392
393
481
482
483
394
393
482
483
393
405
396
395
404
405
395
486
485
395
396
486
395
495
404
395
485
495
395
397
486
396
486
397
487
488
487
397
398
488
397
399
488
398
488
399
489
490
489
399
400
490
399
401
490
400
490
401
491
492
491
401
402
492
401
406
492
402
492
406
500
495
494
403
404
495
403
504
410
403
494
504
403
407
500
406
500
407
501
510
501
407
411
510
407
409
502
408
502
409
503
502
414
408
414
502
513
504
503
409
410
504
409
515
510
411
415
515
411
413
511
412
511
413
512
511
418
412
418
511
517
513
512
413
414
513
413
516
515
415
416
516
415
417
419
416
419
417
420
419
516
416
516
419
519
517
422
418
422
517
522
424
423
419
420
424
419
523
519
419
423
523
419
522
521
421
422
522
421
528
426
421
521
528
421
524
523
423
424
524
423
425
524
424
524
425
525
532
525
425
430
532
425
431
427
426
427
431
432
528
431
426
431
528
535
433
428
427
432
433
427
530
429
428
429
530
531
433
530
428
530
433
537
538
434
429
531
538
429
435
532
430
532
435
540
536
432
431
535
536
431
536
433
432
433
536
537
538
437
434
437
538
545
541
540
435
436
541
435
441
541
436
541
441
549
546
438
437
545
546
437
546
439
438
439
546
547
548
440
439
547
548
439
548
442
440
442
548
550
552
549
441
444
552
441
550
443
442
443
550
551
553
446
443
551
553
443
445
450
444
450
445
451
450
552
444
552
450
557
553
447
446
447
553
554
555
448
447
554
555
447
449
452
448
452
449
453
555
449
448
449
555
556
561
453
449
556
561
449
451
455
450
455
451
456
455
557
450
557
455
562
459
454
453
458
459
453
566
458
453
561
566
453
461
460
455
456
461
455
567
562
455
460
567
455
457
461
456
461
457
462
463
459
458
459
463
464
566
463
458
463
566
570
461
465
460
465
461
466
465
567
460
567
465
571
467
466
461
462
467
461
469
464
463
468
469
463
574
468
463
570
574
463
471
470
465
466
471
465
575
571
465
470
575
465
472
469
468
469
472
473
574
472
468
472
574
578
474
575
470
575
474
581
475
473
472
473
475
476
578
475
472
475
578
584
483
581
474
581
483
592
585
476
475
584
585
475
585
477
476
477
585
586
587
478
477
586
587
477
587
479
478
479
587
588
589
480
479
588
589
479
589
481
480
481
589
590
591
482
481
590
591
481
591
483
482
483
591
592
494
485
484
485
494
495
485
593
484
593
485
594
593
494
484
494
593
599
595
594
485
486
595
485
487
595
486
595
487
596
597
596
487
488
597
487
489
496
488
496
489
497
496
597
488
597
496
603
498
497
489
490
498
489
491
498
490
498
491
499
500
499
491
492
500
491
504
494
493
503
504
493
599
598
493
494
599
493
605
503
493
598
605
493
497
505
496
505
497
506
505
603
496
603
505
606
507
506
497
498
507
497
499
507
498
507
499
508
509
508
499
500
509
499
501
509
500
509
501
510
503
604
502
604
503
605
604
513
502
513
604
613
607
606
505
506
607
505
507
607
506
607
507
608
609
608
507
508
609
507
509
609
508
609
509
610
515
514
509
510
515
509
616
610
509
514
616
509
612
611
511
512
612
511
618
517
511
611
618
511
513
612
512
612
513
613
515
616
514
616
515
617
519
518
515
516
519
515
619
617
515
518
619
515
622
522
517
618
622
517
519
619
518
619
519
620
524
520
519
523
524
519
621
620
519
520
621
519
524
621
520
621
524
623
529
528
521
522
529
521
622
529
522
529
622
628
525
623
524
623
525
624
533
526
525
532
533
525
625
624
525
526
625
525
533
625
526
625
533
629
535
528
527
534
535
527
627
626
527
528
627
527
630
534
527
626
630
527
529
627
528
627
529
628
537
531
530
531
537
538
540
533
532
533
540
541
636
629
533
541
636
533
542
535
534
535
542
543
630
542
534
542
630
637
544
536
535
543
544
535
632
537
536
537
632
633
544
632
536
632
544
639
634
538
537
633
634
537
539
545
538
545
539
546
634
539
538
539
634
635
642
546
539
635
642
539
645
636
541
549
645
541
637
543
542
543
637
638
639
544
543
638
639
543
642
547
546
547
642
643
644
548
547
643
644
547
644
550
548
550
644
653
655
645
549
552
655
549
653
551
550
551
653
654
662
553
551
654
662
551
557
655
552
655
557
664
663
554
553
662
663
553
559
555
554
555
559
560
663
559
554
559
663
673
561
556
555
560
561
555
563
558
557
562
563
557
665
664
557
558
665
557
563
665
558
665
563
675
565
560
559
564
565
559
682
564
559
673
682
559
565
561
560
561
565
566
674
563
562
563
674
675
567
674
562
674
567
683
568
565
564
565
568
569
682
568
564
568
682
689
570
566
565
569
570
565
690
683
567
571
690
567
572
569
568
569
572
573
689
572
568
572
689
694
574
570
569
573
574
569
695
690
571
575
695
571
576
573
572
573
576
577
694
576
572
576
694
699
578
574
573
577
578
573
702
695
575
581
702
575
582
577
576
577
582
583
699
582
576
582
699
705
584
578
577
583
584
577
591
590
579
580
591
579
701
580
579
700
701
579
713
700
579
590
713
579
581
591
580
591
581
592
701
581
580
581
701
702
705
583
582
583
705
706
707
584
583
706
707
583
707
585
584
585
707
708
709
586
585
708
709
585
709
587
586
587
709
710
711
588
587
710
711
587
711
589
588
589
711
712
713
590
589
712
713
589
600
599
593
594
600
593
595
600
594
600
595
601
602
601
595
596
602
595
597
602
596
602
597
603
599
714
598
714
599
715
714
605
598
605
714
720
716
715
599
600
716
599
601
716
600
716
601
717
718
717
601
602
718
601
603
718
602
718
603
719
723
719
603
606
723
603
605
613
604
613
605
614
730
614
605
720
730
605
607
723
606
723
607
724
725
724
607
608
725
607
609
725
608
725
609
726
616
615
609
610
616
609
732
726
609
615
732
609
728
727
611
612
728
611
735
618
611
727
735
611
613
728
612
728
613
729
730
729
613
614
730
613
733
732
615
616
733
615
617
733
616
733
617
734
739
734
617
619
739
617
735
622
618
622
735
742
740
739
619
620
740
619
621
740
620
740
621
741
743
741
621
623
743
621
742
628
622
628
742
747
744
743
623
624
744
623
625
744
624
744
625
745
748
745
625
629
748
625
627
630
626
630
627
631
747
746
627
628
747
627
750
631
627
746
750
627
751
748
629
636
751
629
631
749
630
749
631
750
749
637
630
637
749
752
639
633
632
633
639
640
641
634
633
640
641
633
641
635
634
635
641
642
645
751
636
751
645
754
647
638
637
646
647
637
755
646
637
752
755
637
647
639
638
639
647
648
649
640
639
648
649
639
649
641
640
641
649
650
651
642
641
650
651
641
651
643
642
643
651
652
653
644
643
652
653
643
758
754
645
655
758
645
755
647
646
647
755
756
757
648
647
756
757
647
656
649
648
649
656
657
757
656
648
656
757
759
658
650
649
657
658
649
658
651
650
651
658
659
660
652
651
659
660
651
660
653
652
653
660
661
662
654
653
661
662
653
760
758
655
664
760
655
666
657
656
657
666
667
759
666
656
666
759
762
668
658
657
667
668
657
668
659
658
659
668
669
670
660
659
669
670
659
670
661
660
661
670
671
672
662
661
671
672
661
672
663
662
663
672
673
665
760
664
760
665
761
764
761
665
675
764
665
762
667
666
667
762
763
677
668
667
676
677
667
766
676
667
763
766
667
677
669
668
669
677
678
679
670
669
678
679
669
679
671
670
671
679
680
681
672
671
680
681
671
681
673
672
673
681
682
683
675
674
675
683
684
770
764
675
684
770
675
766
677
676
677
766
767
768
678
677
767
768
677
685
679
678
679
685
686
768
685
678
685
768
771
687
680
679
686
687
679
687
681
680
681
687
688
689
682
681
688
689
681
770
684
683
769
770
683
773
769
683
690
773
683
772
686
685
771
772
685
691
687
686
687
691
692
772
691
686
691
772
774
693
688
687
692
693
687
693
689
688
689
693
694
695
773
690
773
695
775
697
692
691
696
697
691
776
696
691
774
776
691
697
693
692
693
697
698
699
694
693
698
699
693
780
775
695
702
780
695
776
697
696
697
776
777
704
698
697
703
704
697
781
703
697
777
781
697
704
699
698
699
704
705
778
701
700
701
778
779
713
778
700
778
713
791
780
702
701
779
780
701
782
704
703
781
782
703
782
705
704
705
782
783
784
706
705
783
784
705
784
707
706
707
784
785
786
708
707
785
786
707
786
709
708
709
786
787
788
710
709
787
788
709
788
711
710
711
788
789
790
712
711
789
790
711
790
713
712
713
790
791
715
720
714
720
715
721
722
721
715
716
722
715
717
795
716
795
717
796
795
722
716
722
795
800
797
796
717
718
797
717
719
797
718
797
719
798
803
798
719
723
803
719
721
730
720
730
721
731
800
799
721
722
800
721
810
731
721
799
810
721
804
803
723
724
804
723
725
804
724
804
725
805
806
805
725
726
806
725
732
806
726
806
732
812
736
735
727
728
736
727
729
807
728
807
729
808
807
736
728
736
807
814
809
808
729
730
809
729
731
809
730
809
731
810
733
737
732
737
733
738
737
812
732
812
737
817
739
738
733
734
739
733
814
813
735
736
814
735
822
742
735
813
822
735
818
817
737
738
818
737
739
818
738
818
739
819
820
819
739
740
820
739
741
820
740
820
741
821
825
821
741
743
825
741
822
747
742
747
822
829
826
825
743
744
826
743
745
826
744
826
745
827
834
827
745
748
834
745
747
828
746
828
747
829
828
750
746
750
828
835
751
834
748
834
751
839
753
752
749
750
753
749
835
753
750
753
835
840
844
839
751
754
844
751
753
755
752
755
753
756
845
756
753
840
845
753
758
844
754
844
758
847
845
757
756
757
845
846
848
759
757
846
848
757
760
847
758
847
760
849
851
762
759
848
851
759
761
849
760
849
761
850
854
850
761
764
854
761
765
763
762
763
765
766
851
765
762
765
851
855
770
854
764
854
770
862
856
766
765
855
856
765
856
767
766
767
856
857
858
768
767
857
858
767
858
771
768
771
858
863
862
770
769
861
862
769
866
861
769
773
866
769
864
772
771
863
864
771
864
774
772
774
864
867
870
866
773
775
870
773
867
776
774
776
867
871
877
870
775
780
877
775
871
777
776
777
871
872
878
781
777
872
878
777
875
779
778
779
875
876
791
875
778
875
791
888
877
780
779
876
877
779
879
782
781
878
879
781
792
783
782
783
792
793
879
792
782
792
879
889
794
784
783
793
794
783
881
785
784
785
881
882
794
881
784
881
794
891
883
786
785
882
883
785
883
787
786
787
883
884
885
788
787
884
885
787
885
789
788
789
885
886
887
790
789
886
887
789
887
791
790
791
887
888
889
793
792
793
889
890
891
794
793
890
891
793
801
800
795
796
801
795
797
801
796
801
797
802
803
802
797
798
803
797
811
810
799
800
811
799
801
894
800
894
801
895
894
811
800
811
894
903
896
895
801
802
896
801
803
896
802
896
803
897
898
897
803
804
898
803
805
898
804
898
805
899
900
899
805
806
900
805
812
900
806
900
812
908
815
814
807
808
815
807
809
815
808
815
809
816
902
901
809
810
902
809
911
816
809
901
911
809
811
902
810
902
811
903
817
908
812
908
817
914
823
822
813
814
823
813
815
909
814
909
815
910
909
823
814
823
909
918
911
910
815
816
911
815
915
914
817
818
915
817
819
915
818
915
819
916
917
916
819
820
917
819
821
824
820
824
821
825
824
917
820
917
824
923
823
829
822
829
823
830
925
830
823
918
925
823
825
831
824
831
825
832
831
923
824
923
831
927
833
832
825
826
833
825
827
833
826
833
827
834
829
835
828
835
829
836
925
924
829
830
925
829
929
836
829
924
929
829
928
927
831
832
928
831
833
837
832
837
833
838
837
928
832
928
837
932
839
838
833
834
839
833
841
840
835
836
841
835
929
841
836
841
929
933
843
842
837
838
843
837
935
932
837
842
935
837
839
843
838
843
839
844
841
845
840
845
841
846
938
846
841
933
938
841
843
935
842
935
843
936
937
936
843
844
937
843
847
937
844
937
847
939
938
848
846
848
938
940
941
939
847
849
941
847
940
851
848
851
940
942
854
853
849
850
854
849
945
941
849
853
945
849
856
855
851
852
856
851
943
852
851
942
943
851
943
856
852
856
943
946
862
861
853
854
862
853
951
945
853
861
951
853
946
857
856
857
946
947
948
858
857
947
948
857
859
863
858
863
859
864
948
859
858
859
948
949
952
864
859
949
952
859
861
865
860
865
861
866
950
861
860
861
950
951
865
950
860
950
865
953
952
867
864
867
952
954
870
869
865
866
870
865
958
953
865
869
958
865
959
871
867
954
959
867
869
875
868
875
869
876
957
869
868
869
957
958
875
957
868
957
875
966
877
876
869
870
877
869
960
872
871
959
960
871
873
878
872
878
873
879
960
873
872
873
960
961
880
879
873
874
880
873
962
874
873
961
962
873
962
880
874
880
962
967
973
966
875
888
973
875
890
889
879
880
890
879
967
890
880
890
967
974
892
882
881
891
892
881
892
883
882
883
892
893
969
884
883
968
969
883
977
968
883
893
977
883
969
885
884
885
969
970
971
886
885
970
971
885
971
887
886
887
971
972
973
888
887
972
973
887
974
891
890
891
974
975
976
892
891
975
976
891
976
893
892
893
976
977
895
903
894
903
895
904
905
904
895
896
905
895
897
978
896
978
897
979
978
905
896
905
978
985
980
979
897
898
980
897
899
906
898
906
899
907
906
980
898
980
906
987
908
907
899
900
908
899
982
981
901
902
982
901
989
911
901
981
989
901
903
982
902
982
903
983
984
983
903
904
984
903
905
984
904
984
905
985
907
912
906
912
907
913
912
987
906
987
912
995
914
913
907
908
914
907
919
918
909
910
919
909
911
988
910
988
911
989
988
919
910
919
988
999
913
995
912
995
913
996
997
996
913
914
997
913
915
920
914
920
915
921
920
997
914
997
920
1008
922
921
915
916
922
915
917
922
916
922
917
923
919
998
918
998
919
999
998
925
918
925
998
1011
921
1008
920
1008
921
1009
1010
1009
921
922
1010
921
923
926
922
926
923
927
926
1010
922
1010
926
1015
925
929
924
929
925
930
1018
930
925
1011
1018
925
927
1015
926
1015
927
1016
932
931
927
928
932
927
1021
1016
927
931
1021
927
1018
1017
929
930
1018
929
1022
933
929
1017
1022
929
935
934
931
932
935
931
1025
1021
931
934
1025
931
1029
938
933
1022
1029
933
935
1025
934
1025
935
1026
1027
1026
935
936
1027
935
937
1027
936
1027
937
1028
1036
1028
937
939
1036
937
1029
940
938
940
1029
1037
1041
1036
939
941
1041
939
1037
942
940
942
1037
1042
1046
1041
941
945
1046
941
1042
943
942
943
1042
1043
947
946
943
944
947
943
1044
944
943
1043
1044
943
1044
947
944
947
1044
1047
1051
1046
945
951
1051
945
1048
948
947
1047
1048
947
1048
949
948
949
1048
1049
1052
952
949
1049
1052
949
1050
951
950
951
1050
1051
953
1050
950
1050
953
1057
1052
954
952
954
1052
1058
1067
1057
953
958
1067
953
1058
959
954
959
1058
1068
965
964
955
956
965
955
1065
956
955
1064
1065
955
1077
1064
955
964
1077
955
957
965
956
965
957
966
1065
957
956
957
1065
1066
1067
958
957
1066
1067
957
1069
960
959
1068
1069
959
1069
961
960
961
1069
1070
1071
962
961
1070
1071
961
1071
967
962
967
1071
1078
971
970
963
964
971
963
1077
964
963
1076
1077
963
1083
1076
963
970
1083
963
965
971
964
971
965
972
973
972
965
966
973
965
1084
974
967
1078
1084
967
1081
969
968
969
1081
1082
977
1081
968
1081
977
1087
1083
970
969
1082
1083
969
1084
975
974
975
1084
1085
1086
976
975
1085
1086
975
1086
977
976
977
1086
1087
979
985
978
985
979
986
987
986
979
980
987
979
990
989
981
982
990
981
983
990
982
990
983
991
992
991
983
984
992
983
985
992
984
992
985
993
994
993
985
986
994
985
987
994
986
994
987
995
989
999
988
999
989
1000
1001
1000
989
990
1001
989
991
1001
990
1001
991
1002
1003
1002
991
992
1003
991
993
1003
992
1003
993
1004
1005
1004
993
994
1005
993
995
1005
994
1005
995
1006
1007
1006
995
996
1007
995
997
1007
996
1007
997
1008
999
1088
998
1088
999
1089
1088
1011
998
1011
1088
1098
1090
1089
999
1000
1090
999
1001
1090
1000
1090
1001
1091
1092
1091
1001
1002
1092
1001
1003
1092
1002
1092
1003
1093
1094
1093
1003
1004
1094
1003
1005
1094
1004
1094
1005
1095
1096
1095
1005
1006
1096
1005
1007
1096
1006
1096
1007
1097
1013
1012
1007
1008
1013
1007
1107
1097
1007
1012
1107
1007
1009
1013
1008
1013
1009
1014
1015
1014
1009
1010
1015
1009
1110
1018
1011
1098
1110
1011
1013
1107
1012
1107
1013
1108
1109
1108
1013
1014
1109
1013
1015
1019
1014
1019
1015
1020
1019
1109
1014
1109
1019
1117
1021
1020
1015
1016
1021
1015
1023
1022
1017
1018
1023
1017
1110
1023
1018
1023
1110
1119
1118
1117
1019
1020
1118
1019
1021
1024
1020
1024
1021
1025
1024
1118
1020
1118
1024
1127
1023
1029
1022
1029
1023
1030
1128
1030
1023
1119
1128
1023
1025
1032
1024
1032
1025
1033
1032
1127
1024
1127
1032
1136
1034
1033
1025
1026
1034
1025
1027
1034
1026
1034
1027
1035
1036
1035
1027
1028
1036
1027
1038
1037
1029
1030
1038
1029
1031
1038
1030
1038
1031
1039
1128
1031
1030
1031
1128
1129
1140
1039
1031
1129
1140
1031
1033
1136
1032
1136
1033
1137
1138
1137
1033
1034
1138
1033
1035
1138
1034
1138
1035
1139
1041
1040
1035
1036
1041
1035
1146
1139
1035
1040
1146
1035
1043
1042
1037
1038
1043
1037
1039
1043
1038
1043
1039
1044
1147
1044
1039
1140
1147
1039
1041
1045
1040
1045
1041
1046
1045
1146
1040
1146
1045
1153
1147
1047
1044
1047
1147
1154
1051
1050
1045
1046
1051
1045
1161
1153
1045
1050
1161
1045
1155
1048
1047
1154
1155
1047
1155
1049
1048
1049
1155
1156
1162
1052
1049
1156
1162
1049
1057
1161
1050
1161
1057
1172
1162
1058
1052
1058
1162
1173
1061
1060
1053
1054
1061
1053
1167
1054
1053
1166
1167
1053
1177
1166
1053
1060
1177
1053
1055
1061
1054
1061
1055
1062
1167
1055
1054
1055
1167
1168
1178
1062
1055
1168
1178
1055
1057
1066
1056
1066
1057
1067
1171
1057
1056
1057
1171
1172
1066
1171
1056
1171
1066
1182
1059
1068
1058
1068
1059
1069
1173
1059
1058
1059
1173
1174
1183
1069
1059
1174
1183
1059
1061
1073
1060
1073
1061
1074
1073
1177
1060
1177
1073
1187
1075
1074
1061
1062
1075
1061
1063
1075
1062
1075
1063
1076
1178
1063
1062
1063
1178
1179
1077
1076
1063
1064
1077
1063
1180
1064
1063
1179
1180
1063
1180
1065
1064
1065
1180
1181
1182
1066
1065
1181
1182
1065
1184
1070
1069
1183
1184
1069
1184
1071
1070
1071
1184
1185
1079
1078
1071
1072
1079
1071
1186
1072
1071
1185
1186
1071
1073
1079
1072
1079
1073
1080
1186
1073
1072
1073
1186
1187
1081
1080
1073
1074
1081
1073
1075
1081
1074
1081
1075
1082
1083
1082
1075
1076
1083
1075
1079
1084
1078
1084
1079
1085
1086
1085
1079
1080
1086
1079
1081
1086
1080
1086
1081
1087
1089
1098
1088
1098
1089
1099
1100
1099
1089
1090
1100
1089
1091
1100
1090
1100
1091
1101
1102
1101
1091
1092
1102
1091
1093
1102
1092
1102
1093
1103
1104
1103
1093
1094
1104
1093
1095
1104
1094
1104
1095
1105
1106
1105
1095
1096
1106
1095
1097
1106
1096
1106
1097
1107
1099
1110
1098
1110
1099
1111
1112
1111
1099
1100
1112
1099
1101
1112
1100
1112
1101
1113
1189
1188
1101
1102
1189
1101
1195
1113
1101
1188
1195
1101
1103
1189
1102
1189
1103
1190
1191
1190
1103
1104
1191
1103
1105
1191
1104
1191
1105
1192
1193
1192
1105
1106
1193
1105
1107
1114
1106
1114
1107
1115
1114
1193
1106
1193
1114
1200
1116
1115
1107
1108
1116
1107
1109
1116
1108
1116
1109
1117
1111
1119
1110
1119
1111
1120
1121
1120
1111
1112
1121
1111
1113
1194
1112
1194
1113
1195
1194
1121
1112
1121
1194
1202
1115
1200
1114
1200
1115
1201
1125
1124
1115
1116
1125
1115
1209
1201
1115
1124
1209
1115
1117
1125
1116
1125
1117
1126
1127
1126
1117
1118
1127
1117
1129
1128
1119
1120
1129
1119
1121
1129
1120
1129
1121
1130
1131
1130
1121
1122
1131
1121
1203
1122
1121
1202
1203
1121
1123
1131
1122
1131
1123
1132
1203
1123
1122
1123
1203
1204
1210
1132
1123
1204
1210
1123
1125
1133
1124
1133
1125
1134
1133
1209
1124
1209
1133
1213
1135
1134
1125
1126
1135
1125
1127
1135
1126
1135
1127
1136
1141
1140
1129
1130
1141
1129
1131
1141
1130
1141
1131
1142
1143
1142
1131
1132
1143
1131
1210
1143
1132
1143
1210
1218
1214
1213
1133
1134
1214
1133
1135
1214
1134
1214
1135
1215
1216
1215
1135
1136
1216
1135
1137
1216
1136
1216
1137
1217
1145
1144
1137
1138
1145
1137
1225
1217
1137
1144
1225
1137
1139
1145
1138
1145
1139
1146
1141
1147
1140
1147
1141
1148
1149
1148
1141
1142
1149
1141
1143
1149
1142
1149
1143
1150
1226
1150
1143
1218
1226
1143
1145
1151
1144
1151
1145
1152
1151
1225
1144
1225
1151
1233
1153
1152
1145
1146
1153
1145
1155
1154
1147
1148
1155
1147
1149
1155
1148
1155
1149
1156
1157
1156
1149
1150
1157
1149
1226
1157
1150
1157
1226
1234
1160
1159
1151
1152
1160
1151
1241
1233
1151
1159
1241
1151
1153
1160
1152
1160
1153
1161
1157
1162
1156
1162
1157
1163
1164
1163
1157
1158
1164
1157
1235
1158
1157
1234
1235
1157
1235
1164
1158
1164
1235
1242
1171
1170
1159
1160
1171
1159
1249
1241
1159
1170
1249
1159
1161
1171
1160
1171
1161
1172
1163
1173
1162
1173
1163
1174
1175
1174
1163
1164
1175
1163
1165
1175
1164
1175
1165
1176
1242
1165
1164
1165
1242
1243
1250
1176
1165
1243
1250
1165
1244
1167
1166
1167
1244
1245
1177
1244
1166
1244
1177
1252
1246
1168
1167
1245
1246
1167
1169
1178
1168
1178
1169
1179
1246
1169
1168
1169
1246
1247
1253
1179
1169
1247
1253
1169
1171
1181
1170
1181
1171
1182
1181
1249
1170
1249
1181
1255
1175
1183
1174
1183
1175
1184
1185
1184
1175
1176
1185
1175
1250
1185
1176
1185
1250
1256
1258
1252
1177
1187
1258
1177
1254
1180
1179
1253
1254
1179
1254
1181
1180
1181
1254
1255
1257
1186
1185
1256
1257
1185
1257
1187
1186
1187
1257
1258
1189
1195
1188
1195
1189
1196
1197
1196
1189
1190
1197
1189
1191
1197
1190
1197
1191
1198
1199
1198
1191
1192
1199
1191
1193
1199
1192
1199
1193
1200
1195
1202
1194
1202
1195
1203
1204
1203
1195
1196
1204
1195
1197
1204
1196
1204
1197
1205
1206
1205
1197
1198
1206
1197
1199
1206
1198
1206
1199
1207
1208
1207
1199
1200
1208
1199
1201
1208
1200
1208
1201
1209
1205
1259
1204
1259
1205
1260
1259
1210
1204
1210
1259
1263
1261
1260
1205
1206
1261
1205
1207
1261
1206
1261
1207
1262
1212
1211
1207
1208
1212
1207
1266
1262
1207
1211
1266
1207
1209
1212
1208
1212
1209
1213
1263
1218
1210
1218
1263
1267
1220
1219
1211
1212
1220
1211
1270
1266
1211
1219
1270
1211
1213
1220
1212
1220
1213
1221
1222
1221
1213
1214
1222
1213
1215
1222
1214
1222
1215
1223
1224
1223
1215
1216
1224
1215
1217
1224
1216
1224
1217
1225
1267
1226
1218
1226
1267
1271
1228
1227
1219
1220
1228
1219
1274
1270
1219
1227
1274
1219
1221
1228
1220
1228
1221
1229
1230
1229
1221
1222
1230
1221
1223
1230
1222
1230
1223
1231
1232
1231
1223
1224
1232
1223
1225
1232
1224
1232
1225
1233
1271
1234
1226
1234
1271
1277
1275
1274
1227
1228
1275
1227
1229
1275
1228
1275
1229
1276
1238
1237
1229
1230
1238
1229
1282
1276
1229
1237
1282
1229
1231
1238
1230
1238
1231
1239
1240
1239
1231
1232
1240
1231
1233
1240
1232
1240
1233
1241
1277
1235
1234
1235
1277
1278
1243
1242
1235
1236
1243
1235
1279
1236
1235
1278
1279
1235
1279
1243
1236
1243
1279
1283
1246
1245
1237
1238
1246
1237
1286
1282
1237
1245
1286
1237
1239
1246
1238
1246
1239
1247
1248
1247
1239
1240
1248
1239
1241
1248
1240
1248
1241
1249
1287
1250
1243
1283
1287
1243
1285
1245
1244
1245
1285
1286
1252
1285
1244
1285
1252
1289
1254
1253
1247
1248
1254
1247
1249
1254
1248
1254
1249
1255
1251
1256
1250
1256
1251
1257
1287
1251
1250
1251
1287
1288
1290
1257
1251
1288
1290
1251
1258
1289
1252
1289
1258
1291
1291
1258
1257
1290
1291
1257
1264
1263
1259
1260
1264
1259
1261
1264
1260
1264
1261
1265
1266
1265
1261
1262
1266
1261
1268
1267
1263
1264
1268
1263
1265
1268
1264
1268
1265
1269
1270
1269
1265
1266
1270
1265
1272
1271
1267
1268
1272
1267
1269
1272
1268
1272
1269
1273
1274
1273
1269
1270
1274
1269
1278
1277
1271
1272
1278
1271
1273
1278
1272
1278
1273
1279
1280
1279
1273
1274
1280
1273
1275
1280
1274
1280
1275
1281
1282
1281
1275
1276
1282
1275
1284
1283
1279
1280
1284
1279
1281
1284
1280
1284
1281
1285
1286
1285
1281
1282
1286
1281
1288
1287
1283
1284
1288
1283
1285
1288
1284
1288
1285
1289
1289
1290
1288
1290
1289
1291
