3
1
0
1
3
4
1
28
0
28
1
29
28
3
0
3
28
33
5
2
1
4
5
1
30
29
1
2
30
1
5
30
2
30
5
34
7
4
3
6
7
3
37
6
3
33
37
3
7
5
4
5
7
8
38
34
5
8
38
5
9
7
6
7
9
10
37
9
6
9
37
41
11
8
7
10
11
7
11
38
8
38
11
43
42
10
9
41
42
9
42
11
10
11
42
43
15
13
12
13
15
16
13
45
12
45
13
46
45
15
12
15
45
49
17
14
13
16
17
13
47
46
13
14
47
13
17
47
14
47
17
50
19
16
15
18
19
15
52
18
15
49
52
15
19
17
16
17
19
20
53
50
17
20
53
17
21
19
18
19
21
22
52
21
18
21
52
55
23
20
19
22
23
19
23
53
20
53
23
56
26
22
21
25
26
21
61
25
21
55
61
21
26
23
22
23
26
27
62
56
23
27
62
23
29
25
24
25
29
30
25
60
24
60
25
61
60
29
24
29
60
67
31
26
25
30
31
25
31
27
26
27
31
32
68
62
27
32
68
27
29
66
28
66
29
67
66
33
28
33
66
72
34
31
30
31
34
35
36
32
31
35
36
31
36
68
32
68
36
73
77
37
33
72
77
33
38
35
34
35
38
39
40
36
35
39
40
35
40
73
36
73
40
79
84
41
37
77
84
37
43
39
38
39
43
44
79
40
39
78
79
39
87
78
39
44
87
39
85
42
41
84
85
41
85
43
42
43
85
86
87
44
43
86
87
43
122
121
45
46
122
45
125
49
45
121
125
45
47
122
46
122
47
123
51
48
47
50
51
47
124
123
47
48
124
47
51
124
48
124
51
126
127
52
49
125
127
49
53
51
50
51
53
54
128
126
51
54
128
51
127
55
52
55
127
129
57
54
53
56
57
53
57
128
54
128
57
130
134
61
55
129
134
55
62
57
56
57
62
63
64
58
57
63
64
57
131
130
57
58
131
57
64
59
58
59
64
65
59
131
58
131
59
132
135
132
59
65
135
59
61
133
60
133
61
134
133
67
60
67
133
137
68
63
62
63
68
69
70
64
63
69
70
63
70
65
64
65
70
71
138
135
65
71
138
65
67
136
66
136
67
137
136
72
66
72
136
139
73
69
68
69
73
74
75
70
69
74
75
69
75
71
70
71
75
76
140
138
71
76
140
71
139
77
72
77
139
141
80
74
73
79
80
73
80
75
74
75
80
81
82
76
75
81
82
75
82
140
76
140
82
142
144
84
77
141
144
77
87
79
78
79
87
88
89
80
79
88
89
79
89
81
80
81
89
90
91
82
81
90
91
81
91
142
82
142
91
146
93
84
83
92
93
83
144
143
83
84
144
83
147
92
83
143
147
83
93
85
84
85
93
94
95
86
85
94
95
85
95
87
86
87
95
96
97
88
87
96
97
87
97
89
88
89
97
98
99
90
89
98
99
89
145
91
90
91
145
146
99
145
90
145
99
150
100
93
92
93
100
101
147
100
92
100
147
152
102
94
93
101
102
93
102
95
94
95
102
103
104
96
95
103
104
95
104
97
96
97
104
105
106
98
97
105
106
97
149
99
98
99
149
150
106
149
98
149
106
155
107
101
100
101
107
108
152
107
100
107
152
156
109
102
101
108
109
101
109
103
102
103
109
110
111
104
103
110
111
103
111
105
104
105
111
112
155
106
105
154
155
105
161
154
105
112
161
105
157
108
107
156
157
107
157
109
108
109
157
158
159
110
109
158
159
109
159
111
110
111
159
160
161
112
111
160
161
111
118
114
113
117
118
113
164
163
113
114
164
113
167
117
113
163
167
113
118
115
114
115
118
119
115
164
114
164
115
165
120
116
115
119
120
115
166
165
115
116
166
115
120
166
116
166
120
168
122
118
117
121
122
117
169
121
117
167
169
117
122
119
118
119
122
123
124
120
119
123
124
119
124
168
120
168
124
170
171
125
121
169
171
121
126
170
124
170
126
172
174
127
125
171
174
125
128
172
126
172
128
175
177
129
127
174
177
127
130
175
128
175
130
178
182
134
129
177
182
129
131
178
130
178
131
179
180
179
131
132
180
131
135
180
132
180
135
183
182
181
133
134
182
133
185
137
133
181
185
133
187
183
135
138
187
135
137
184
136
184
137
185
184
139
136
139
184
188
140
187
138
187
140
189
190
141
139
188
190
139
142
189
140
189
142
191
192
144
141
190
192
141
146
191
142
191
146
193
148
147
143
144
148
143
192
148
144
148
192
194
151
146
145
150
151
145
151
193
146
193
151
197
153
152
147
148
153
147
194
153
148
153
194
199
196
150
149
195
196
149
203
195
149
155
203
149
196
151
150
151
196
197
153
198
152
198
153
199
198
156
152
156
198
206
161
155
154
155
161
162
212
203
155
162
212
155
206
157
156
157
206
207
208
158
157
207
208
157
208
159
158
159
208
209
210
160
159
209
210
159
210
161
160
161
210
211
212
162
161
211
212
161
214
213
163
164
214
163
218
167
163
213
218
163
165
214
164
214
165
215
216
215
165
166
216
165
168
216
166
216
168
220
222
169
167
218
222
167
170
220
168
220
170
224
226
171
169
222
226
169
172
224
170
224
172
228
232
174
171
226
232
171
175
173
172
173
175
176
173
228
172
228
173
229
233
229
173
176
233
173
232
177
174
177
232
236
179
176
175
178
179
175
179
233
176
233
179
237
240
182
177
236
240
177
238
237
179
180
238
179
183
238
180
238
183
241
186
185
181
182
186
181
240
186
182
186
240
245
246
241
183
187
246
183
185
243
184
243
185
244
243
188
184
188
243
248
245
244
185
186
245
185
249
246
187
189
249
187
248
190
188
190
248
251
252
249
189
191
252
189
251
192
190
192
251
254
255
252
191
193
255
191
254
194
192
194
254
257
258
255
193
197
258
193
257
199
194
199
257
261
204
196
195
203
204
195
204
197
196
197
204
205
267
258
197
205
267
197
199
260
198
260
199
261
260
206
198
206
260
268
201
209
200
209
201
210
262
201
200
201
262
263
209
262
200
262
209
271
272
210
201
263
272
201
203
211
202
211
203
212
264
203
202
203
264
265
211
264
202
264
211
273
266
204
203
265
266
203
266
205
204
205
266
267
268
207
206
207
268
269
270
208
207
269
270
207
270
209
208
209
270
271
272
211
210
211
272
273
275
274
213
214
275
213
279
218
213
274
279
213
215
275
214
275
215
276
277
276
215
216
277
215
220
217
216
217
220
221
217
277
216
277
217
278
282
278
217
221
282
217
219
222
218
222
219
223
279
219
218
219
279
280
283
223
219
280
283
219
224
221
220
221
224
225
284
282
221
225
284
221
223
226
222
226
223
227
286
227
223
283
286
223
228
225
224
225
228
229
287
284
225
229
287
225
227
285
226
285
227
286
285
232
226
232
285
290
234
230
229
233
234
229
288
287
229
230
288
229
234
231
230
231
234
235
231
288
230
288
231
289
292
289
231
235
292
231
290
236
232
236
290
293
238
234
233
237
238
233
238
235
234
235
238
239
294
292
235
239
294
235
293
240
236
240
293
295
241
239
238
239
241
242
296
294
239
242
296
239
295
245
240
245
295
300
247
242
241
246
247
241
247
296
242
296
247
301
299
298
243
244
299
243
303
248
243
298
303
243
245
299
244
299
245
300
249
247
246
247
249
250
304
301
247
250
304
247
303
251
248
251
303
306
253
250
249
252
253
249
253
304
250
304
253
307
309
254
251
306
309
251
255
253
252
253
255
256
310
307
253
256
310
253
309
257
254
257
309
312
259
256
255
258
259
255
259
310
256
310
259
314
317
261
257
312
317
257
313
259
258
259
313
314
267
313
258
313
267
321
261
316
260
316
261
317
316
268
260
268
316
324
271
263
262
263
271
272
318
265
264
265
318
319
273
318
264
318
273
329
320
266
265
319
320
265
320
267
266
267
320
321
324
269
268
269
324
325
326
270
269
325
326
269
326
271
270
271
326
327
328
272
271
327
328
271
328
273
272
273
328
329
275
279
274
279
275
280
281
280
275
276
281
275
277
333
276
333
277
334
333
281
276
281
333
338
335
334
277
278
335
277
282
335
278
335
282
339
281
337
280
337
281
338
337
283
280
283
337
341
284
339
282
339
284
343
346
286
283
341
346
283
287
343
284
343
287
348
291
290
285
286
291
285
346
291
286
291
346
352
349
348
287
288
349
287
289
349
288
349
289
350
354
350
289
292
354
289
291
351
290
351
291
352
351
293
290
293
351
355
294
354
292
354
294
356
357
295
293
355
357
293
296
356
294
356
296
358
362
300
295
357
362
295
301
297
296
297
301
302
297
358
296
358
297
359
363
359
297
302
363
297
299
360
298
360
299
361
360
303
298
303
360
364
362
361
299
300
362
299
305
302
301
304
305
301
305
363
302
363
305
365
366
306
303
364
366
303
307
305
304
305
307
308
367
365
305
308
367
305
366
309
306
309
366
368
311
308
307
310
311
307
311
367
308
367
311
369
370
312
309
368
370
309
314
311
310
311
314
315
371
369
311
315
371
311
370
317
312
317
370
373
322
314
313
321
322
313
322
315
314
315
322
323
377
371
315
323
377
315
317
372
316
372
317
373
372
324
316
324
372
378
329
319
318
319
329
330
331
320
319
330
331
319
331
321
320
321
331
332
376
322
321
375
376
321
386
375
321
332
386
321
376
323
322
323
376
377
378
325
324
325
378
379
380
326
325
379
380
325
380
327
326
327
380
381
382
328
327
381
382
327
382
329
328
329
382
383
384
330
329
383
384
329
384
331
330
331
384
385
386
332
331
385
386
331
388
387
333
334
388
333
392
338
333
387
392
333
335
388
334
388
335
389
340
336
335
339
340
335
390
389
335
336
390
335
340
390
336
390
340
394
342
341
337
338
342
337
392
342
338
342
392
396
344
340
339
343
344
339
344
394
340
394
344
398
347
346
341
342
347
341
396
347
342
347
396
401
349
344
343
348
349
343
349
345
344
345
349
350
345
398
344
398
345
399
403
399
345
350
403
345
347
352
346
352
347
353
407
353
347
401
407
347
354
403
350
403
354
408
406
405
351
352
406
351
410
355
351
405
410
351
353
406
352
406
353
407
356
408
354
408
356
413
415
357
355
410
415
355
358
413
356
413
358
416
420
362
357
415
420
357
359
416
358
416
359
417
421
417
359
363
421
359
361
418
360
418
361
419
418
364
360
364
418
422
420
419
361
362
420
361
424
421
363
365
424
363
422
366
364
366
422
425
426
424
365
367
426
365
425
368
366
368
425
427
428
426
367
369
428
367
427
370
368
370
427
429
430
428
369
371
430
369
429
373
370
373
429
431
435
430
371
377
435
371
373
378
372
378
373
379
380
379
373
374
380
373
432
374
373
431
432
373
432
380
374
380
432
436
434
376
375
433
434
375
442
433
375
386
442
375
434
377
376
377
434
435
436
381
380
381
436
437
438
382
381
437
438
381
438
383
382
383
438
439
440
384
383
439
440
383
440
385
384
385
440
441
442
386
385
441
442
385
393
392
387
388
393
387
389
450
388
450
389
451
450
393
388
393
450
454
452
451
389
390
452
389
394
391
390
391
394
395
391
452
390
452
391
453
455
453
391
395
455
391
393
396
392
396
393
397
456
397
393
454
456
393
398
395
394
395
398
399
457
455
395
399
457
395
397
401
396
401
397
402
460
402
397
456
460
397
404
400
399
403
404
399
458
457
399
400
458
399
404
458
400
458
404
461
460
459
401
402
460
401
462
407
401
459
462
401
409
404
403
408
409
403
409
461
404
461
409
464
411
410
405
406
411
405
407
411
406
411
407
412
467
412
407
462
467
407
413
409
408
409
413
414
468
464
409
414
468
409
411
465
410
465
411
466
465
415
410
415
465
469
467
466
411
412
467
411
417
414
413
416
417
413
417
468
414
468
417
470
474
420
415
469
474
415
475
470
417
421
475
417
419
422
418
422
419
423
474
473
419
420
474
419
479
423
419
473
479
419
481
475
421
424
481
421
423
478
422
478
423
479
478
425
422
425
478
484
426
481
424
481
426
485
488
427
425
484
488
425
428
485
426
485
428
489
492
429
427
488
492
427
430
489
428
489
430
493
496
431
429
492
496
429
435
493
430
493
435
498
497
432
431
496
497
431
497
436
432
436
497
501
443
434
433
442
443
433
443
435
434
435
443
444
506
498
435
444
506
435
501
437
436
437
501
502
503
438
437
502
503
437
503
439
438
439
503
504
505
440
439
504
505
439
445
441
440
441
445
446
505
445
440
445
505
513
447
442
441
446
447
441
447
443
442
443
447
448
449
444
443
448
449
443
449
506
444
506
449
517
514
446
445
513
514
445
514
447
446
447
514
515
516
448
447
515
516
447
516
449
448
449
516
517
451
520
450
520
451
521
520
454
450
454
520
524
522
521
451
452
522
451
453
522
452
522
453
523
526
523
453
455
526
453
524
456
454
456
524
528
530
526
455
457
530
455
528
460
456
460
528
533
531
530
457
458
531
457
461
531
458
531
461
534
463
462
459
460
463
459
533
463
460
463
533
537
538
534
461
464
538
461
463
536
462
536
463
537
536
467
462
467
536
542
468
538
464
538
468
543
541
540
465
466
541
465
546
469
465
540
546
465
467
541
466
541
467
542
470
543
468
543
470
548
553
474
469
546
553
469
475
471
470
471
475
476
471
548
470
548
471
549
477
472
471
476
477
471
550
549
471
472
550
471
477
550
472
550
477
554
480
479
473
474
480
473
553
480
474
480
553
559
482
476
475
481
482
475
482
477
476
477
482
483
560
554
477
483
560
477
479
557
478
557
479
558
557
484
478
484
557
563
559
558
479
480
559
479
486
482
481
485
486
481
486
483
482
483
486
487
566
560
483
487
566
483
563
488
484
488
563
569
490
486
485
489
490
485
490
487
486
487
490
491
572
566
487
491
572
487
569
492
488
492
569
575
494
490
489
493
494
489
494
491
490
491
494
495
578
572
491
495
578
491
575
496
492
496
575
581
499
494
493
498
499
493
499
495
494
495
499
500
583
578
495
500
583
495
581
497
496
497
581
582
586
501
497
582
586
497
506
499
498
499
506
507
508
500
499
507
508
499
508
583
500
583
508
587
510
502
501
509
510
501
589
509
501
586
589
501
510
503
502
503
510
511
512
504
503
511
512
503
512
505
504
505
512
513
517
507
506
507
517
518
519
508
507
518
519
507
519
587
508
587
519
599
590
510
509
589
590
509
590
511
510
511
590
591
592
512
511
591
592
511
592
513
512
513
592
593
594
514
513
593
594
513
594
515
514
515
594
595
596
516
515
595
596
515
596
517
516
517
596
597
598
518
517
597
598
517
598
519
518
519
598
599
521
524
520
524
521
525
602
601
521
522
602
521
604
525
521
601
604
521
523
602
522
602
523
603
605
603
523
526
605
523
525
528
524
528
525
529
608
529
525
604
608
525
530
527
526
527
530
531
527
605
526
605
527
606
609
606
527
531
609
527
529
607
528
607
529
608
607
533
528
533
607
611
535
532
531
534
535
531
610
609
531
532
610
531
535
610
532
610
535
613
615
537
533
611
615
533
538
535
534
535
538
539
616
613
535
539
616
535
537
614
536
614
537
615
614
542
536
542
614
619
543
539
538
539
543
544
621
616
539
544
621
539
541
546
540
546
541
547
619
618
541
542
619
541
624
547
541
618
624
541
549
544
543
548
549
543
549
545
544
545
549
550
545
621
544
621
545
622
627
622
545
550
627
545
547
623
546
623
547
624
623
553
546
553
623
630
554
551
550
551
554
555
551
627
550
627
551
628
556
552
551
555
556
551
629
628
551
552
629
551
556
629
552
629
556
631
632
559
553
630
632
553
560
555
554
555
560
561
562
556
555
561
562
555
562
631
556
631
562
633
564
563
557
558
564
557
559
564
558
564
559
565
634
565
559
632
634
559
566
561
560
561
566
567
568
562
561
567
568
561
568
633
562
633
568
635
570
569
563
564
570
563
565
570
564
570
565
571
636
571
565
634
636
565
572
567
566
567
572
573
574
568
567
573
574
567
574
635
568
635
574
637
576
575
569
570
576
569
571
576
570
576
571
577
639
577
571
636
639
571
578
573
572
573
578
579
580
574
573
579
580
573
580
637
574
637
580
640
582
581
575
576
582
575
577
638
576
638
577
639
638
582
576
582
638
641
583
579
578
579
583
584
585
580
579
584
585
579
585
640
580
640
585
644
641
586
582
586
641
645
588
584
583
587
588
583
643
585
584
585
643
644
588
643
584
643
588
646
645
589
586
589
645
647
600
588
587
599
600
587
600
646
588
646
600
658
648
590
589
647
648
589
648
591
590
591
648
649
650
592
591
649
650
591
650
593
592
593
650
651
652
594
593
651
652
593
652
595
594
595
652
653
654
596
595
653
654
595
654
597
596
597
654
655
656
598
597
655
656
597
656
599
598
599
656
657
658
600
599
657
658
599
660
659
601
602
660
601
662
604
601
659
662
601
603
660
602
660
603
661
664
661
603
605
664
603
662
608
604
608
662
667
665
664
605
606
665
605
609
665
606
665
609
669
612
611
607
608
612
607
667
612
608
612
667
672
670
669
609
610
670
609
613
670
610
670
613
674
672
671
611
612
672
611
678
615
611
671
678
611
680
674
613
616
680
613
615
619
614
619
615
620
684
620
615
678
684
615
621
617
616
617
621
622
617
680
616
680
617
681
686
681
617
622
686
617
619
624
618
624
619
625
626
625
619
620
626
619
684
626
620
626
684
692
627
686
622
686
627
693
690
689
623
624
690
623
697
630
623
689
697
623
625
690
624
690
625
691
692
691
625
626
692
625
694
693
627
628
694
627
629
694
628
694
629
695
699
695
629
631
699
629
697
632
630
632
697
701
702
699
631
633
702
631
701
634
632
634
701
704
705
702
633
635
705
633
704
636
634
636
704
707
708
705
635
637
708
635
707
639
636
639
707
710
711
708
637
640
711
637
639
641
638
641
639
642
714
642
639
710
714
639
644
711
640
711
644
717
714
713
641
642
714
641
719
645
641
713
719
641
717
644
643
716
717
643
722
716
643
646
722
643
725
647
645
719
725
645
658
722
646
722
658
736
726
648
647
725
726
647
726
649
648
649
726
727
728
650
649
727
728
649
728
651
650
651
728
729
730
652
651
729
730
651
730
653
652
653
730
731
732
654
653
731
732
653
732
655
654
655
732
733
734
656
655
733
734
655
734
657
656
657
734
735
736
658
657
735
736
657
663
662
659
660
663
659
661
663
660
663
661
664
663
667
662
667
663
668
738
737
663
664
738
663
741
668
663
737
741
663
665
738
664
738
665
739
670
666
665
669
670
665
740
739
665
666
740
665
670
740
666
740
670
742
673
672
667
668
673
667
741
673
668
673
741
744
674
742
670
742
674
745
679
678
671
672
679
671
673
743
672
743
673
744
743
679
672
679
743
749
680
675
674
675
680
681
675
745
674
745
675
746
682
676
675
681
682
675
747
746
675
676
747
675
682
677
676
677
682
683
677
747
676
747
677
748
750
748
677
683
750
677
679
684
678
684
679
685
752
685
679
749
752
679
687
682
681
686
687
681
687
683
682
683
687
688
753
750
683
688
753
683
685
751
684
751
685
752
751
692
684
692
751
756
693
687
686
687
693
694
695
688
687
694
695
687
695
753
688
753
695
757
698
697
689
690
698
689
691
754
690
754
691
755
754
698
690
698
754
760
756
755
691
692
756
691
700
696
695
699
700
695
758
757
695
696
758
695
700
758
696
758
700
761
760
759
697
698
760
697
762
701
697
759
762
697
703
700
699
702
703
699
703
761
700
761
703
764
766
704
701
762
766
701
705
703
702
703
705
706
768
764
703
706
768
703
766
707
704
707
766
770
709
706
705
708
709
705
709
768
706
768
709
772
774
710
707
770
774
707
711
709
708
709
711
712
776
772
709
712
776
709
774
714
710
714
774
778
718
712
711
717
718
711
718
776
712
776
718
780
720
719
713
714
720
713
715
720
714
720
715
721
778
715
714
715
778
779
782
721
715
779
782
715
722
717
716
717
722
723
724
718
717
723
724
717
724
780
718
780
724
788
726
725
719
720
726
719
721
726
720
726
721
727
789
727
721
782
789
721
786
723
722
723
786
787
736
786
722
786
736
798
788
724
723
787
788
723
790
728
727
789
790
727
790
729
728
729
790
791
792
730
729
791
792
729
792
731
730
731
792
793
794
732
731
793
794
731
794
733
732
733
794
795
796
734
733
795
796
733
796
735
734
735
796
797
798
736
735
797
798
735
801
800
737
738
801
737
804
741
737
800
804
737
739
801
738
801
739
802
803
802
739
740
803
739
742
803
740
803
742
805
807
744
741
804
807
741
745
805
742
805
745
808
807
806
743
744
807
743
812
749
743
806
812
743
809
808
745
746
809
745
747
809
746
809
747
810
811
810
747
748
811
747
750
811
748
811
750
814
816
752
749
812
816
749
753
814
750
814
753
817
816
815
751
752
816
751
820
756
751
815
820
751
822
817
753
757
822
753
755
818
754
818
755
819
818
760
754
760
818
824
820
819
755
756
820
755
823
822
757
758
823
757
761
823
758
823
761
826
763
762
759
760
763
759
824
763
760
763
824
827
829
826
761
764
829
761
763
766
762
766
763
767
832
767
763
827
832
763
768
765
764
765
768
769
765
829
764
829
765
830
834
830
765
769
834
765
767
770
766
770
767
771
836
771
767
832
836
767
772
769
768
769
772
773
838
834
769
773
838
769
771
774
770
774
771
775
840
775
771
836
840
771
776
773
772
773
776
777
842
838
773
777
842
773
775
778
774
778
775
779
844
779
775
840
844
775
780
777
776
777
780
781
846
842
777
781
846
777
848
782
779
844
848
779
845
781
780
781
845
846
788
845
780
845
788
854
783
789
782
789
783
790
848
783
782
783
848
849
791
790
783
784
791
783
850
784
783
849
850
783
785
791
784
791
785
792
850
785
784
785
850
851
855
792
785
851
855
785
798
787
786
787
798
799
854
788
787
853
854
787
862
853
787
799
862
787
855
793
792
793
855
856
857
794
793
856
857
793
857
795
794
795
857
858
859
796
795
858
859
795
859
797
796
797
859
860
861
798
797
860
861
797
861
799
798
799
861
862
801
864
800
864
801
865
864
804
800
804
864
868
866
865
801
802
866
801
803
866
802
866
803
867
871
867
803
805
871
803
868
807
804
807
868
872
874
871
805
808
874
805
807
812
806
812
807
813
879
813
807
872
879
807
809
874
808
874
809
875
876
875
809
810
876
809
811
876
810
876
811
877
881
877
811
814
881
811
813
878
812
878
813
879
878
816
812
816
878
882
817
881
814
881
817
884
821
820
815
816
821
815
882
821
816
821
882
887
888
884
817
822
888
817
819
824
818
824
819
825
886
885
819
820
886
819
891
825
819
885
891
819
821
886
820
886
821
887
823
888
822
888
823
889
894
889
823
826
894
823
825
827
824
827
825
828
896
828
825
891
896
825
829
894
826
894
829
899
833
832
827
828
833
827
896
833
828
833
896
902
900
899
829
830
900
829
834
831
830
831
834
835
831
900
830
900
831
901
905
901
831
835
905
831
833
836
832
836
833
837
906
837
833
902
906
833
838
835
834
835
838
839
908
905
835
839
908
835
837
840
836
840
837
841
910
841
837
906
910
837
842
839
838
839
842
843
912
908
839
843
912
839
841
909
840
909
841
910
909
844
840
844
909
913
846
843
842
843
846
847
918
912
843
847
918
843
913
848
844
848
913
919
917
846
845
916
917
845
926
916
845
854
926
845
917
847
846
847
917
918
919
849
848
849
919
920
921
850
849
920
921
849
921
851
850
851
921
922
856
855
851
852
856
851
923
852
851
922
923
851
923
856
852
856
923
927
863
854
853
862
863
853
863
926
854
926
863
934
927
857
856
857
927
928
929
858
857
928
929
857
929
859
858
859
929
930
931
860
859
930
931
859
931
861
860
861
931
932
933
862
861
932
933
861
933
863
862
863
933
934
865
868
864
868
865
869
936
935
865
866
936
865
937
869
865
935
937
865
867
870
866
870
867
871
870
936
866
936
870
938
869
872
868
872
869
873
940
873
869
937
940
869
871
938
870
938
871
939
941
939
871
874
941
871
873
879
872
879
873
880
946
880
873
940
946
873
875
941
874
941
875
942
943
942
875
876
943
875
877
943
876
943
877
944
947
944
877
881
947
877
879
882
878
882
879
883
946
945
879
880
946
879
949
883
879
945
949
879
951
947
881
884
951
881
883
948
882
948
883
949
948
887
882
887
948
952
888
951
884
951
888
954
892
891
885
886
892
885
887
892
886
892
887
893
957
893
887
952
957
887
889
954
888
954
889
955
895
890
889
894
895
889
956
955
889
890
956
889
895
956
890
956
895
958
897
896
891
892
897
891
893
897
892
897
893
898
959
898
893
957
959
893
899
895
894
895
899
900
960
958
895
900
960
895
897
902
896
902
897
903
904
903
897
898
904
897
959
904
898
904
959
963
901
960
900
960
901
961
964
961
901
905
964
901
903
906
902
906
903
907
963
962
903
904
963
903
965
907
903
962
965
903
967
964
905
908
967
905
907
910
906
910
907
911
968
911
907
965
968
907
912
967
908
967
912
970
914
913
909
910
914
909
911
914
910
914
911
915
971
915
911
968
971
911
918
970
912
970
918
978
920
919
913
914
920
913
915
920
914
920
915
921
979
921
915
971
979
915
976
917
916
917
976
977
926
976
916
976
926
988
978
918
917
977
978
917
980
922
921
979
980
921
980
923
922
923
980
981
928
927
923
924
928
923
982
924
923
981
982
923
925
928
924
928
925
929
982
925
924
925
982
983
989
929
925
983
989
925
934
988
926
988
934
994
990
930
929
989
990
929
990
931
930
931
990
991
992
932
931
991
992
931
992
933
932
933
992
993
994
934
933
993
994
933
938
937
935
936
938
935
996
995
937
938
996
937
998
940
937
995
998
937
939
996
938
996
939
997
999
997
939
941
999
939
998
946
940
946
998
1003
1000
999
941
942
1000
941
943
1000
942
1000
943
1001
1002
1001
943
944
1002
943
947
1002
944
1002
947
1004
950
949
945
946
950
945
1003
950
946
950
1003
1006
1007
1004
947
951
1007
947
949
952
948
952
949
953
1006
1005
949
950
1006
949
1009
953
949
1005
1009
949
1011
1007
951
954
1011
951
953
1008
952
1008
953
1009
1008
957
952
957
1008
1014
955
1011
954
1011
955
1012
1013
1012
955
956
1013
955
958
1013
956
1013
958
1016
1017
959
957
1014
1017
957
960
1016
958
1016
960
1018
1020
963
959
1017
1020
959
961
1018
960
1018
961
1019
1021
1019
961
964
1021
961
963
965
962
965
963
966
1022
966
963
1020
1022
963
967
1021
964
1021
967
1023
969
968
965
966
969
965
1022
969
966
969
1022
1024
1026
1023
967
970
1026
967
969
971
968
971
969
972
1027
972
969
1024
1027
969
978
1026
970
1026
978
1033
980
979
971
972
980
971
973
980
972
980
973
981
1027
973
972
973
1027
1028
1034
981
973
1028
1034
973
975
986
974
986
975
987
1029
975
974
975
1029
1030
986
1029
974
1029
986
1039
988
987
975
976
988
975
1031
976
975
1030
1031
975
1031
977
976
977
1031
1032
1033
978
977
1032
1033
977
1035
982
981
1034
1035
981
1035
983
982
983
1035
1036
990
989
983
984
990
983
1037
984
983
1036
1037
983
985
990
984
990
985
991
1037
985
984
985
1037
1038
992
991
985
986
992
985
1039
986
985
1038
1039
985
987
992
986
992
987
993
994
993
987
988
994
987
1041
1040
995
996
1041
995
1043
998
995
1040
1043
995
997
1041
996
1041
997
1042
1044
1042
997
999
1044
997
1043
1003
998
1003
1043
1048
1045
1044
999
1000
1045
999
1001
1045
1000
1045
1001
1046
1047
1046
1001
1002
1047
1001
1004
1047
1002
1047
1004
1049
1050
1006
1003
1048
1050
1003
1007
1049
1004
1049
1007
1051
1010
1009
1005
1006
1010
1005
1050
1010
1006
1010
1050
1053
1054
1051
1007
1011
1054
1007
1009
1014
1008
1014
1009
1015
1053
1052
1009
1010
1053
1009
1058
1015
1009
1052
1058
1009
1055
1054
1011
1012
1055
1011
1013
1055
1012
1055
1013
1056
1060
1056
1013
1016
1060
1013
1015
1057
1014
1057
1015
1058
1057
1017
1014
1017
1057
1061
1018
1060
1016
1060
1018
1063
1065
1020
1017
1061
1065
1017
1019
1063
1018
1063
1019
1064
1067
1064
1019
1021
1067
1019
1065
1022
1020
1022
1065
1068
1070
1067
1021
1023
1070
1021
1068
1024
1022
1024
1068
1071
1073
1070
1023
1026
1073
1023
1025
1027
1024
1027
1025
1028
1071
1025
1024
1025
1071
1072
1074
1028
1025
1072
1074
1025
1033
1073
1026
1073
1033
1080
1074
1034
1028
1034
1074
1081
1077
1030
1029
1076
1077
1029
1086
1076
1029
1039
1086
1029
1077
1031
1030
1031
1077
1078
1079
1032
1031
1078
1079
1031
1079
1033
1032
1033
1079
1080
1081
1035
1034
1035
1081
1082
1083
1036
1035
1082
1083
1035
1083
1037
1036
1037
1083
1084
1085
1038
1037
1084
1085
1037
1085
1039
1038
1039
1085
1086
1041
1087
1040
1087
1041
1088
1087
1043
1040
1043
1087
1090
1089
1088
1041
1042
1089
1041
1044
1089
1042
1089
1044
1092
1096
1048
1043
1090
1096
1043
1045
1092
1044
1092
1045
1093
1094
1093
1045
1046
1094
1045
1047
1094
1046
1094
1047
1095
1101
1095
1047
1049
1101
1047
1096
1050
1048
1050
1096
1102
1107
1101
1049
1051
1107
1049
1102
1053
1050
1053
1102
1108
1110
1107
1051
1054
1110
1051
1053
1058
1052
1058
1053
1059
1114
1059
1053
1108
1114
1053
1055
1110
1054
1110
1055
1111
1112
1111
1055
1056
1112
1055
1060
1112
1056
1112
1060
1118
1062
1061
1057
1058
1062
1057
1059
1113
1058
1113
1059
1114
1113
1062
1058
1062
1113
1119
1063
1118
1060
1118
1063
1123
1066
1065
1061
1062
1066
1061
1119
1066
1062
1066
1119
1125
1124
1123
1063
1064
1124
1063
1067
1124
1064
1124
1067
1128
1069
1068
1065
1066
1069
1065
1125
1069
1066
1069
1125
1129
1132
1128
1067
1070
1132
1067
1069
1071
1068
1071
1069
1072
1133
1072
1069
1129
1133
1069
1073
1132
1070
1132
1073
1135
1133
1074
1072
1074
1133
1136
1143
1135
1073
1080
1143
1073
1075
1081
1074
1081
1075
1082
1136
1075
1074
1075
1136
1137
1144
1082
1075
1137
1144
1075
1139
1077
1076
1077
1139
1140
1086
1139
1076
1139
1086
1148
1141
1078
1077
1140
1141
1077
1141
1079
1078
1079
1141
1142
1143
1080
1079
1142
1143
1079
1144
1083
1082
1083
1144
1145
1146
1084
1083
1145
1146
1083
1146
1085
1084
1085
1146
1147
1148
1086
1085
1147
1148
1085
1091
1090
1087
1088
1091
1087
1089
1091
1088
1091
1089
1092
1091
1096
1090
1096
1091
1097
1098
1097
1091
1092
1098
1091
1093
1098
1092
1098
1093
1099
1100
1099
1093
1094
1100
1093
1095
1100
1094
1100
1095
1101
1097
1102
1096
1102
1097
1103
1104
1103
1097
1098
1104
1097
1099
1104
1098
1104
1099
1105
1106
1105
1099
1100
1106
1099
1101
1106
1100
1106
1101
1107
1103
1108
1102
1108
1103
1109
1150
1149
1103
1104
1150
1103
1154
1109
1103
1149
1154
1103
1105
1150
1104
1150
1105
1151
1152
1151
1105
1106
1152
1105
1107
1152
1106
1152
1107
1153
1156
1153
1107
1110
1156
1107
1109
1114
1108
1114
1109
1115
1157
1115
1109
1154
1157
1109
1111
1116
1110
1116
1111
1117
1116
1156
1110
1156
1116
1158
1118
1117
1111
1112
1118
1111
1120
1119
1113
1114
1120
1113
1115
1120
1114
1120
1115
1121
1160
1121
1115
1157
1160
1115
1117
1158
1116
1158
1117
1159
1123
1122
1117
1118
1123
1117
1161
1159
1117
1122
1161
1117
1126
1125
1119
1120
1126
1119
1121
1126
1120
1126
1121
1127
1164
1127
1121
1160
1164
1121
1123
1161
1122
1161
1123
1162
1163
1162
1123
1124
1163
1123
1128
1163
1124
1163
1128
1166
1130
1129
1125
1126
1130
1125
1127
1130
1126
1130
1127
1131
1169
1131
1127
1164
1169
1127
1132
1166
1128
1166
1132
1171
1168
1167
1129
1130
1168
1129
1172
1133
1129
1167
1172
1129
1131
1168
1130
1168
1131
1169
1135
1171
1132
1171
1135
1178
1179
1136
1133
1172
1179
1133
1135
1142
1134
1142
1135
1143
1177
1135
1134
1135
1177
1178
1142
1177
1134
1177
1142
1187
1179
1137
1136
1137
1179
1180
1145
1144
1137
1138
1145
1137
1181
1138
1137
1180
1181
1137
1181
1145
1138
1145
1181
1188
1185
1140
1139
1184
1185
1139
1191
1184
1139
1148
1191
1139
1185
1141
1140
1141
1185
1186
1187
1142
1141
1186
1187
1141
1189
1146
1145
1188
1189
1145
1189
1147
1146
1147
1189
1190
1191
1148
1147
1190
1191
1147
1155
1154
1149
1150
1155
1149
1151
1192
1150
1192
1151
1193
1192
1155
1150
1155
1192
1197
1194
1193
1151
1152
1194
1151
1153
1194
1152
1194
1153
1195
1200
1195
1153
1156
1200
1153
1155
1196
1154
1196
1155
1197
1196
1157
1154
1157
1196
1201
1158
1200
1156
1200
1158
1203
1205
1160
1157
1201
1205
1157
1159
1203
1158
1203
1159
1204
1208
1204
1159
1161
1208
1159
1205
1164
1160
1164
1205
1210
1209
1208
1161
1162
1209
1161
1163
1165
1162
1165
1163
1166
1165
1209
1162
1209
1165
1214
1210
1169
1164
1169
1210
1215
1171
1170
1165
1166
1171
1165
1219
1214
1165
1170
1219
1165
1173
1172
1167
1168
1173
1167
1169
1173
1168
1173
1169
1174
1220
1174
1169
1215
1220
1169
1171
1177
1170
1177
1171
1178
1177
1219
1170
1219
1177
1225
1173
1179
1172
1179
1173
1180
1181
1180
1173
1174
1181
1173
1175
1181
1174
1181
1175
1182
1220
1175
1174
1175
1220
1221
1183
1182
1175
1176
1183
1175
1222
1176
1175
1221
1222
1175
1222
1183
1176
1183
1222
1226
1230
1225
1177
1187
1230
1177
1189
1188
1181
1182
1189
1181
1183
1189
1182
1189
1183
1190
1191
1190
1183
1184
1191
1183
1227
1184
1183
1226
1227
1183
1227
1185
1184
1185
1227
1228
1229
1186
1185
1228
1229
1185
1229
1187
1186
1187
1229
1230
1193
1197
1192
1197
1193
1198
1199
1198
1193
1194
1199
1193
1195
1199
1194
1199
1195
1200
1197
1201
1196
1201
1197
1202
1232
1231
1197
1198
1232
1197
1235
1202
1197
1231
1235
1197
1199
1232
1198
1232
1199
1233
1234
1233
1199
1200
1234
1199
1203
1234
1200
1234
1203
1238
1206
1205
1201
1202
1206
1201
1235
1206
1202
1206
1235
1239
1208
1207
1203
1204
1208
1203
1241
1238
1203
1207
1241
1203
1211
1210
1205
1206
1211
1205
1239
1211
1206
1211
1239
1242
1213
1212
1207
1208
1213
1207
1243
1241
1207
1212
1243
1207
1209
1213
1208
1213
1209
1214
1211
1215
1210
1215
1211
1216
1244
1216
1211
1242
1244
1211
1213
1217
1212
1217
1213
1218
1217
1243
1212
1243
1217
1245
1219
1218
1213
1214
1219
1213
1221
1220
1215
1216
1221
1215
1244
1221
1216
1221
1244
1246
1224
1223
1217
1218
1224
1217
1249
1245
1217
1223
1249
1217
1219
1224
1218
1224
1219
1225
1247
1222
1221
1246
1247
1221
1247
1226
1222
1226
1247
1250
1229
1228
1223
1224
1229
1223
1252
1249
1223
1228
1252
1223
1225
1229
1224
1229
1225
1230
1250
1227
1226
1227
1250
1251
1252
1228
1227
1251
1252
1227
1236
1235
1231
1232
1236
1231
1233
1236
1232
1236
1233
1237
1238
1237
1233
1234
1238
1233
1254
1253
1235
1236
1254
1235
1256
1239
1235
1253
1256
1235
1237
1254
1236
1254
1237
1255
1241
1240
1237
1238
1241
1237
1258
1255
1237
1240
1258
1237
1260
1242
1239
1256
1260
1239
1241
1258
1240
1258
1241
1259
1263
1259
1241
1243
1263
1241
1260
1244
1242
1244
1260
1264
1267
1263
1243
1245
1267
1243
1264
1246
1244
1246
1264
1268
1271
1267
1245
1249
1271
1245
1268
1247
1246
1247
1268
1269
1251
1250
1247
1248
1251
1247
1270
1248
1247
1269
1270
1247
1249
1251
1248
1251
1249
1252
1270
1249
1248
1249
1270
1271
1257
1256
1253
1254
1257
1253
1255
1257
1254
1257
1255
1258
1257
1260
1256
1260
1257
1261
1262
1261
1257
1258
1262
1257
1259
1262
1258
1262
1259
1263
1261
1264
1260
1264
1261
1265
1266
1265
1261
1262
1266
1261
1263
1266
1262
1266
1263
1267
1265
1268
1264
1268
1265
1269
1270
1269
1265
1266
1270
1265
1267
1270
1266
1270
1267
1271
