25.29
-14.35
30.65
25.07
-14.33
30.63
25.80
-14.46
29.86
25.46
-14.49
30.14
25.07
-14.45
30.13
25.91
-14.54
29.28
25.50
-14.67
29.33
25.06
-14.56
29.36
26.06
-14.60
28.46
25.57
-14.75
28.47
25.09
-14.62
28.48
26.63
-14.49
27.08
26.26
-14.63
27.52
25.67
-14.77
27.58
25.15
-14.63
27.59
26.65
-14.52
26.55
26.23
-14.71
26.70
25.71
-14.75
26.77
25.23
-14.58
26.79
26.63
-14.49
26.04
26.24
-14.61
26.03
25.74
-14.61
26.08
25.33
-14.49
26.20
25.25
-13.67
31.45
25.00
-13.67
31.42
25.36
-14.00
31.01
24.91
-13.94
30.94
26.00
-14.11
30.07
25.68
-14.16
30.54
24.72
-14.11
30.23
26.24
-14.14
29.37
24.65
-14.21
29.40
26.46
-14.18
28.57
24.65
-14.25
28.49
26.89
-14.11
27.19
26.65
-14.22
27.81
24.70
-14.24
27.57
26.98
-14.10
26.44
24.83
-14.16
26.69
26.90
-14.10
25.58
26.33
-14.31
25.38
25.72
-14.28
25.45
25.11
-14.04
25.81
27.04
-13.84
24.57
26.42
-14.00
24.52
25.75
-13.86
24.63
25.25
-13.77
25.08
27.62
-13.47
23.18
27.26
-13.65
23.59
26.56
-13.71
23.61
26.02
-13.67
23.92
27.64
-13.44
22.73
27.30
-13.59
22.84
26.84
-13.53
22.85
27.62
-13.37
22.36
27.36
-13.43
22.36
27.05
-13.41
22.41
25.82
-12.88
31.67
25.39
-13.18
31.72
24.87
-13.21
31.67
26.06
-13.08
31.17
25.68
-13.55
31.22
24.49
-13.33
31.14
24.09
-12.95
30.96
26.24
-13.47
30.41
25.88
-13.78
30.76
24.34
-13.58
30.31
23.98
-13.04
30.30
26.55
-13.53
29.51
24.27
-13.69
29.43
23.91
-13.09
29.44
27.12
-13.16
28.20
26.82
-13.54
28.64
24.25
-13.71
28.50
23.90
-13.10
28.52
27.19
-13.42
27.46
26.90
-13.76
27.97
24.30
-13.68
27.58
23.94
-13.05
27.61
27.34
-13.46
26.48
24.41
-13.55
26.68
24.05
-12.95
26.78
27.40
-13.48
25.56
24.58
-13.24
25.75
24.18
-12.84
26.16
27.51
-13.41
24.66
25.40
-13.33
24.27
24.98
-13.23
24.87
27.85
-13.11
23.31
27.65
-13.31
23.88
26.25
-13.42
23.27
25.78
-13.24
23.59
27.87
-13.02
22.67
26.42
-13.12
22.69
25.94
-12.93
23.02
27.73
-12.97
22.15
27.37
-13.03
22.00
26.91
-13.02
22.15
25.09
-11.96
32.89
24.63
-11.94
32.87
24.20
-11.74
32.82
25.95
-12.27
31.97
25.34
-12.37
32.34
24.63
-12.49
32.18
24.05
-12.00
32.20
26.81
-11.89
30.90
26.43
-12.30
31.25
24.31
-12.77
31.60
23.89
-12.37
31.34
26.97
-12.03
30.30
26.64
-12.69
30.40
23.67
-12.42
30.40
27.15
-12.19
29.48
26.85
-12.86
29.59
23.58
-12.44
29.47
27.32
-12.46
28.52
27.00
-12.97
28.92
23.57
-12.43
28.54
27.88
-11.95
27.05
27.59
-12.47
27.46
23.63
-12.36
27.63
27.97
-12.02
26.36
27.69
-12.71
26.46
23.77
-12.24
26.78
28.05
-12.10
25.49
27.77
-12.80
25.54
24.38
-12.36
25.34
24.02
-12.23
26.03
28.11
-12.20
24.57
27.84
-12.85
24.69
25.17
-12.83
24.08
24.80
-12.41
24.47
28.10
-12.41
23.60
27.89
-12.89
24.04
25.40
-12.65
23.54
25.05
-12.10
23.69
28.11
-12.31
22.62
26.21
-12.42
22.28
25.66
-12.30
22.85
25.26
-11.93
23.16
27.91
-12.19
21.74
27.39
-12.39
21.52
26.76
-12.29
21.66
27.86
-11.71
20.94
27.43
-11.84
20.86
26.99
-11.86
21.05
27.83
-11.46
20.51
27.59
-11.51
20.47
24.93
-10.56
34.39
24.58
-10.58
34.45
24.26
-10.54
34.41
25.60
-10.82
33.70
25.19
-10.83
33.96
24.64
-10.95
34.02
24.16
-10.77
34.01
25.78
-11.02
33.23
25.27
-11.44
33.29
24.63
-11.42
33.41
24.00
-11.16
33.24
26.11
-11.42
32.45
25.59
-11.78
32.74
23.57
-11.25
32.32
23.20
-10.86
31.93
26.94
-11.28
31.08
26.59
-11.47
31.68
23.44
-11.60
31.37
23.10
-10.96
31.28
27.20
-11.29
30.34
23.32
-11.72
30.44
23.02
-11.01
30.42
27.43
-11.36
29.49
23.27
-11.75
29.50
22.99
-11.03
29.51
27.93
-11.06
28.01
27.67
-11.45
28.53
23.27
-11.72
28.56
23.01
-11.01
28.60
28.01
-11.30
27.33
27.78
-11.75
27.78
23.34
-11.62
27.67
23.08
-10.96
27.78
28.17
-11.28
26.41
23.48
-11.33
26.78
23.19
-10.87
27.18
28.28
-11.31
25.48
24.19
-11.43
25.18
23.84
-11.38
25.93
28.36
-11.36
24.52
24.55
-11.43
24.40
28.42
-11.42
23.53
24.84
-11.34
23.65
28.41
-11.43
22.57
26.02
-11.83
22.00
25.59
-11.46
22.33
25.15
-11.31
22.98
28.32
-11.31
21.66
26.29
-11.53
21.44
25.85
-11.19
21.72
28.18
-11.11
20.85
27.23
-11.45
20.56
26.77
-11.32
20.77
27.95
-10.97
20.29
27.46
-11.04
20.21
26.99
-10.91
20.31
24.97
-10.07
34.52
24.52
-10.07
34.66
24.11
-10.09
34.53
25.72
-10.46
33.76
25.44
-10.17
34.11
23.80
-10.22
34.10
26.02
-10.27
33.33
25.79
-9.95
33.79
23.56
-10.44
33.43
26.87
-10.08
31.95
26.50
-10.41
32.46
23.29
-10.51
32.73
23.02
-10.30
32.14
27.06
-10.42
31.34
26.75
-10.78
31.85
22.87
-10.26
31.34
27.38
-10.43
30.44
22.79
-10.26
30.44
27.63
-10.49
29.59
22.77
-10.26
29.51
28.06
-10.40
28.15
27.84
-10.56
28.81
22.81
-10.25
28.60
28.22
-10.42
27.35
22.91
-10.24
27.77
28.36
-10.43
26.44
23.38
-10.42
26.47
23.10
-10.26
27.06
28.47
-10.45
25.50
24.07
-10.47
25.08
23.72
-10.46
25.79
28.59
-10.45
24.53
24.40
-10.47
24.33
28.91
-9.91
23.07
28.71
-10.39
23.49
24.70
-10.45
23.55
28.92
-9.93
22.52
28.70
-10.54
22.53
25.35
-10.62
22.14
25.00
-10.48
22.79
28.90
-9.88
21.97
28.68
-10.33
21.60
26.11
-10.93
21.16
25.71
-10.53
21.44
28.48
-10.28
20.66
26.38
-10.67
20.66
25.96
-10.12
20.76
28.49
-9.72
19.39
28.24
-10.06
19.79
27.50
-10.12
19.66
26.74
-10.23
20.07
26.23
-9.90
20.28
28.47
-9.60
19.17
28.22
-9.65
19.20
27.82
-9.67
19.18
24.95
-9.32
34.65
24.43
-9.32
34.81
23.90
-9.34
34.67
25.43
-9.34
34.27
23.46
-9.44
34.19
23.11
-9.01
33.96
26.19
-9.39
33.27
25.83
-9.30
33.81
23.25
-9.77
33.50
22.96
-9.19
33.36
26.96
-9.36
31.98
26.59
-9.42
32.61
23.10
-9.94
32.93
22.84
-9.49
32.48
27.26
-9.44
31.28
22.66
-9.44
31.46
27.57
-9.49
30.45
22.59
-9.42
30.48
28.09
-9.17
29.11
27.85
-9.57
29.59
22.58
-9.41
29.52
28.19
-9.52
28.42
27.97
-9.89
28.95
22.65
-9.40
28.58
28.39
-9.54
27.43
22.79
-9.40
27.71
28.53
-9.56
26.49
23.30
-9.56
26.33
23.02
-9.44
26.94
28.66
-9.58
25.55
23.98
-9.50
25.02
23.62
-9.51
25.72
28.78
-9.59
24.64
24.31
-9.49
24.27
29.05
-9.36
23.22
28.90
-9.58
23.83
24.59
-9.49
23.44
29.10
-9.31
22.52
25.17
-9.96
22.03
24.89
-9.51
22.50
29.05
-9.32
21.83
28.89
-9.51
21.24
25.36
-9.74
21.47
25.06
-9.14
21.70
28.76
-9.46
20.51
25.59
-9.31
20.76
25.22
-8.93
21.14
28.63
-9.38
19.34
28.62
-9.40
19.76
27.19
-9.40
19.24
26.62
-9.40
19.63
26.07
-9.29
20.09
28.52
-9.28
19.05
28.22
-9.08
18.84
27.67
-9.10
18.82
28.05
-8.70
18.49
27.80
-8.72
18.47
24.91
-8.43
34.75
24.33
-8.42
34.97
23.67
-8.39
34.90
23.19
-8.00
34.77
25.41
-8.44
34.33
23.35
-8.75
34.49
22.97
-8.36
34.21
26.23
-8.49
33.25
25.84
-8.45
33.81
22.70
-8.44
33.39
27.01
-8.46
32.01
26.62
-8.48
32.65
22.54
-8.55
32.48
27.38
-8.47
31.29
22.42
-8.53
31.49
28.05
-8.08
29.93
27.76
-8.47
30.44
22.38
-8.54
30.50
28.21
-8.41
29.30
27.94
-8.82
29.79
22.40
-8.49
29.52
28.42
-8.58
28.39
22.51
-8.47
28.55
28.60
-8.67
27.45
22.69
-8.47
27.64
28.74
-8.72
26.51
23.24
-8.85
26.26
22.98
-8.47
26.75
28.87
-8.75
25.58
23.91
-8.50
24.99
23.49
-8.49
25.74
23.19
-8.12
26.20
29.25
-8.34
24.20
29.02
-8.75
24.66
24.24
-8.50
24.24
29.26
-8.61
23.48
29.05
-8.97
23.98
24.49
-8.49
23.42
29.33
-8.57
22.54
24.70
-8.46
22.54
29.26
-8.53
21.61
29.05
-8.88
21.09
24.88
-8.34
21.73
29.24
-8.17
20.95
28.98
-8.55
20.43
25.46
-8.41
20.42
25.11
-8.29
21.04
28.69
-9.00
19.26
28.74
-8.62
19.52
26.97
-8.85
18.99
26.50
-8.60
19.22
25.93
-8.47
19.76
28.60
-8.95
19.01
28.45
-8.49
18.84
27.22
-8.49
18.59
26.75
-8.27
18.75
28.06
-8.20
18.34
27.62
-8.23
18.26
23.41
-6.80
35.56
23.10
-6.77
35.45
24.89
-7.47
34.84
24.30
-7.43
35.19
23.63
-7.32
35.30
22.97
-7.21
35.03
25.40
-7.49
34.34
22.60
-7.51
34.28
26.22
-7.60
33.23
25.84
-7.51
33.76
22.38
-7.67
33.43
27.02
-7.49
32.04
26.60
-7.52
32.67
22.23
-7.72
32.52
27.42
-7.48
31.37
22.09
-7.61
31.52
21.83
-7.05
31.19
28.14
-7.35
29.98
27.79
-7.45
30.65
22.13
-7.68
30.51
21.87
-7.05
30.53
28.75
-6.97
28.76
28.48
-7.39
29.17
22.16
-7.50
29.53
21.93
-7.00
29.89
28.89
-7.05
28.20
28.67
-7.72
28.32
22.33
-7.50
28.53
29.05
-7.09
27.41
28.83
-7.85
27.44
22.55
-7.49
27.61
29.23
-7.13
26.50
28.97
-7.92
26.52
22.84
-7.46
26.80
29.80
-6.80
24.93
29.47
-7.18
25.45
29.12
-7.99
25.62
23.88
-7.51
24.93
23.50
-7.47
25.58
23.14
-7.39
26.15
29.88
-6.97
24.28
29.48
-7.69
24.47
29.20
-8.13
24.91
24.19
-7.51
24.21
29.97
-7.07
23.44
29.60
-7.79
23.49
24.42
-7.50
23.40
29.99
-7.09
22.58
29.64
-7.80
22.57
24.59
-7.48
22.54
29.93
-7.03
21.78
29.59
-7.70
21.69
24.75
-7.45
21.69
29.81
-6.93
21.18
29.47
-7.39
20.85
29.13
-7.62
20.14
25.30
-7.54
20.18
24.97
-7.46
20.90
28.86
-7.59
19.39
26.26
-7.96
19.02
25.76
-7.57
19.37
28.51
-7.48
18.65
27.04
-7.88
18.27
26.54
-7.70
18.50
26.02
-7.16
18.61
28.01
-7.27
17.94
27.33
-7.40
17.80
26.67
-7.16
17.92
26.22
-6.88
18.07
27.81
-6.81
17.39
27.50
-6.90
17.33
23.95
-6.02
35.69
23.52
-6.24
35.70
22.96
-6.20
35.56
24.91
-6.47
34.92
24.30
-6.42
35.41
23.82
-6.69
35.54
22.40
-6.31
35.07
21.74
-5.88
34.79
21.35
-5.63
34.59
25.40
-6.49
34.33
22.14
-6.78
34.29
21.64
-6.23
34.19
21.22
-5.75
34.11
26.20
-6.87
33.20
25.87
-6.49
33.63
21.98
-6.99
33.45
21.55
-6.41
33.41
21.13
-5.87
33.39
26.99
-6.49
32.06
26.50
-6.50
32.74
26.16
-6.13
33.16
21.89
-7.06
32.60
21.51
-6.49
32.54
21.11
-5.94
32.58
27.42
-6.49
31.41
21.84
-7.05
31.88
21.51
-6.50
31.53
21.13
-5.98
31.88
28.19
-6.45
30.06
27.82
-6.47
30.74
21.58
-6.46
30.54
28.80
-6.44
28.82
28.54
-6.45
29.35
22.00
-6.82
29.21
21.73
-6.43
29.64
28.99
-6.39
28.22
22.09
-6.52
28.48
21.79
-6.13
28.97
29.17
-6.30
27.46
22.40
-6.52
27.56
29.41
-6.29
26.59
22.73
-6.50
26.77
30.00
-6.20
25.01
29.69
-6.28
25.73
23.85
-6.55
24.87
23.48
-6.52
25.48
23.09
-6.48
26.09
30.21
-6.25
24.26
24.14
-6.53
24.18
30.32
-6.36
23.42
24.36
-6.52
23.38
30.33
-6.39
22.55
24.50
-6.51
22.51
30.23
-6.37
21.72
24.62
-6.51
21.62
30.00
-6.33
20.95
29.59
-6.54
20.31
29.25
-6.93
19.92
25.06
-6.70
20.04
24.78
-6.54
20.74
29.40
-6.21
19.70
29.06
-6.63
19.32
25.34
-6.69
19.31
28.68
-6.52
18.52
25.62
-6.48
18.54
28.25
-6.36
17.75
27.08
-6.83
17.35
26.60
-6.60
17.43
26.00
-6.26
17.74
27.83
-6.16
17.08
27.29
-6.38
16.97
26.69
-6.07
16.88
26.23
-5.90
17.12
27.63
-5.78
16.63
27.29
-5.82
16.54
26.90
-5.74
16.53
23.99
-5.33
35.76
23.46
-5.37
35.85
22.86
-5.38
35.75
24.95
-5.48
34.96
24.47
-5.44
35.45
22.26
-5.38
35.45
21.67
-5.24
35.12
21.20
-5.13
34.72
25.38
-5.48
34.35
20.89
-5.16
34.13
25.78
-5.46
33.70
20.75
-5.28
33.36
26.98
-5.49
32.03
26.53
-5.47
32.61
26.14
-5.38
33.14
20.73
-5.37
32.49
27.41
-5.50
31.41
21.18
-5.95
31.17
20.83
-5.47
31.52
28.20
-5.49
30.05
27.81
-5.49
30.76
21.23
-5.85
30.47
20.84
-5.26
30.57
28.81
-5.89
28.81
28.59
-5.49
29.24
21.35
-5.70
29.66
20.94
-5.07
29.73
28.97
-5.71
28.30
28.83
-5.13
28.56
21.92
-5.62
28.17
21.52
-5.43
28.84
21.12
-4.94
29.10
29.19
-5.36
27.56
29.00
-4.94
28.03
22.24
-5.56
27.43
29.51
-5.39
26.65
22.62
-5.53
26.68
30.22
-5.37
25.08
29.86
-5.39
25.85
23.80
-5.66
24.81
23.44
-5.58
25.37
23.02
-5.53
25.99
30.82
-4.91
23.94
30.54
-5.40
24.27
24.06
-5.58
24.17
30.91
-4.97
23.31
30.64
-5.63
23.39
24.27
-5.56
23.37
30.92
-4.99
22.50
30.64
-5.69
22.52
24.39
-5.55
22.49
30.85
-4.97
21.68
30.54
-5.64
21.64
24.46
-5.53
21.53
30.71
-4.92
21.02
30.31
-5.44
20.67
29.84
-5.82
20.14
24.84
-6.06
19.92
24.52
-5.49
20.39
24.27
-4.89
19.96
30.10
-5.11
19.96
29.60
-5.47
19.47
29.17
-5.89
19.07
24.97
-5.99
19.31
24.59
-5.40
19.45
24.28
-4.83
19.40
29.28
-5.17
18.80
28.90
-5.57
18.42
25.16
-5.78
18.55
24.68
-5.23
18.71
24.34
-4.74
18.79
28.44
-5.42
17.63
25.44
-5.35
17.70
24.79
-4.89
18.12
24.44
-4.64
18.36
28.02
-5.36
16.96
26.47
-5.57
16.65
26.06
-5.30
16.90
27.67
-5.27
16.52
27.24
-5.25
16.36
26.71
-5.26
16.40
26.33
-5.10
16.51
24.01
-4.45
35.82
23.41
-4.46
35.96
22.78
-4.49
35.90
24.98
-4.49
34.97
24.52
-4.47
35.48
22.16
-4.51
35.67
21.56
-4.46
35.33
21.01
-4.38
34.87
25.37
-4.49
34.36
20.53
-4.34
34.18
20.15
-3.91
33.85
25.74
-4.48
33.71
20.38
-4.60
33.33
20.03
-3.99
33.25
26.97
-4.52
31.99
26.53
-4.49
32.54
26.11
-4.47
33.10
20.33
-4.71
32.45
19.96
-4.05
32.43
27.39
-4.52
31.40
20.36
-4.72
31.52
19.97
-4.04
31.53
28.14
-4.49
30.07
27.78
-4.51
30.77
20.42
-4.59
30.60
20.03
-3.97
30.67
28.47
-4.46
29.34
20.53
-4.32
29.67
20.14
-3.88
30.00
28.74
-4.34
28.63
21.79
-4.97
27.95
21.44
-4.72
28.35
20.93
-4.28
28.79
29.24
-4.40
27.35
28.98
-4.29
27.98
21.99
-4.57
27.36
21.50
-4.17
27.85
21.12
-3.94
28.21
29.58
-4.44
26.62
22.47
-4.55
26.55
30.74
-4.03
24.74
30.42
-4.42
25.14
29.97
-4.45
25.90
23.73
-4.97
24.75
23.41
-4.65
25.15
22.94
-4.56
25.81
30.91
-4.28
24.17
30.66
-4.72
24.55
23.90
-4.64
24.21
23.61
-4.29
24.66
31.08
-4.24
23.35
24.14
-4.65
23.36
31.13
-4.24
22.49
24.25
-4.64
22.50
31.06
-4.24
21.62
24.27
-4.61
21.62
30.85
-4.28
20.76
30.53
-4.72
20.38
24.22
-4.53
20.76
24.09
-4.29
20.10
30.71
-4.03
20.14
30.34
-4.41
19.78
29.83
-4.59
19.19
24.06
-4.20
19.43
29.37
-4.48
18.53
28.94
-4.81
18.14
24.15
-4.16
18.78
29.07
-4.06
18.01
28.55
-4.36
17.52
28.18
-3.94
17.13
25.35
-4.42
17.36
24.77
-4.26
17.84
24.36
-4.16
18.27
28.02
-4.51
16.82
27.97
-4.05
16.84
26.32
-4.23
16.49
25.96
-4.47
16.76
27.66
-4.65
16.44
27.23
-4.59
16.30
26.66
-4.53
16.34
26.29
-4.71
16.47
23.99
-3.49
35.88
23.35
-3.51
36.06
22.66
-3.57
36.02
24.99
-3.50
34.98
24.54
-3.49
35.51
22.06
-3.69
35.82
21.46
-3.64
35.53
20.85
-3.53
35.11
25.36
-3.50
34.36
20.38
-3.53
34.56
19.99
-3.33
34.04
25.71
-3.50
33.70
19.74
-3.31
33.30
26.94
-3.57
31.95
26.51
-3.53
32.49
26.09
-3.50
33.07
19.64
-3.36
32.43
27.34
-3.56
31.38
19.63
-3.35
31.53
28.08
-3.50
30.08
27.72
-3.52
30.76
19.71
-3.29
30.61
28.39
-3.48
29.35
20.30
-3.69
29.34
19.95
-3.29
29.72
28.67
-3.44
28.63
20.51
-3.41
28.70
20.10
-3.06
29.08
29.24
-3.47
27.26
28.94
-3.43
27.93
21.89
-3.62
27.03
21.43
-3.44
27.53
20.96
-3.35
28.04
29.60
-3.49
26.60
22.32
-3.56
26.35
30.79
-3.34
24.80
30.43
-3.44
25.36
30.00
-3.49
25.97
23.24
-3.92
25.09
22.82
-3.54
25.52
31.05
-3.38
24.15
23.78
-3.84
23.98
23.43
-3.63
24.55
23.07
-3.20
24.86
31.22
-3.38
23.36
23.97
-3.86
23.28
31.27
-3.38
22.48
24.06
-3.83
22.49
31.22
-3.38
21.58
24.06
-3.79
21.68
31.06
-3.38
20.71
24.01
-3.73
20.93
23.89
-3.52
20.26
30.81
-3.36
19.95
30.40
-3.55
19.31
29.99
-3.96
19.00
23.89
-3.43
19.48
30.09
-3.16
18.70
29.70
-3.74
18.55
24.04
-3.42
18.75
29.77
-2.94
18.29
29.28
-3.31
18.03
28.58
-3.39
17.52
28.00
-3.41
17.10
25.37
-3.56
17.29
24.74
-3.48
17.76
24.31
-3.50
18.21
27.79
-4.14
16.58
27.67
-3.74
16.68
26.39
-3.73
16.56
25.92
-3.71
16.84
27.61
-4.23
16.40
27.30
-3.97
16.39
26.80
-3.90
16.38
23.96
-2.49
35.94
23.25
-2.49
36.19
22.39
-2.57
36.17
21.59
-2.18
36.07
20.97
-2.01
35.84
24.98
-2.52
34.98
24.53
-2.51
35.53
21.96
-3.04
35.94
21.40
-2.85
35.75
20.63
-2.53
35.36
20.04
-2.14
35.00
25.35
-2.52
34.35
20.24
-2.87
34.79
19.80
-2.52
34.35
25.69
-2.52
33.67
19.40
-2.47
33.41
19.07
-1.96
33.09
26.89
-2.70
31.90
26.49
-2.57
32.40
26.07
-2.53
33.01
19.31
-2.63
32.45
18.99
-1.99
32.41
27.26
-2.65
31.37
19.29
-2.63
31.54
18.98
-2.00
31.60
28.00
-2.52
30.06
27.63
-2.54
30.75
19.33
-2.45
30.58
19.02
-1.97
30.93
28.33
-2.51
29.34
19.59
-2.45
29.65
28.62
-2.49
28.60
20.34
-2.61
28.36
19.92
-2.44
28.89
29.23
-2.54
27.21
28.91
-2.50
27.88
21.77
-2.93
26.85
21.34
-2.62
27.20
20.79
-2.59
27.78
29.60
-2.54
26.59
22.02
-2.57
26.28
21.57
-2.22
26.71
30.82
-2.46
24.85
30.44
-2.50
25.45
30.01
-2.54
26.01
22.51
-2.53
25.40
31.11
-2.46
24.17
23.67
-3.33
23.77
23.38
-3.01
24.04
22.91
-2.47
24.45
31.29
-2.46
23.36
23.75
-3.23
23.23
23.42
-2.70
23.33
23.03
-2.13
23.48
31.35
-2.46
22.47
23.79
-3.14
22.48
23.45
-2.53
22.50
23.10
-1.97
22.62
31.31
-2.46
21.55
23.80
-3.09
21.70
23.44
-2.38
21.58
23.14
-1.90
21.93
31.17
-2.46
20.63
23.82
-3.14
21.06
23.61
-2.64
20.56
30.92
-2.45
19.73
30.61
-2.80
19.24
23.72
-2.56
19.53
30.74
-2.09
19.18
30.37
-2.37
18.77
24.26
-2.29
18.19
24.00
-2.53
18.63
29.84
-2.31
18.25
29.22
-2.41
17.89
28.45
-2.48
17.52
27.55
-2.60
17.15
26.56
-2.46
17.11
25.61
-2.64
17.30
24.68
-2.56
17.83
24.28
-2.87
18.20
27.24
-3.23
16.72
26.60
-3.18
16.72
26.03
-3.15
16.92
27.13
-3.52
16.47
26.84
-3.49
16.47
22.88
-0.90
36.67
22.45
-0.90
36.71
21.99
-0.82
36.67
23.95
-1.48
36.01
23.20
-1.38
36.40
22.42
-1.54
36.46
21.61
-1.25
36.39
20.73
-1.28
35.98
20.15
-0.99
35.72
24.96
-1.55
34.97
24.53
-1.52
35.53
20.35
-1.73
35.55
19.78
-1.33
35.18
19.29
-0.92
34.82
25.31
-1.55
34.33
19.44
-1.71
34.41
19.08
-1.09
34.25
25.64
-1.54
33.63
19.22
-1.86
33.77
18.90
-1.34
33.41
26.84
-2.02
31.83
26.50
-1.57
32.18
26.02
-1.54
32.92
18.71
-1.30
32.46
27.11
-1.83
31.39
26.85
-1.20
31.56
18.69
-1.35
31.55
27.90
-1.54
30.01
27.45
-1.48
30.75
27.12
-1.01
31.10
19.11
-1.83
30.22
18.81
-1.39
30.63
28.25
-1.53
29.29
19.25
-1.59
29.49
18.87
-1.13
29.89
28.57
-1.52
28.54
20.18
-1.99
28.14
19.71
-1.59
28.55
29.22
-1.63
27.16
28.89
-1.54
27.79
21.07
-1.95
27.12
20.53
-1.76
27.56
19.99
-1.14
27.78
29.59
-1.59
26.58
21.83
-1.64
26.01
21.29
-1.49
26.60
20.67
-1.12
27.02
20.22
-0.85
27.30
30.82
-1.53
24.89
30.41
-1.55
25.51
30.00
-1.64
26.04
22.21
-1.60
25.28
31.12
-1.52
24.19
22.51
-1.54
24.41
31.30
-1.51
23.37
22.66
-1.41
23.49
31.37
-1.51
22.47
22.76
-1.34
22.57
31.34
-1.50
21.54
23.18
-1.79
21.21
22.88
-1.36
21.63
31.22
-1.51
20.62
23.20
-1.64
20.45
22.87
-1.16
20.87
31.03
-1.51
19.79
23.45
-1.64
19.49
30.78
-1.44
19.16
30.38
-1.49
18.66
24.22
-1.78
18.17
23.85
-1.52
18.58
29.86
-1.51
18.22
29.20
-1.52
17.88
28.39
-1.51
17.61
27.47
-1.52
17.40
26.49
-1.49
17.35
25.52
-1.55
17.47
24.63
-1.56
17.81
24.18
-1.19
18.07
22.94
-0.36
36.71
22.46
-0.27
36.80
21.91
-0.25
36.75
23.99
-0.50
36.01
23.39
-0.44
36.44
21.34
-0.35
36.54
20.64
-0.37
36.23
20.03
-0.32
35.88
24.92
-0.66
34.93
24.52
-0.55
35.47
19.55
-0.38
35.42
19.12
-0.28
34.92
25.23
-0.61
34.30
18.79
-0.33
34.25
25.55
-0.58
33.59
18.53
-0.43
33.42
26.29
-0.53
32.18
25.89
-0.55
32.86
18.33
-0.43
32.46
18.04
0.06
32.10
26.66
-0.40
31.55
18.35
-0.61
31.51
18.04
0.03
31.44
27.83
-0.64
29.89
27.45
-0.52
30.46
27.04
-0.35
30.98
18.45
-0.60
30.59
18.11
0.03
30.67
28.15
-0.58
29.24
19.03
-0.92
29.19
18.61
-0.38
29.60
18.22
0.09
30.03
28.49
-0.54
28.46
19.27
-0.75
28.53
18.87
-0.13
28.68
29.22
-0.90
27.09
28.89
-0.52
27.60
19.54
-0.33
27.78
19.10
0.05
28.10
29.95
-0.23
26.04
29.57
-0.55
26.53
29.17
-0.16
27.02
21.70
-0.96
25.80
21.25
-0.57
26.11
20.61
-0.39
26.66
20.05
-0.27
27.14
30.77
-0.60
24.92
30.31
-0.57
25.61
29.97
-0.91
26.07
21.92
-0.73
25.20
21.56
-0.32
25.53
31.08
-0.60
24.20
22.19
-0.74
24.36
31.25
-0.57
23.38
22.32
-0.69
23.47
31.31
-0.55
22.47
22.41
-0.64
22.54
31.28
-0.55
21.53
22.48
-0.61
21.59
31.17
-0.56
20.61
22.95
-1.00
20.15
22.55
-0.49
20.57
22.23
0.09
20.29
30.99
-0.65
19.80
23.12
-0.85
19.48
22.68
-0.28
19.69
22.31
0.21
19.74
30.73
-0.69
19.18
30.32
-0.64
18.69
23.51
-0.47
18.64
22.84
0.05
19.07
22.45
0.34
19.31
29.83
-0.71
18.26
29.19
-0.66
17.96
28.38
-0.55
17.72
27.43
-0.50
17.54
26.40
-0.49
17.47
25.37
-0.55
17.49
24.69
-0.72
17.63
24.16
-0.52
17.91
24.99
-0.28
17.43
24.65
-0.31
17.49
24.36
-0.28
17.60
22.94
0.21
36.71
22.50
0.51
36.80
21.87
0.50
36.79
23.95
0.46
35.93
23.32
0.50
36.45
22.87
0.83
36.67
21.25
0.51
36.62
20.56
0.53
36.34
19.90
0.54
35.98
24.87
0.05
34.86
24.52
0.44
35.26
19.40
0.46
35.56
18.95
0.55
35.05
25.08
0.32
34.31
24.79
0.77
34.68
18.53
0.54
34.33
25.40
0.34
33.54
18.19
0.47
33.49
17.86
0.90
33.08
26.10
0.37
32.11
25.73
0.41
32.77
18.09
0.21
32.79
17.82
0.65
32.38
26.47
0.48
31.47
17.74
0.71
31.48
27.75
0.04
29.78
27.40
0.39
30.15
26.92
0.50
30.79
17.82
0.70
30.63
27.95
0.36
29.24
27.62
0.76
29.63
18.30
0.49
29.27
18.01
0.67
29.87
28.31
0.43
28.44
18.57
0.60
28.56
28.69
0.50
27.63
19.37
0.47
27.43
18.93
0.64
27.90
29.94
0.40
25.93
29.53
0.41
26.39
29.09
0.58
26.93
20.99
0.25
25.85
20.43
0.39
26.34
19.85
0.48
26.87
30.72
0.25
24.86
30.32
0.37
25.42
21.78
-0.15
24.92
21.39
0.27
25.18
30.98
0.27
24.19
21.90
-0.08
24.29
21.53
0.49
24.34
31.13
0.32
23.39
21.99
-0.01
23.45
21.61
0.60
23.46
31.18
0.39
22.49
22.05
0.03
22.54
21.66
0.66
22.52
31.14
0.38
21.54
22.11
0.05
21.65
21.72
0.69
21.57
30.98
0.42
20.56
30.73
0.86
20.12
22.18
0.05
20.93
21.90
0.59
20.61
30.82
0.11
19.76
30.51
0.69
19.56
22.02
0.77
19.79
30.62
-0.08
19.22
30.13
0.30
18.86
29.42
0.75
18.46
28.83
0.96
18.16
25.77
0.96
17.68
25.20
0.85
17.76
24.50
0.76
17.93
23.72
0.48
18.26
22.89
0.69
18.76
22.33
0.82
19.19
29.77
-0.08
18.37
29.23
0.12
18.13
28.41
0.47
17.88
27.39
0.54
17.61
26.26
0.56
17.55
25.30
0.23
17.58
24.65
0.27
17.68
24.20
0.05
17.82
24.97
-0.01
17.46
24.64
-0.01
17.50
24.37
-0.07
17.58
22.32
1.27
36.77
21.82
1.25
36.77
23.86
1.37
35.83
23.32
1.45
36.27
22.75
1.47
36.59
21.27
1.39
36.62
20.52
1.47
36.37
19.73
1.51
36.00
19.24
1.88
35.71
24.31
1.46
35.21
19.30
1.16
35.64
18.86
1.53
35.25
25.02
1.01
34.07
24.72
1.52
34.41
18.26
1.53
34.41
17.83
1.91
33.94
25.23
1.16
33.45
24.96
1.83
33.60
18.01
1.20
33.76
17.64
1.63
33.30
17.32
2.11
32.99
25.94
1.09
32.04
25.53
1.45
32.58
25.17
1.98
32.97
17.49
1.45
32.40
17.22
2.07
32.41
26.19
1.45
31.42
25.76
1.82
31.91
17.39
1.54
31.47
17.17
2.07
31.79
27.22
1.13
30.06
26.76
1.46
30.53
17.53
1.45
30.52
27.84
1.09
29.04
27.45
1.51
29.45
27.01
1.84
29.93
18.09
1.12
29.09
17.76
1.45
29.57
28.07
1.39
28.40
27.71
1.80
28.79
18.24
1.42
28.44
17.85
1.80
28.86
28.48
1.48
27.55
19.21
1.09
27.19
18.72
1.47
27.56
29.89
0.99
25.78
29.51
1.19
26.17
28.99
1.55
26.70
20.76
0.80
25.67
20.24
1.15
25.93
19.55
1.31
26.59
19.01
1.77
26.87
30.61
0.89
24.79
30.18
1.36
25.19
29.61
1.78
25.76
29.22
1.99
26.16
20.96
0.92
25.13
20.47
1.42
25.18
30.81
1.02
24.21
30.51
1.69
24.32
21.09
1.07
24.35
20.60
1.59
24.37
30.94
1.14
23.43
30.67
1.84
23.53
21.17
1.18
23.47
20.69
1.71
23.49
30.95
1.33
22.52
30.72
1.91
22.84
21.22
1.27
22.54
20.76
1.78
22.62
30.96
1.21
21.62
21.22
1.43
21.54
20.82
1.83
21.90
30.84
1.21
20.86
30.56
1.41
20.30
21.44
1.39
20.57
30.20
1.43
19.64
29.78
1.86
19.36
21.67
1.50
19.72
29.94
1.12
19.07
29.39
1.59
18.80
28.58
1.67
18.21
27.98
1.98
17.88
25.76
1.44
17.64
25.16
1.43
17.80
24.43
1.42
17.98
23.62
1.38
18.23
22.81
1.46
18.58
22.13
1.55
19.03
28.14
1.26
17.85
27.38
1.66
17.50
26.36
1.55
17.38
26.90
2.15
16.92
26.42
2.10
16.86
26.20
2.34
16.68
26.73
2.33
16.60
26.49
2.34
16.54
26.29
2.41
16.51
22.20
1.81
36.70
21.84
1.80
36.72
23.75
2.10
35.74
23.26
2.42
36.05
22.42
2.29
36.47
21.52
2.28
36.55
20.60
2.44
36.37
19.81
2.51
36.09
19.21
2.61
35.74
24.05
2.46
35.23
23.65
2.81
35.63
18.70
2.54
35.26
24.46
2.52
34.40
18.16
2.54
34.62
17.67
2.60
34.01
17.36
2.89
33.66
24.75
2.64
33.56
17.47
2.29
33.53
17.22
2.68
33.17
25.37
2.23
32.35
25.06
2.67
32.74
17.06
2.73
32.37
26.02
2.35
31.13
25.57
2.56
31.75
25.23
2.94
32.14
17.19
2.10
31.12
17.01
2.65
31.46
26.44
2.38
30.45
17.26
2.15
30.43
17.01
2.84
30.51
27.21
2.39
29.21
26.80
2.52
29.77
17.41
2.27
29.56
17.10
2.95
29.65
27.95
2.12
28.13
27.58
2.48
28.51
18.02
2.12
28.15
17.60
2.55
28.60
17.23
3.05
28.96
28.17
2.46
27.49
27.76
2.84
27.93
18.26
2.41
27.42
17.79
2.82
27.84
28.65
2.50
26.67
19.91
1.71
25.74
19.43
1.98
26.03
18.77
2.50
26.44
29.94
2.35
24.96
29.51
2.53
25.49
29.06
2.62
26.03
20.00
1.91
25.17
19.49
2.35
25.29
18.95
2.88
25.44
30.21
2.47
24.27
20.09
2.09
24.39
19.56
2.58
24.44
19.08
3.07
24.57
30.38
2.54
23.46
20.16
2.22
23.48
19.56
2.79
23.49
19.15
3.16
23.85
30.74
1.91
22.19
30.44
2.53
22.47
30.14
3.03
22.00
20.28
2.26
22.54
19.73
2.79
22.50
30.73
1.82
21.58
30.42
2.36
21.52
30.07
2.96
21.37
20.90
1.92
21.18
20.46
2.27
21.55
19.84
2.84
21.56
30.68
1.73
21.03
30.36
2.08
20.67
29.94
2.79
20.57
20.99
2.04
20.47
20.46
2.51
20.63
19.90
2.97
20.69
30.10
2.03
19.99
29.67
2.54
19.73
21.17
2.33
19.56
20.49
2.78
19.86
19.98
3.10
20.02
29.14
2.53
19.00
28.52
2.57
18.42
27.92
2.64
17.94
25.63
1.81
17.58
25.15
1.96
17.67
24.41
2.08
17.86
23.57
2.15
18.07
22.72
2.25
18.34
21.84
2.44
18.73
27.37
2.56
17.44
25.87
2.02
17.33
25.33
2.50
17.34
24.47
2.76
17.62
23.58
2.89
17.84
22.72
2.96
18.03
22.03
3.01
18.22
26.98
2.58
16.92
26.08
2.23
16.99
25.90
2.59
16.86
26.73
2.59
16.58
26.46
2.62
16.48
26.19
2.63
16.54
23.03
3.41
35.93
22.31
3.37
36.25
21.47
3.40
36.37
20.61
3.45
36.30
19.83
3.48
36.09
19.20
3.50
35.75
23.95
3.39
35.01
23.54
3.52
35.49
18.65
3.50
35.26
24.26
3.46
34.32
18.13
3.50
34.66
17.66
3.42
34.12
17.34
3.42
33.68
24.54
3.53
33.52
17.13
3.45
33.14
24.82
3.57
32.70
16.96
3.57
32.37
25.90
2.99
30.91
25.52
3.45
31.24
25.11
3.61
31.96
16.84
3.59
31.46
26.16
3.15
30.34
25.81
3.74
30.48
16.80
3.65
30.51
26.99
3.03
29.07
26.50
3.46
29.49
26.04
3.90
29.91
16.87
3.69
29.58
27.23
3.22
28.50
26.83
3.78
28.65
17.39
3.24
28.25
17.06
3.67
28.65
27.98
3.34
27.17
27.49
3.55
27.78
27.06
3.97
28.09
17.99
3.12
27.11
17.56
3.51
27.52
17.18
3.91
27.93
28.40
3.36
26.49
18.17
3.42
26.37
17.74
3.80
26.79
29.76
2.99
24.81
29.37
3.32
25.15
28.84
3.44
25.78
18.45
3.57
25.42
29.89
3.24
24.26
29.55
3.58
24.60
18.66
3.65
24.48
30.05
3.26
23.51
19.21
3.23
23.13
18.84
3.64
23.50
30.07
3.31
22.77
29.89
3.56
22.17
19.25
3.29
22.41
18.80
3.81
22.50
29.75
3.61
21.40
19.29
3.36
21.52
18.75
3.91
21.56
29.58
3.54
20.58
19.34
3.47
20.59
18.67
4.01
20.63
18.30
4.34
20.32
29.32
3.44
19.80
20.90
2.87
19.12
20.36
3.17
19.27
19.56
3.58
19.56
18.77
4.03
19.81
18.33
4.32
19.87
28.91
3.40
19.14
28.36
3.43
18.59
27.73
3.46
18.06
21.20
3.11
18.58
20.50
3.49
18.61
19.82
3.80
18.66
27.13
3.39
17.48
26.63
3.75
17.32
25.20
3.12
17.22
24.58
3.56
17.41
23.59
3.69
17.62
22.61
3.70
17.75
21.59
3.65
17.95
20.64
3.89
17.99
20.00
4.03
18.08
26.80
3.07
16.94
26.34
3.42
16.96
25.71
3.30
16.96
25.11
3.65
17.18
26.67
2.87
16.62
26.41
2.97
16.59
26.10
2.97
16.62
22.89
4.28
35.76
22.24
4.32
36.06
21.45
4.43
36.19
20.60
4.46
36.19
19.81
4.45
36.02
19.21
4.39
35.72
23.83
4.07
34.88
23.43
4.41
35.24
18.70
4.48
35.24
24.03
4.38
34.31
23.70
4.77
34.70
18.12
4.54
34.53
17.63
4.17
33.98
17.35
3.92
33.66
24.33
4.46
33.47
17.85
5.00
34.03
17.48
4.80
33.53
17.20
4.18
33.22
24.63
4.48
32.60
17.21
5.01
32.94
16.97
4.57
32.45
25.26
4.33
31.10
24.93
4.47
31.77
16.72
4.54
31.44
25.53
4.42
30.42
16.61
4.52
30.48
26.19
4.33
29.20
25.82
4.48
29.75
16.63
4.50
29.53
26.50
4.45
28.52
16.75
4.51
28.58
27.84
3.95
26.91
27.39
4.36
27.21
26.86
4.54
27.83
17.33
4.18
27.21
16.97
4.55
27.63
28.11
4.11
26.34
27.68
4.68
26.47
17.90
4.08
26.08
17.48
4.45
26.48
17.08
4.82
26.90
29.08
3.97
24.99
28.49
4.41
25.45
27.95
4.84
25.89
18.01
4.32
25.35
17.63
4.70
25.74
29.69
3.77
24.05
29.32
4.12
24.33
28.80
4.72
24.49
18.25
4.33
24.42
29.75
3.85
23.49
29.34
4.45
23.45
28.95
4.90
23.80
18.36
4.35
23.49
29.81
3.83
22.93
29.53
4.25
22.49
18.36
4.43
22.56
29.41
4.31
21.50
18.26
4.53
21.63
17.93
4.92
21.21
29.26
4.28
20.63
18.28
4.42
20.90
17.96
4.77
20.48
29.03
4.21
19.87
19.12
3.99
19.06
18.60
4.28
19.20
18.01
4.69
19.52
28.71
4.15
19.28
28.19
4.23
18.81
27.45
4.35
18.30
26.81
4.78
18.12
24.18
4.86
17.55
23.88
4.87
17.55
19.26
4.16
18.44
18.57
4.49
18.46
17.89
4.85
18.57
27.00
4.06
17.78
26.36
4.39
17.63
25.47
4.60
17.51
24.54
4.54
17.46
23.62
4.61
17.49
22.58
4.54
17.42
21.49
4.58
17.27
20.50
4.43
17.41
19.56
4.44
17.66
18.61
4.74
17.68
17.77
5.06
17.73
17.32
5.33
17.46
26.10
3.95
17.22
25.59
3.99
17.20
25.07
4.07
17.26
20.94
5.04
16.74
20.31
4.90
16.81
19.47
4.98
16.82
18.59
5.07
16.97
17.85
5.24
17.06
17.38
5.41
17.09
20.70
5.23
16.46
20.31
5.26
16.43
19.76
5.30
16.42
22.75
4.93
35.64
22.24
5.13
35.84
21.48
5.49
35.97
20.56
5.46
36.05
19.72
5.45
35.90
19.24
5.11
35.69
23.03
5.33
35.19
22.42
5.72
35.51
21.91
5.93
35.72
19.28
5.79
35.65
18.88
5.48
35.31
23.91
5.11
34.08
23.53
5.48
34.47
18.36
5.55
34.62
24.08
5.42
33.41
23.75
5.78
33.88
17.97
5.69
34.01
17.58
5.68
33.43
24.42
5.42
32.45
17.22
5.70
32.83
16.88
5.57
32.18
25.09
4.96
30.96
24.76
5.42
31.42
16.57
5.51
31.34
25.27
5.10
30.33
24.94
5.77
30.46
16.39
5.39
30.42
25.95
4.89
29.02
25.55
5.23
29.45
25.12
5.95
29.59
16.35
5.32
29.48
26.13
5.10
28.41
25.64
5.70
28.56
25.25
6.12
28.90
16.41
5.30
28.53
27.03
5.03
27.05
26.47
5.36
27.51
25.91
5.81
27.85
16.57
5.34
27.57
27.22
5.33
26.42
26.71
5.63
26.79
17.22
5.07
26.15
16.81
5.41
26.59
28.09
5.25
25.12
27.65
5.37
25.71
17.77
4.87
25.03
17.34
5.29
25.38
16.90
5.65
25.82
28.37
5.37
24.35
17.88
4.94
24.34
17.47
5.47
24.40
29.05
4.99
23.10
28.62
5.45
23.43
17.96
4.99
23.49
17.53
5.58
23.48
29.09
5.00
22.39
28.66
5.62
22.45
17.97
5.02
22.63
17.54
5.61
22.54
29.03
5.02
21.51
28.61
5.67
21.54
17.95
5.01
21.93
17.58
5.46
21.55
28.90
4.98
20.65
28.46
5.64
20.66
17.33
5.54
20.47
16.85
5.93
20.01
28.70
4.87
19.90
28.17
5.48
19.81
27.50
5.77
19.35
26.94
5.96
19.04
17.35
5.32
19.48
16.80
5.80
19.34
28.56
4.68
19.41
28.12
4.92
19.18
27.43
5.17
18.80
26.56
5.55
18.48
25.82
5.81
18.22
24.13
5.17
17.56
23.85
5.15
17.52
17.32
5.27
18.63
16.78
5.70
18.52
26.11
5.14
17.96
25.38
5.43
17.83
24.34
5.48
17.56
23.52
5.40
17.36
22.61
5.29
17.17
21.83
5.30
16.93
17.31
5.29
17.99
16.91
5.62
17.66
23.95
5.94
17.39
23.59
5.91
17.28
21.22
5.55
16.54
20.89
5.81
16.29
19.15
5.36
16.44
18.50
5.46
16.48
17.77
5.59
16.59
17.07
5.77
16.85
20.79
5.49
16.36
20.42
5.75
16.22
19.48
5.77
16.16
18.55
5.96
16.09
17.73
6.05
16.15
17.11
6.12
16.31
21.19
6.41
35.82
20.47
6.37
35.93
19.79
6.37
35.84
22.89
6.06
34.94
22.40
6.45
35.15
21.78
6.54
35.53
19.31
6.41
35.62
18.93
6.43
35.22
23.15
6.36
34.38
22.68
6.76
34.66
18.50
6.50
34.61
23.91
6.27
33.12
23.56
6.41
33.70
18.08
6.56
33.97
17.66
6.57
33.36
24.18
6.33
32.35
17.23
6.57
32.75
16.81
6.55
32.09
24.42
6.46
31.43
16.34
6.58
31.24
15.97
7.09
30.83
24.63
6.61
30.47
16.09
6.25
30.34
15.69
7.01
30.17
15.37
7.33
29.79
24.83
6.70
29.53
16.01
6.07
29.43
15.62
6.73
29.35
15.29
7.26
29.25
25.43
6.25
28.20
25.07
6.72
28.57
16.02
6.03
28.50
15.60
6.69
28.48
15.26
7.23
28.53
26.18
5.97
27.13
25.68
6.37
27.48
25.21
6.98
27.68
16.11
6.09
27.52
15.59
6.84
27.51
15.27
7.26
27.87
26.98
5.85
26.07
26.44
6.18
26.41
25.75
6.88
26.54
25.33
7.19
27.02
16.30
6.14
26.52
15.78
6.85
26.48
27.76
5.76
24.94
27.27
5.99
25.35
26.60
6.53
25.49
26.03
7.08
25.59
16.98
5.85
25.09
16.53
6.21
25.49
15.95
6.89
25.49
27.88
5.96
24.31
27.32
6.39
24.51
26.69
6.88
24.61
26.21
7.22
24.90
17.02
6.00
24.38
16.54
6.46
24.51
16.03
7.00
24.55
27.98
6.23
23.39
27.38
6.66
23.75
26.91
6.97
23.94
17.04
6.14
23.50
16.55
6.63
23.64
16.08
7.08
23.70
28.17
6.25
22.44
16.99
6.31
22.52
16.50
6.78
22.86
16.11
7.12
23.05
28.17
6.28
21.57
17.05
6.19
21.62
27.99
6.30
20.73
27.56
6.60
20.40
16.87
6.21
20.85
16.39
6.43
20.22
15.79
6.80
20.03
27.87
6.09
20.10
27.35
6.40
19.83
26.70
6.50
19.34
16.22
6.29
19.35
15.51
6.74
19.34
14.94
6.98
19.08
26.19
6.36
18.81
25.48
6.42
18.38
24.85
6.72
18.18
16.15
6.16
18.48
15.46
6.58
18.46
14.78
6.90
18.44
25.12
6.08
17.97
24.46
6.35
17.77
23.10
5.90
17.14
22.51
5.89
16.95
21.98
5.80
16.78
16.18
6.13
17.61
15.39
6.54
17.59
14.52
6.90
17.61
13.82
7.17
17.30
13.38
7.40
17.14
23.86
6.39
17.41
23.23
6.37
17.14
22.33
6.54
16.75
21.59
6.17
16.49
21.02
6.17
16.25
16.31
6.26
16.79
15.44
6.63
16.77
14.60
6.92
16.76
13.89
7.17
16.69
13.38
7.42
16.67
21.86
6.87
16.46
21.34
6.79
16.28
20.55
6.56
16.07
19.51
6.63
15.87
18.50
6.70
15.75
17.56
6.67
15.80
16.59
6.63
16.04
15.54
6.93
16.06
14.65
7.16
16.09
13.91
7.36
16.13
13.45
7.50
16.25
20.99
7.16
35.65
20.37
7.13
35.78
19.72
7.16
35.71
19.39
7.43
35.53
22.15
7.09
34.95
21.57
7.32
35.24
19.35
6.98
35.58
19.10
7.26
35.25
22.99
7.01
34.06
22.43
7.46
34.37
21.81
7.78
34.72
18.68
7.43
34.58
23.73
6.87
32.96
23.33
7.19
33.39
22.80
7.84
33.58
18.20
7.49
33.92
17.73
7.50
33.30
23.88
7.11
32.35
23.47
7.76
32.59
23.05
8.09
32.99
17.26
7.50
32.71
16.81
7.50
32.12
24.07
7.46
31.46
23.73
7.91
31.91
16.36
7.57
31.51
15.93
7.73
30.98
24.35
7.49
30.45
15.56
7.77
30.40
15.25
7.84
29.86
24.55
7.56
29.50
15.09
7.85
29.22
24.74
7.61
28.56
15.03
7.84
28.45
24.91
7.71
27.66
15.31
7.37
27.16
15.08
7.78
27.56
25.40
7.64
26.23
25.11
7.76
26.87
15.34
7.55
26.40
15.08
7.96
26.82
25.65
7.73
25.43
15.50
7.53
25.45
26.43
7.32
24.19
25.96
7.74
24.49
15.59
7.57
24.52
27.69
6.68
22.97
27.26
6.98
23.15
26.67
7.36
23.46
26.09
7.94
23.52
15.64
7.58
23.60
27.75
6.75
22.35
27.24
7.15
22.39
26.65
7.58
22.50
26.13
8.07
22.62
16.68
6.70
22.12
16.29
7.03
22.29
15.73
7.49
22.64
27.74
6.77
21.61
27.21
7.19
21.56
26.52
7.72
21.57
26.12
8.13
21.92
16.66
6.67
21.59
16.15
7.05
21.57
15.40
7.58
21.57
14.63
8.01
21.14
14.09
8.27
20.84
27.69
6.74
21.00
27.22
7.02
20.73
26.51
7.52
20.66
16.60
6.61
21.09
16.17
6.84
20.84
15.43
7.19
20.51
14.60
7.65
20.34
13.82
8.12
20.21
13.31
8.34
19.86
26.97
6.91
20.08
26.26
7.23
19.76
25.43
7.61
19.39
24.72
7.95
19.07
24.21
8.23
18.84
15.16
7.08
19.78
14.53
7.32
19.45
13.78
7.77
19.39
13.19
8.18
19.27
25.95
6.91
19.11
25.37
7.08
18.82
24.58
7.36
18.43
23.91
7.99
18.35
14.26
7.21
18.62
13.66
7.56
18.58
13.07
8.01
18.46
24.05
7.07
17.81
23.39
7.69
17.70
22.64
7.99
17.26
22.17
8.22
16.97
14.12
7.13
18.02
13.64
7.37
17.85
13.09
7.77
17.52
23.73
6.85
17.45
23.20
7.07
17.25
22.39
7.36
16.85
21.85
7.94
16.65
13.02
7.84
16.70
21.87
7.27
16.48
21.31
7.59
16.28
20.42
7.54
15.94
19.47
7.57
15.67
18.40
7.65
15.43
17.43
7.40
15.41
16.50
7.34
15.47
15.54
7.44
15.51
14.65
7.60
15.56
13.81
7.84
15.66
13.22
7.91
16.07
17.89
8.11
15.17
17.26
8.04
15.12
16.43
8.02
15.10
15.54
8.06
15.11
14.69
8.12
15.17
14.04
8.20
15.27
20.80
7.64
35.52
20.34
7.71
35.58
19.81
7.74
35.55
19.47
7.74
35.47
21.05
7.94
35.16
20.41
8.18
35.21
19.79
8.18
35.20
19.31
7.93
35.14
22.07
8.20
34.14
21.40
8.53
34.48
20.48
8.76
34.72
19.72
8.74
34.72
18.99
8.41
34.49
22.35
8.61
33.51
21.81
8.91
33.89
18.34
8.44
33.81
17.80
8.44
33.22
23.26
8.50
32.27
22.84
8.67
32.80
17.31
8.45
32.64
16.85
8.39
32.13
23.90
8.29
31.11
23.59
8.48
31.67
16.41
8.49
31.60
15.93
8.56
31.03
24.12
8.33
30.34
15.50
8.57
30.44
15.19
8.52
29.88
24.30
8.44
29.45
15.00
8.59
29.23
24.49
8.49
28.52
14.90
8.61
28.40
24.67
8.56
27.58
14.88
8.60
27.48
25.17
8.24
26.08
24.91
8.58
26.61
15.12
8.08
26.08
14.93
8.59
26.47
25.27
8.54
25.40
25.00
8.88
25.93
15.17
8.14
25.37
14.90
8.80
25.46
25.52
8.54
24.44
15.20
8.18
24.49
14.88
8.87
24.51
25.65
8.61
23.50
15.20
8.18
23.59
14.81
8.86
23.58
25.69
8.65
22.57
15.16
8.13
22.72
14.68
8.76
22.70
26.08
8.12
21.26
25.69
8.58
21.60
15.00
8.10
22.02
14.44
8.59
21.80
13.86
8.74
21.15
25.98
8.02
20.65
25.39
8.58
20.67
24.88
8.93
20.27
13.45
8.71
20.55
13.03
8.83
20.02
25.87
7.82
20.10
25.34
8.16
19.94
24.66
8.61
19.65
24.04
8.78
19.10
12.75
8.72
19.31
23.46
8.74
18.44
22.95
9.03
18.08
12.53
8.67
18.44
12.19
9.11
18.10
23.15
8.37
17.90
22.61
8.74
17.60
22.00
8.78
17.07
12.55
8.46
17.51
12.17
9.07
17.44
21.51
8.64
16.62
12.60
8.47
16.65
12.23
9.07
16.69
21.00
8.44
16.24
20.31
8.46
15.92
19.49
8.51
15.62
18.64
8.58
15.33
13.41
8.38
15.49
12.83
8.67
15.83
12.37
9.13
16.09
17.95
8.71
15.10
17.23
8.74
14.96
16.40
8.76
14.89
15.51
8.77
14.87
14.61
8.79
14.94
13.74
8.77
15.14
13.10
9.01
15.34
21.11
9.48
34.07
20.41
9.52
34.31
19.70
9.49
34.31
19.04
9.39
34.08
22.17
9.44
33.12
21.66
9.56
33.61
18.43
9.39
33.60
17.89
9.35
33.08
23.11
9.07
32.01
22.66
9.49
32.38
17.35
9.45
32.49
16.91
9.11
32.10
23.74
8.87
30.94
23.39
9.21
31.35
22.94
9.85
31.57
16.99
9.84
32.04
16.56
9.48
31.65
15.99
9.47
31.00
23.86
9.09
30.32
23.48
9.75
30.54
23.12
10.09
30.97
15.49
9.48
30.30
15.19
9.15
29.86
24.02
9.36
29.44
23.70
9.87
29.80
15.25
9.80
29.78
15.03
9.46
29.29
24.25
9.38
28.48
14.87
9.46
28.38
24.44
9.48
27.54
14.80
9.49
27.46
24.66
9.50
26.60
14.77
9.55
26.48
25.07
9.32
25.12
24.85
9.52
25.77
14.71
9.64
25.49
25.23
9.30
24.34
14.63
9.68
24.52
25.31
9.33
23.48
14.48
9.64
23.57
25.30
9.35
22.58
14.29
9.48
22.73
25.16
9.39
21.66
24.79
9.82
21.27
14.02
9.36
22.01
13.51
9.48
21.36
13.05
9.92
21.02
25.05
9.19
20.94
24.58
9.60
20.53
24.11
9.93
20.05
13.20
9.26
20.75
12.73
9.65
20.29
12.31
10.07
19.85
24.36
9.27
19.88
23.87
9.61
19.46
12.44
9.35
19.43
12.15
9.93
19.25
23.30
9.61
18.75
22.80
9.68
18.22
12.29
9.21
18.78
12.04
9.70
18.42
22.31
9.61
17.69
21.73
9.57
17.15
11.95
9.76
17.50
21.16
9.44
16.63
20.65
9.77
16.38
12.01
9.77
16.66
20.83
9.08
16.27
20.28
9.38
16.05
19.48
9.47
15.69
18.65
9.49
15.35
12.59
9.34
15.59
12.23
9.74
15.89
17.97
9.45
15.09
17.24
9.54
14.92
16.40
9.58
14.80
15.48
9.60
14.75
14.56
9.61
14.79
13.68
9.63
14.93
12.90
9.69
15.21
12.44
10.01
15.43
20.94
10.25
33.76
20.34
10.24
33.98
19.70
10.22
33.99
19.11
10.19
33.79
21.97
10.09
32.93
21.49
10.39
33.25
18.54
10.31
33.34
18.03
10.06
33.00
22.21
10.42
32.34
21.77
10.77
32.71
18.26
10.80
32.91
17.71
10.49
32.54
22.58
10.61
31.54
17.11
10.57
31.94
16.57
10.46
31.42
16.08
10.35
30.89
23.27
10.49
30.20
22.92
10.67
30.79
15.68
10.40
30.29
23.88
10.01
29.10
23.57
10.48
29.42
15.35
10.45
29.64
15.09
10.28
29.06
24.02
10.17
28.43
23.72
10.79
28.60
14.93
10.29
28.32
24.15
10.47
27.52
23.86
10.95
27.97
14.83
10.37
27.45
24.43
10.41
26.47
14.75
10.50
26.50
24.92
9.90
24.96
24.66
10.36
25.42
14.63
10.55
25.50
24.99
9.98
24.31
24.71
10.62
24.43
14.46
10.57
24.52
25.02
10.02
23.49
24.73
10.69
23.51
14.19
10.58
23.49
13.88
10.98
23.00
25.00
10.01
22.65
24.69
10.65
22.60
13.98
10.19
22.70
13.61
10.81
22.40
13.22
11.05
21.92
24.94
9.96
21.98
24.60
10.45
21.67
13.82
9.91
22.17
13.47
10.21
21.82
12.99
10.67
21.34
24.28
10.48
20.83
23.91
10.58
20.18
12.55
10.62
20.56
12.20
10.69
19.93
23.55
10.50
19.54
11.98
10.67
19.23
23.11
10.47
18.91
22.63
10.50
18.36
11.86
10.60
18.40
22.09
10.49
17.82
21.42
10.50
17.25
20.86
10.87
16.96
11.80
10.60
17.51
21.03
10.15
16.79
20.48
10.50
16.53
19.91
10.87
16.28
11.86
10.60
16.65
20.07
10.13
16.13
19.42
10.49
15.88
18.44
10.49
15.40
17.78
10.83
15.18
12.06
10.59
15.91
17.93
10.12
15.12
17.31
10.42
14.98
16.41
10.48
14.82
15.47
10.50
14.73
14.54
10.51
14.72
13.67
10.52
14.82
12.91
10.56
15.05
12.38
10.64
15.38
20.77
10.80
33.57
20.29
10.86
33.69
19.70
10.84
33.69
19.24
10.72
33.64
21.01
11.21
33.12
20.32
11.41
33.30
19.61
11.45
33.28
18.98
11.03
33.29
22.01
11.13
32.09
21.55
11.46
32.44
19.23
11.85
32.94
18.59
11.54
32.79
17.86
11.49
32.28
22.23
11.48
31.42
21.80
11.82
31.86
17.23
11.47
31.72
16.62
11.40
31.10
16.19
11.02
30.76
23.07
11.07
30.02
22.69
11.48
30.44
16.32
11.69
30.55
15.93
11.28
30.20
23.23
11.23
29.40
22.89
11.81
29.57
15.53
11.27
29.33
15.20
10.87
28.92
23.38
11.56
28.58
23.05
11.99
28.93
15.38
11.64
28.47
15.09
11.01
28.31
23.96
11.32
27.15
23.67
11.57
27.78
15.25
11.90
27.66
14.98
11.21
27.50
24.18
11.26
26.34
15.10
12.03
27.01
14.87
11.53
26.54
24.34
11.28
25.42
14.66
11.50
25.50
24.40
11.36
24.46
14.44
11.51
24.56
24.41
11.39
23.52
14.16
11.54
23.70
13.85
11.59
23.10
24.36
11.35
22.60
13.54
11.65
22.54
13.14
11.70
21.95
24.24
11.27
21.73
12.79
11.60
21.31
24.01
11.27
20.99
23.66
11.38
20.35
12.41
11.54
20.60
12.12
11.46
19.95
23.31
11.32
19.65
11.93
11.52
19.25
22.93
11.27
19.05
22.46
11.37
18.54
11.80
11.50
18.40
21.96
11.34
18.03
21.36
11.46
17.57
20.68
11.61
17.10
20.17
11.95
16.85
11.76
11.49
17.51
20.32
11.24
16.69
19.81
11.61
16.46
11.83
11.46
16.65
19.14
11.50
15.99
18.37
11.50
15.58
17.55
11.57
15.25
16.91
11.86
15.10
12.03
11.43
15.92
17.10
11.15
15.02
16.41
11.45
14.92
15.44
11.41
14.78
14.52
11.40
14.75
13.66
11.40
14.82
12.92
11.41
15.02
12.37
11.42
15.37
20.83
11.86
32.83
20.34
11.99
32.95
19.83
12.00
33.00
21.06
12.30
32.31
20.33
12.57
32.53
19.52
12.47
32.65
18.70
12.46
32.41
18.00
12.41
32.01
21.99
12.33
31.11
21.56
12.47
31.66
17.40
12.37
31.48
16.87
12.27
30.94
22.33
12.38
30.35
16.47
12.34
30.26
16.08
11.91
29.96
22.58
12.55
29.51
16.29
12.68
29.47
15.89
12.06
29.34
23.23
12.19
28.21
22.88
12.59
28.63
16.13
12.96
28.70
15.74
12.34
28.55
23.78
11.92
26.96
23.40
12.41
27.40
23.03
12.82
27.94
15.96
13.12
28.10
15.58
12.71
27.68
23.91
11.98
26.28
23.57
12.63
26.37
15.25
12.67
26.83
14.97
12.43
26.19
24.02
12.04
25.41
23.66
12.73
25.44
14.75
12.43
25.39
24.06
12.08
24.47
23.68
12.77
24.48
14.50
12.44
24.52
24.06
12.07
23.52
23.68
12.73
23.51
14.17
12.49
23.64
13.87
12.20
23.14
24.01
12.02
22.60
23.63
12.65
22.56
13.94
12.87
23.12
13.61
12.55
22.66
13.14
12.55
21.96
23.91
11.94
21.75
23.53
12.52
21.64
12.73
12.52
21.26
23.78
11.86
21.11
23.34
12.29
20.66
22.88
12.84
20.26
12.34
12.50
20.45
12.11
12.13
19.94
23.03
12.07
19.74
22.61
12.68
19.60
12.15
12.82
19.86
11.98
12.44
19.33
22.76
11.90
19.17
22.26
12.31
18.81
21.71
12.73
18.45
11.86
12.41
18.41
21.88
12.02
18.24
21.36
12.38
17.95
20.66
12.53
17.45
20.05
12.63
16.99
11.84
12.40
17.51
19.50
12.52
16.53
11.92
12.32
16.65
18.94
12.39
16.11
18.28
12.45
15.76
17.50
12.50
15.45
16.75
12.52
15.21
12.11
12.23
15.93
16.12
12.30
15.01
15.34
12.25
14.89
14.49
12.25
14.86
13.65
12.23
14.93
12.93
12.19
15.12
12.42
12.16
15.42
20.92
13.05
31.92
20.34
13.39
32.05
19.52
13.35
32.20
18.77
13.31
32.05
18.13
13.23
31.73
21.79
12.96
30.92
21.30
13.37
31.29
20.75
13.71
31.63
17.57
13.26
31.14
17.09
12.89
30.81
22.01
13.12
30.31
21.63
13.70
30.44
17.34
13.68
30.38
16.88
13.07
30.27
22.20
13.39
29.47
21.84
13.87
29.79
17.11
13.91
29.65
16.70
13.34
29.53
22.52
13.38
28.58
16.94
14.08
29.08
16.54
13.71
28.71
23.07
13.26
27.13
22.78
13.42
27.78
16.16
13.71
27.94
15.77
13.57
27.27
23.22
13.33
26.33
15.38
13.50
26.43
15.08
13.09
25.99
23.29
13.40
25.45
15.21
13.76
25.74
14.94
13.31
25.34
23.25
13.51
24.48
22.95
13.96
24.12
14.67
13.31
24.51
23.28
13.36
23.48
22.92
13.92
23.39
14.39
13.40
23.73
23.25
13.26
22.55
22.86
13.85
22.50
14.07
13.58
23.08
13.63
13.49
22.49
13.18
13.44
21.89
23.16
13.14
21.67
22.76
13.73
21.58
12.80
13.44
21.22
23.06
12.99
20.96
22.62
13.49
20.61
12.48
13.46
20.47
22.20
13.45
19.67
21.73
13.82
19.27
12.24
13.49
19.73
12.05
13.28
19.12
21.99
13.09
19.02
21.47
13.47
18.66
20.94
13.84
18.31
11.98
13.26
18.37
21.14
13.12
18.11
20.57
13.49
17.78
19.86
13.51
17.16
12.26
13.89
17.20
12.03
13.34
17.50
19.17
13.46
16.59
18.61
13.78
16.32
12.45
13.79
16.58
12.13
13.11
16.64
18.80
13.08
16.21
18.23
13.37
15.99
17.38
13.42
15.67
16.40
13.40
15.38
15.43
13.68
15.32
14.53
13.75
15.34
13.68
13.71
15.50
12.87
13.56
15.86
12.34
12.92
15.93
15.95
12.91
15.12
15.31
12.99
15.06
14.49
13.02
15.06
13.66
12.99
15.16
12.94
12.89
15.35
12.50
12.69
15.50
20.09
14.12
31.77
19.48
14.09
31.86
18.80
14.10
31.69
18.29
13.82
31.57
20.99
14.21
30.99
20.53
14.26
31.41
18.50
14.47
31.18
18.02
14.02
31.11
21.30
14.36
30.30
18.33
14.74
30.66
17.84
14.41
30.39
22.02
13.99
29.11
21.62
14.46
29.42
17.49
14.53
29.60
22.21
14.08
28.40
21.79
14.72
28.47
17.18
14.63
28.88
16.77
14.47
28.34
22.81
13.81
26.97
22.45
14.16
27.44
21.97
14.87
27.56
16.40
14.47
27.68
16.00
14.36
27.05
22.87
13.94
26.33
22.43
14.56
26.44
22.07
15.01
26.83
15.67
14.40
26.30
22.94
13.98
25.53
22.57
14.54
25.46
15.35
14.43
25.42
15.05
13.95
25.08
22.96
13.99
24.83
22.66
14.43
24.47
15.18
14.71
24.55
14.88
14.06
24.46
22.57
14.50
23.47
14.97
14.88
23.80
14.65
14.22
23.73
22.48
14.48
22.53
14.76
15.01
23.25
14.32
14.52
22.97
13.74
14.39
22.31
13.28
14.26
21.78
22.36
14.41
21.60
12.94
14.30
21.16
22.12
14.35
20.67
21.72
14.76
20.28
12.67
14.38
20.38
21.95
14.12
19.94
21.48
14.52
19.55
21.02
14.84
19.12
12.41
14.34
19.42
12.16
13.87
19.00
21.25
14.18
18.90
20.78
14.53
18.56
12.39
14.56
18.48
12.13
13.93
18.42
20.23
14.44
17.92
19.62
14.43
17.34
12.44
14.48
17.57
12.15
13.94
17.82
19.03
14.36
16.83
18.36
14.48
16.44
17.74
14.77
16.24
12.75
14.52
16.75
18.00
14.08
16.09
17.34
14.35
15.94
16.41
14.40
15.71
15.48
14.49
15.62
14.58
14.53
15.66
13.78
14.46
15.81
13.14
14.40
16.15
19.95
14.57
31.53
19.51
14.61
31.56
19.07
14.58
31.51
20.72
14.70
30.81
20.22
14.82
31.07
19.55
14.97
31.09
18.94
14.87
31.07
20.85
14.95
30.23
20.25
15.33
30.29
19.51
15.38
30.43
18.71
15.24
30.29
18.13
14.96
30.06
21.04
15.25
29.38
20.53
15.55
29.68
18.40
15.57
29.47
17.88
15.14
29.43
21.32
15.40
28.43
18.16
15.81
28.82
17.55
15.43
28.53
16.99
15.09
28.08
21.52
15.55
27.47
17.25
15.76
27.78
16.69
15.33
27.38
16.22
14.99
26.91
22.14
15.10
26.10
21.78
15.55
26.46
16.43
15.61
26.69
16.04
15.24
26.28
22.20
15.14
25.37
21.81
15.73
25.45
15.73
15.29
25.41
22.22
15.13
24.46
21.83
15.78
24.48
15.51
15.44
24.55
22.18
15.14
23.50
21.80
15.79
23.51
15.27
15.56
23.74
22.11
15.12
22.56
21.72
15.76
22.55
14.93
15.63
23.04
14.40
15.39
22.52
13.80
15.24
21.93
13.38
14.87
21.65
22.01
15.04
21.68
21.60
15.66
21.61
13.53
15.59
21.30
13.17
15.04
21.15
21.89
14.94
20.99
21.50
15.37
20.67
13.35
15.83
20.73
12.99
15.33
20.38
21.17
15.31
19.87
20.76
15.43
19.29
12.76
15.32
19.44
20.39
15.32
18.66
12.73
15.41
18.53
19.93
15.26
18.06
19.28
15.36
17.51
18.67
15.72
17.24
12.84
15.38
17.65
18.90
15.04
17.03
18.31
15.34
16.80
17.47
15.41
16.43
16.78
15.69
16.34
14.29
15.79
16.33
13.75
15.66
16.52
13.16
15.32
16.84
17.08
15.03
16.11
16.38
15.27
16.04
15.48
15.27
15.93
14.60
15.34
16.01
13.83
15.13
16.13
13.33
14.97
16.33
20.02
15.73
29.85
19.53
15.77
29.88
19.03
15.70
29.84
20.73
15.76
29.02
20.23
15.93
29.28
19.54
16.09
29.24
18.88
15.97
29.27
20.84
15.97
28.35
20.24
16.32
28.46
19.48
16.54
28.42
18.57
16.36
28.42
17.88
16.10
28.13
20.95
16.30
27.39
20.30
16.71
27.72
19.76
16.87
27.90
18.25
16.70
27.78
17.57
16.46
27.40
16.95
16.02
27.06
21.27
16.32
26.40
17.17
16.82
26.53
16.65
16.22
26.37
16.23
15.84
26.01
21.40
16.39
25.45
16.96
17.05
25.93
16.54
16.73
25.47
16.08
16.02
25.36
21.43
16.43
24.49
16.25
16.85
24.51
15.86
16.16
24.51
21.41
16.44
23.53
16.00
16.95
23.68
15.61
16.31
23.65
21.31
16.42
22.57
15.77
17.05
23.04
15.26
16.56
22.70
14.55
16.15
22.13
14.07
15.87
21.80
21.10
16.41
21.59
20.66
16.84
21.22
15.04
16.99
22.02
14.48
16.78
21.52
13.91
16.20
21.28
21.01
16.10
20.68
20.48
16.69
20.48
20.04
17.03
20.13
14.14
16.95
20.88
13.63
16.52
20.45
13.20
16.00
20.10
20.88
15.88
20.03
20.42
16.18
19.60
19.85
16.84
19.49
13.41
16.69
19.55
13.08
16.10
19.42
20.05
16.00
18.79
19.57
16.58
18.75
13.34
16.75
18.91
13.10
16.28
18.58
19.74
15.86
18.26
19.18
16.24
18.02
18.34
16.40
17.48
17.50
16.69
17.22
16.82
16.81
17.05
13.61
16.58
17.45
13.22
16.22
17.72
18.03
15.98
17.00
17.38
16.12
16.80
16.46
16.32
16.63
15.50
16.39
16.56
14.62
16.28
16.58
13.85
16.29
16.95
13.36
15.98
17.13
16.11
15.85
16.26
15.49
15.87
16.20
14.89
15.86
16.22
19.25
16.92
27.98
18.81
16.86
27.97
20.69
16.85
26.92
20.16
17.22
27.03
19.43
17.24
27.46
18.63
17.20
27.44
17.98
17.25
27.01
20.87
16.93
26.26
20.40
17.44
26.23
17.57
17.46
26.37
20.99
17.01
25.41
20.54
17.56
25.38
17.20
17.57
25.72
16.84
17.48
25.15
21.03
17.04
24.49
20.59
17.60
24.48
16.60
17.55
24.40
21.01
17.04
23.55
20.58
17.59
23.54
16.33
17.60
23.58
20.94
17.00
22.66
20.50
17.53
22.61
15.99
17.63
22.77
15.56
17.27
22.43
20.82
16.95
21.94
20.35
17.39
21.61
19.85
17.77
21.20
15.83
17.91
22.20
15.37
17.62
21.87
14.82
17.55
21.25
20.20
17.22
20.84
19.74
17.54
20.45
14.37
17.52
20.64
13.96
17.31
20.12
19.33
17.50
19.57
18.82
17.84
19.28
13.76
17.29
19.42
19.10
17.18
18.79
18.56
17.65
18.71
13.67
17.18
18.63
13.35
16.77
18.36
18.86
16.92
18.25
18.22
17.25
18.05
17.38
17.33
17.65
16.47
17.32
17.38
15.55
17.45
17.44
14.72
17.37
17.56
13.93
17.09
17.80
13.44
16.74
17.93
16.13
16.90
16.96
15.46
16.94
16.97
14.70
16.89
17.05
14.12
16.80
17.22
19.83
17.69
26.70
19.32
17.79
26.81
18.69
17.80
26.84
18.21
17.76
26.70
19.92
17.90
26.12
19.28
18.25
26.08
18.63
18.24
26.25
18.00
18.07
26.12
20.04
18.04
25.34
19.49
18.44
25.29
17.51
18.18
25.37
17.10
17.98
24.97
20.11
18.10
24.46
19.57
18.52
24.43
17.39
18.43
24.71
16.99
18.20
24.34
20.10
18.10
23.55
19.57
18.52
23.52
16.71
18.24
23.50
20.04
18.04
22.66
19.51
18.46
22.59
16.43
18.31
22.70
19.95
17.94
21.93
19.39
18.31
21.56
18.80
18.65
21.18
16.10
18.44
22.00
15.61
18.35
21.47
15.10
18.23
20.95
19.23
18.12
20.59
18.66
18.54
20.48
14.69
18.17
20.27
14.23
17.81
19.93
19.04
18.00
19.91
18.51
18.31
19.64
14.70
18.31
19.52
14.17
17.84
19.39
18.00
18.20
18.86
17.24
18.39
18.61
16.46
18.46
18.51
15.66
18.43
18.56
14.89
18.26
18.79
14.20
17.78
18.73
17.85
17.83
18.29
17.25
17.91
18.09
16.45
17.96
17.96
15.61
17.97
17.98
14.84
17.86
18.09
14.27
17.63
18.17
18.95
18.59
25.72
18.55
18.60
25.76
18.15
18.50
25.74
18.99
18.72
25.18
18.47
18.78
25.16
17.95
18.62
25.19
19.00
18.80
24.39
18.39
18.90
24.37
17.72
18.76
24.37
17.26
18.61
24.05
18.99
18.84
23.51
18.35
18.99
23.47
17.68
18.94
23.44
17.13
18.71
23.39
18.95
18.82
22.63
18.30
19.02
22.53
17.55
19.07
22.51
16.91
18.83
22.56
18.90
18.75
21.90
18.29
18.97
21.53
17.31
19.23
21.48
16.55
19.04
21.65
15.91
18.99
21.07
15.38
18.71
20.78
18.03
18.95
20.58
17.21
19.28
20.60
16.53
19.35
20.37
15.92
19.18
20.43
15.26
18.76
20.29
17.90
18.79
19.78
17.21
19.06
19.78
16.51
19.14
19.71
15.83
19.04
19.71
15.22
18.75
19.66
17.72
18.64
19.22
17.18
18.79
19.14
16.48
18.86
19.08
15.78
18.81
19.10
15.25
18.67
19.16
16.92
19.47
21.15
16.54
19.42
21.14
16.19
19.36
20.99
16.89
19.50
20.84
16.53
19.51
20.77
16.19
19.44
20.74
