3
1
0
1
3
4
1
25
0
25
1
26
25
3
0
3
25
28
29
26
1
4
29
1
5
3
2
3
5
6
3
27
2
27
3
28
27
5
2
5
27
30
7
4
3
6
7
3
7
29
4
29
7
31
9
6
5
8
9
5
32
8
5
30
32
5
9
7
6
7
9
10
33
31
7
10
33
7
12
9
8
9
12
13
32
12
8
12
32
35
14
10
9
13
14
9
14
33
10
33
14
36
16
12
11
15
16
11
35
34
11
12
35
11
37
15
11
34
37
11
16
13
12
13
16
17
18
14
13
17
18
13
18
36
14
36
18
38
20
16
15
19
20
15
39
19
15
37
39
15
20
17
16
17
20
21
22
18
17
21
22
17
22
38
18
38
22
42
40
20
19
39
40
19
40
21
20
21
40
41
42
22
21
41
42
21
26
24
23
25
26
23
59
58
23
24
59
23
61
25
23
58
61
23
26
59
24
59
26
62
65
28
25
61
65
25
29
62
26
62
29
66
65
64
27
28
65
27
68
30
27
64
68
27
69
66
29
31
69
29
68
32
30
32
68
72
73
69
31
33
73
31
72
35
32
35
72
76
77
73
33
36
77
33
35
75
34
75
35
76
75
37
34
37
75
79
38
77
36
77
38
80
82
39
37
79
82
37
42
80
38
80
42
83
44
40
39
43
44
39
85
43
39
82
85
39
44
41
40
41
44
45
46
42
41
45
46
41
46
83
42
83
46
87
49
44
43
48
49
43
89
48
43
85
89
43
49
45
44
45
49
50
87
46
45
86
87
45
91
86
45
50
91
45
52
48
47
51
52
47
89
88
47
48
89
47
92
51
47
88
92
47
52
49
48
49
52
53
91
50
49
90
91
49
93
90
49
53
93
49
55
52
51
54
55
51
95
54
51
92
95
51
55
53
52
53
55
56
97
93
53
56
97
53
95
55
54
55
95
96
97
56
55
96
97
55
61
58
57
60
61
57
102
101
57
58
102
57
106
60
57
101
106
57
59
102
58
102
59
103
107
103
59
62
107
59
64
61
60
61
64
65
106
64
60
64
106
110
66
63
62
63
66
67
63
107
62
107
63
108
111
108
63
67
111
63
110
68
64
68
110
113
69
67
66
67
69
70
114
111
67
70
114
67
113
72
68
72
113
116
74
70
69
73
74
69
74
114
70
114
74
117
76
72
71
75
76
71
116
115
71
72
116
71
119
75
71
115
119
71
78
74
73
77
78
73
78
117
74
117
78
120
122
79
75
119
122
75
81
78
77
80
81
77
81
120
78
120
81
123
125
82
79
122
125
79
83
81
80
81
83
84
127
123
81
84
127
81
125
85
82
85
125
129
127
84
83
126
127
83
131
126
83
87
131
83
133
89
85
129
133
85
130
87
86
87
130
131
91
130
86
130
91
134
89
132
88
132
89
133
132
92
88
92
132
136
93
91
90
91
93
94
138
134
91
94
138
91
136
95
92
95
136
140
138
94
93
137
138
93
142
137
93
97
142
93
141
96
95
140
141
95
141
97
96
97
141
142
102
99
98
99
102
103
99
156
98
156
99
157
156
102
98
102
156
160
104
100
99
103
104
99
158
157
99
100
158
99
104
158
100
158
104
161
160
159
101
102
160
101
164
106
101
159
164
101
108
104
103
107
108
103
108
161
104
161
108
165
110
106
105
109
110
105
164
163
105
106
164
105
167
109
105
163
167
105
111
165
108
165
111
168
113
110
109
112
113
109
170
112
109
167
170
109
171
168
111
114
171
111
115
113
112
113
115
116
170
115
112
115
170
174
117
171
114
171
117
175
178
119
115
174
178
115
179
175
117
120
179
117
121
119
118
119
121
122
119
177
118
177
119
178
177
121
118
121
177
181
123
179
120
179
123
182
125
122
121
124
125
121
184
124
121
181
184
121
186
182
123
127
186
123
128
125
124
125
128
129
184
128
124
128
184
187
185
127
126
127
185
186
131
185
126
185
131
188
132
129
128
129
132
133
187
132
128
132
187
189
134
131
130
131
134
135
190
188
131
135
190
131
189
136
132
136
189
191
138
135
134
135
138
139
194
190
135
139
194
135
191
140
136
140
191
195
193
138
137
192
193
137
196
192
137
142
196
137
193
139
138
139
193
194
143
141
140
141
143
144
195
143
140
143
195
198
145
142
141
144
145
141
145
196
142
196
145
200
147
144
143
146
147
143
201
146
143
198
201
143
199
145
144
145
199
200
147
199
144
199
147
202
201
147
146
147
201
202
152
149
148
149
152
153
149
204
148
204
149
205
204
152
148
152
204
208
154
150
149
153
154
149
206
205
149
150
206
149
154
206
150
206
154
209
156
152
151
155
156
151
208
207
151
152
208
151
210
155
151
207
210
151
156
153
152
153
156
157
158
154
153
157
158
153
158
209
154
209
158
212
160
156
155
159
160
155
214
159
155
210
214
155
161
212
158
212
161
215
218
164
159
214
218
159
166
162
161
165
166
161
216
215
161
162
216
161
166
216
162
216
166
219
218
217
163
164
218
163
220
167
163
217
220
163
169
166
165
168
169
165
169
219
166
219
169
221
222
170
167
220
222
167
171
169
168
169
171
172
223
221
169
172
223
169
222
174
170
174
222
225
176
172
171
175
176
171
176
223
172
223
176
226
178
174
173
177
178
173
225
224
173
174
225
173
227
177
173
224
227
173
180
176
175
179
180
175
180
226
176
226
180
228
229
181
177
227
229
177
183
180
179
182
183
179
183
228
180
228
183
231
232
184
181
229
232
181
230
183
182
183
230
231
186
230
182
230
186
234
232
187
184
187
232
235
234
186
185
233
234
185
236
233
185
188
236
185
238
189
187
235
238
187
190
236
188
236
190
239
241
191
189
238
241
189
194
239
190
239
194
243
245
195
191
241
245
191
196
193
192
193
196
197
243
194
193
242
243
193
247
242
193
197
247
193
248
198
195
245
248
195
246
197
196
197
246
247
200
246
196
246
200
249
248
201
198
201
248
252
203
200
199
202
203
199
203
249
200
249
203
254
253
202
201
252
253
201
253
203
202
203
253
254
205
259
204
259
205
260
259
208
204
208
259
262
261
260
205
206
261
205
209
261
206
261
209
263
211
210
207
208
211
207
262
211
208
211
262
266
267
263
209
212
267
209
211
265
210
265
211
266
265
214
210
214
265
270
215
267
212
267
215
271
218
214
213
217
218
213
270
269
213
214
270
213
273
217
213
269
273
213
272
271
215
216
272
215
219
272
216
272
219
274
275
220
217
273
275
217
276
274
219
221
276
219
275
222
220
222
275
278
279
276
221
223
279
221
278
225
222
225
278
281
282
279
223
226
282
223
225
280
224
280
225
281
280
227
224
227
280
283
228
282
226
282
228
284
285
229
227
283
285
227
231
284
228
284
231
287
288
232
229
285
288
229
286
231
230
231
286
287
234
286
230
286
234
290
288
235
232
235
288
291
290
234
233
289
290
233
292
289
233
236
292
233
294
238
235
291
294
235
239
292
236
292
239
295
241
238
237
240
241
237
294
293
237
238
294
237
296
240
237
293
296
237
298
295
239
243
298
239
244
241
240
241
244
245
296
244
240
244
296
299
297
243
242
243
297
298
247
297
242
297
247
301
299
245
244
245
299
300
303
248
245
300
303
245
249
247
246
247
249
250
304
301
247
250
304
247
303
252
248
252
303
307
255
250
249
254
255
249
255
304
250
304
255
310
257
252
251
256
257
251
307
306
251
252
307
251
311
256
251
306
311
251
257
253
252
253
257
258
309
254
253
308
309
253
313
308
253
258
313
253
309
255
254
255
309
310
311
257
256
257
311
312
313
258
257
312
313
257
317
316
259
260
317
259
320
262
259
316
320
259
261
317
260
317
261
318
321
318
261
263
321
261
320
266
262
266
320
324
268
264
263
267
268
263
322
321
263
264
322
263
268
322
264
322
268
325
324
323
265
266
324
265
327
270
265
323
327
265
272
268
267
271
272
267
272
325
268
325
272
328
327
326
269
270
327
269
329
273
269
326
329
269
274
328
272
328
274
330
332
275
273
329
332
273
276
330
274
330
276
333
335
278
275
332
335
275
279
333
276
333
279
336
281
278
277
280
281
277
335
334
277
278
335
277
337
280
277
334
337
277
338
336
279
282
338
279
337
283
280
283
337
339
284
338
282
338
284
340
341
285
283
339
341
283
287
340
284
340
287
343
344
288
285
341
344
285
342
287
286
287
342
343
290
342
286
342
290
346
344
291
288
291
344
349
346
290
289
345
346
289
350
345
289
292
350
289
352
294
291
349
352
291
295
350
292
350
295
353
352
351
293
294
352
293
354
296
293
351
354
293
355
353
295
298
355
295
354
299
296
299
354
356
302
298
297
301
302
297
302
355
298
355
302
358
357
300
299
356
357
299
357
303
300
303
357
360
305
302
301
304
305
301
305
358
302
358
305
362
364
307
303
360
364
303
361
305
304
305
361
362
310
361
304
361
310
367
307
363
306
363
307
364
363
311
306
311
363
368
365
309
308
309
365
366
313
365
308
365
313
370
367
310
309
366
367
309
369
312
311
368
369
311
314
313
312
313
314
315
369
314
312
314
369
372
373
370
313
315
373
313
372
315
314
315
372
373
317
376
316
376
317
377
376
320
316
320
376
380
378
377
317
318
378
317
321
319
318
319
321
322
319
378
318
378
319
379
381
379
319
322
381
319
380
324
320
324
380
383
325
381
322
381
325
384
383
382
323
324
383
323
386
327
323
382
386
323
387
384
325
328
387
325
327
385
326
385
327
386
385
329
326
329
385
388
330
387
328
387
330
389
392
332
329
388
392
329
333
389
330
389
333
393
335
332
331
334
335
331
392
391
331
332
392
331
396
334
331
391
396
331
397
393
333
336
397
333
396
337
334
337
396
400
338
397
336
397
338
401
403
339
337
400
403
337
340
401
338
401
340
404
406
341
339
403
406
339
343
404
340
404
343
407
410
344
341
406
410
341
346
343
342
343
346
347
413
407
343
347
413
343
410
349
344
349
410
416
412
346
345
411
412
345
417
411
345
350
417
345
412
347
346
347
412
413
351
349
348
349
351
352
349
415
348
415
349
416
415
351
348
351
415
419
353
417
350
417
353
420
422
354
351
419
422
351
423
420
353
355
423
353
422
356
354
356
422
425
426
423
355
358
426
355
359
357
356
357
359
360
425
359
356
359
425
428
362
426
358
426
362
431
429
360
359
428
429
359
429
364
360
364
429
432
431
362
361
430
431
361
434
430
361
367
434
361
369
368
363
364
369
363
432
369
364
369
432
435
371
366
365
370
371
365
433
367
366
367
433
434
371
433
366
433
371
437
439
372
369
435
439
369
436
371
370
371
436
437
373
436
370
436
373
440
439
373
372
373
439
440
378
375
374
375
378
379
375
446
374
446
375
447
446
378
374
378
446
450
451
447
375
379
451
375
377
448
376
448
377
449
448
380
376
380
448
454
450
449
377
378
450
377
455
451
379
381
455
379
454
383
380
383
454
459
460
455
381
384
460
381
383
458
382
458
383
459
458
386
382
386
458
464
387
460
384
460
387
466
464
463
385
386
464
385
469
388
385
463
469
385
470
466
387
389
470
387
469
392
388
392
469
474
394
390
389
393
394
389
471
470
389
390
471
389
394
471
390
471
394
475
474
473
391
392
474
391
477
396
391
473
477
391
398
394
393
397
398
393
398
475
394
475
398
479
400
396
395
399
400
395
477
476
395
396
477
395
480
399
395
476
480
395
479
398
397
478
479
397
481
478
397
401
481
397
403
400
399
402
403
399
483
402
399
480
483
399
484
481
401
404
484
401
405
403
402
403
405
406
483
405
402
405
483
485
407
484
404
484
407
486
410
406
405
409
410
405
488
409
405
485
488
405
491
486
407
413
491
407
414
409
408
409
414
415
409
487
408
487
409
488
487
414
408
414
487
492
416
410
409
415
416
409
490
412
411
489
490
411
493
489
411
417
493
411
490
413
412
413
490
491
418
415
414
415
418
419
492
418
414
418
492
494
495
493
417
420
495
417
421
419
418
419
421
422
494
421
418
421
494
496
423
495
420
495
423
497
425
422
421
424
425
421
498
424
421
496
498
421
499
497
423
426
499
423
427
425
424
425
427
428
498
427
424
427
498
500
431
499
426
499
431
504
501
428
427
500
501
427
501
429
428
429
501
502
506
432
429
502
506
429
503
431
430
431
503
504
434
503
430
503
434
507
506
435
432
435
506
508
438
434
433
437
438
433
438
507
434
507
438
509
510
439
435
508
510
435
440
437
436
437
440
441
442
438
437
441
442
437
442
509
438
509
442
513
444
440
439
443
444
439
514
443
439
510
514
439
511
441
440
441
511
512
444
511
440
511
444
515
513
442
441
512
513
441
515
444
443
514
515
443
450
446
445
449
450
445
522
521
445
446
522
445
525
449
445
521
525
445
447
522
446
522
447
523
526
523
447
451
526
447
449
524
448
524
449
525
524
454
448
454
524
529
456
452
451
455
456
451
527
526
451
452
527
451
456
453
452
453
456
457
453
527
452
527
453
528
530
528
453
457
530
453
529
459
454
459
529
531
461
456
455
460
461
455
461
457
456
457
461
462
532
530
457
462
532
457
459
464
458
464
459
465
535
465
459
531
535
459
466
461
460
461
466
467
468
462
461
467
468
461
468
532
462
532
468
536
534
533
463
464
534
463
537
469
463
533
537
463
465
534
464
534
465
535
470
467
466
467
470
471
472
468
467
471
472
467
472
536
468
536
472
539
541
474
469
537
541
469
539
472
471
538
539
471
542
538
471
475
542
471
541
540
473
474
541
473
545
477
473
540
545
473
546
542
475
479
546
475
477
544
476
544
477
545
544
480
476
480
544
548
481
479
478
479
481
482
551
546
479
482
551
479
548
483
480
483
548
553
551
482
481
550
551
481
555
550
481
484
555
481
556
485
483
553
556
483
486
555
484
555
486
557
559
488
485
556
559
485
491
557
486
557
491
562
559
558
487
488
559
487
564
492
487
558
564
487
561
490
489
560
561
489
565
560
489
493
565
489
561
491
490
491
561
562
564
494
492
494
564
567
568
565
493
495
568
493
567
496
494
496
567
570
571
568
495
497
571
495
570
498
496
498
570
573
574
571
497
499
574
497
573
500
498
500
573
576
579
574
499
504
579
499
576
501
500
501
576
577
506
502
501
505
506
501
582
505
501
577
582
501
579
504
503
578
579
503
584
578
503
507
584
503
583
506
505
582
583
505
583
508
506
508
583
588
589
584
507
509
589
507
588
510
508
510
588
592
593
589
509
513
593
509
592
514
510
514
592
596
516
512
511
515
516
511
516
513
512
513
516
517
598
593
513
517
598
513
518
515
514
515
518
519
596
518
514
518
596
599
520
516
515
519
520
515
597
517
516
517
597
598
520
597
516
597
520
601
599
519
518
519
599
600
601
520
519
600
601
519
604
603
521
522
604
521
607
525
521
603
607
521
523
604
522
604
523
605
608
605
523
526
608
523
525
606
524
606
525
607
606
529
524
529
606
611
527
608
526
608
527
609
610
609
527
528
610
527
530
610
528
610
530
612
614
531
529
611
614
529
532
612
530
612
532
615
619
535
531
614
619
531
536
615
532
615
536
620
618
617
533
534
618
533
622
537
533
617
622
533
535
618
534
618
535
619
539
620
536
620
539
623
626
541
537
622
626
537
542
539
538
539
542
543
627
623
539
543
627
539
541
625
540
625
541
626
625
545
540
545
625
629
546
543
542
543
546
547
630
627
543
547
630
543
545
548
544
548
545
549
632
549
545
629
632
545
551
547
546
547
551
552
635
630
547
552
635
547
549
553
548
553
549
554
637
554
549
632
637
549
633
551
550
551
633
634
555
633
550
633
555
638
635
552
551
634
635
551
637
636
553
554
637
553
641
556
553
636
641
553
642
638
555
557
642
555
641
559
556
559
641
645
648
642
557
562
648
557
559
644
558
644
559
645
644
564
558
564
644
650
646
561
560
561
646
647
565
646
560
646
565
651
648
562
561
647
648
561
567
564
563
566
567
563
650
649
563
564
650
563
653
566
563
649
653
563
654
651
565
568
654
565
569
567
566
567
569
570
653
569
566
569
653
655
571
654
568
654
571
656
573
570
569
572
573
569
657
572
569
655
657
569
658
656
571
574
658
571
575
573
572
573
575
576
657
575
572
575
657
659
579
658
574
658
579
661
660
576
575
659
660
575
581
577
576
577
581
582
660
581
576
581
660
664
584
579
578
579
584
585
586
580
579
585
586
579
662
661
579
580
662
579
586
662
580
662
586
666
665
582
581
664
665
581
587
583
582
583
587
588
665
587
582
587
665
667
589
585
584
585
589
590
591
586
585
590
591
585
591
666
586
666
591
669
668
588
587
667
668
587
668
592
588
592
668
671
594
590
589
593
594
589
594
591
590
591
594
595
675
669
591
595
675
591
671
596
592
596
671
676
674
594
593
673
674
593
679
673
593
598
679
593
674
595
594
595
674
675
676
599
596
599
676
680
602
598
597
601
602
597
602
679
598
679
602
683
681
600
599
680
681
599
681
601
600
601
681
682
683
602
601
682
683
601
685
684
603
604
685
603
688
607
603
684
688
603
605
685
604
685
605
686
689
686
605
608
689
605
607
687
606
687
607
688
687
611
606
611
687
692
609
689
608
689
609
690
691
690
609
610
691
609
612
691
610
691
612
693
695
614
611
692
695
611
615
613
612
613
615
616
613
693
612
693
613
694
696
694
613
616
696
613
695
619
614
619
695
699
621
616
615
620
621
615
621
696
616
696
621
700
698
697
617
618
698
617
701
622
617
697
701
617
619
698
618
698
619
699
623
621
620
621
623
624
702
700
621
624
702
621
701
626
622
626
701
704
628
624
623
627
628
623
628
702
624
702
628
705
704
703
625
626
704
625
706
629
625
703
706
625
631
628
627
630
631
627
631
705
628
705
631
708
709
632
629
706
709
629
707
631
630
631
707
708
635
707
630
707
635
710
709
637
632
637
709
713
639
634
633
638
639
633
639
635
634
635
639
640
716
710
635
640
716
635
637
712
636
712
637
713
712
641
636
641
712
717
714
639
638
639
714
715
642
714
638
714
642
718
716
640
639
715
716
639
721
645
641
717
721
641
648
718
642
718
648
723
650
644
643
649
650
643
720
719
643
644
720
643
724
649
643
719
724
643
645
720
644
720
645
721
651
647
646
647
651
652
723
648
647
722
723
647
726
722
647
652
726
647
728
653
649
724
728
649
726
652
651
725
726
651
729
725
651
654
729
651
730
655
653
728
730
653
656
729
654
729
656
731
732
657
655
730
732
655
658
731
656
731
658
733
734
659
657
732
734
657
661
733
658
733
661
735
664
660
659
663
664
659
737
663
659
734
737
659
736
735
661
662
736
661
666
736
662
736
666
740
738
664
663
737
738
663
738
665
664
665
738
739
742
667
665
739
742
665
669
740
666
740
669
743
671
668
667
670
671
667
745
670
667
742
745
667
750
743
669
675
750
669
745
671
670
671
745
746
677
676
671
672
677
671
747
672
671
746
747
671
747
677
672
677
747
752
749
674
673
748
749
673
754
748
673
679
754
673
749
675
674
675
749
750
677
751
676
751
677
752
751
680
676
680
751
755
679
682
678
682
679
683
753
679
678
679
753
754
682
753
678
753
682
757
755
681
680
681
755
756
757
682
681
756
757
681
685
758
684
758
685
759
758
688
684
688
758
764
760
759
685
686
760
685
689
760
686
760
689
765
764
763
687
688
764
687
769
692
687
763
769
687
766
765
689
690
766
689
691
766
690
766
691
767
770
767
691
693
770
691
769
695
692
695
769
772
771
770
693
694
771
693
696
771
694
771
696
773
777
699
695
772
777
695
700
773
696
773
700
778
776
775
697
698
776
697
780
701
697
775
780
697
699
776
698
776
699
777
702
778
700
778
702
781
784
704
701
780
784
701
705
781
702
781
705
785
784
783
703
704
784
703
787
706
703
783
787
703
788
785
705
708
788
705
787
709
706
709
787
789
711
708
707
710
711
707
711
788
708
788
711
791
793
713
709
789
793
709
790
711
710
711
790
791
716
790
710
790
716
796
713
792
712
792
713
793
792
717
712
717
792
797
794
715
714
715
794
795
718
794
714
794
718
798
796
716
715
795
796
715
802
721
717
797
802
717
723
798
718
798
723
803
801
800
719
720
801
719
804
724
719
800
804
719
721
801
720
801
721
802
726
723
722
723
726
727
807
803
723
727
807
723
804
728
724
728
804
808
806
726
725
805
806
725
809
805
725
729
809
725
806
727
726
727
806
807
808
730
728
730
808
812
813
809
729
731
813
729
812
732
730
732
812
816
817
813
731
733
817
731
816
734
732
734
816
820
821
817
733
735
821
733
820
737
734
737
820
823
822
821
735
736
822
735
740
822
736
822
740
825
824
738
737
823
824
737
741
739
738
739
741
742
824
741
738
741
824
827
743
825
740
825
743
829
745
742
741
744
745
741
830
744
741
827
830
741
837
829
743
750
837
743
830
745
744
745
830
831
832
746
745
831
832
745
832
747
746
747
832
833
838
752
747
833
838
747
835
749
748
749
835
836
754
835
748
835
754
840
837
750
749
836
837
749
756
755
751
752
756
751
838
756
752
756
838
841
840
754
753
839
840
753
842
839
753
757
842
753
841
757
756
757
841
842
759
846
758
846
759
847
846
764
758
764
846
853
848
847
759
760
848
759
765
761
760
761
765
766
761
848
760
848
761
849
767
762
761
766
767
761
850
849
761
762
850
761
767
850
762
850
767
854
853
852
763
764
853
763
857
769
763
852
857
763
771
768
767
770
771
767
855
854
767
768
855
767
771
855
768
855
771
858
860
772
769
857
860
769
861
858
771
773
861
771
860
777
772
777
860
865
779
774
773
778
779
773
862
861
773
774
862
773
779
862
774
862
779
866
864
863
775
776
864
775
867
780
775
863
867
775
777
864
776
864
777
865
781
779
778
779
781
782
869
866
779
782
869
779
867
784
780
784
867
871
786
782
781
785
786
781
786
869
782
869
786
874
871
870
783
784
871
783
875
787
783
870
875
783
874
786
785
873
874
785
876
873
785
788
876
785
878
789
787
875
878
787
791
876
788
876
791
880
882
793
789
878
882
789
879
791
790
791
879
880
796
879
790
879
796
884
793
881
792
881
793
882
881
797
792
797
881
886
798
795
794
795
798
799
884
796
795
883
884
795
888
883
795
799
888
795
893
802
797
886
893
797
887
799
798
799
887
888
803
887
798
887
803
894
801
891
800
891
801
892
891
804
800
804
891
895
893
892
801
802
893
801
896
894
803
807
896
803
895
808
804
808
895
897
810
806
805
809
810
805
810
807
806
807
810
811
898
896
807
811
898
807
897
812
808
812
897
899
814
810
809
813
814
809
814
811
810
811
814
815
900
898
811
815
900
811
899
816
812
816
899
901
818
814
813
817
818
813
818
815
814
815
818
819
903
900
815
819
903
815
901
820
816
820
901
904
822
818
817
821
822
817
902
819
818
819
902
903
822
902
818
902
822
905
904
823
820
823
904
907
825
905
822
905
825
908
827
824
823
826
827
823
909
826
823
907
909
823
912
908
825
829
912
825
909
827
826
827
909
910
913
830
827
910
913
827
829
836
828
836
829
837
911
829
828
829
911
912
836
911
828
911
836
919
913
831
830
831
913
914
915
832
831
914
915
831
915
833
832
833
915
916
839
838
833
834
839
833
917
834
833
916
917
833
835
839
834
839
835
840
917
835
834
835
917
918
919
836
835
918
919
835
839
841
838
841
839
842
848
844
843
847
848
843
922
921
843
844
922
843
925
847
843
921
925
843
848
845
844
845
848
849
845
922
844
922
845
923
926
923
845
849
926
845
847
924
846
924
847
925
924
853
846
853
924
930
927
926
849
850
927
849
854
851
850
851
854
855
851
927
850
927
851
928
931
928
851
855
931
851
853
929
852
929
853
930
929
857
852
857
929
933
859
856
855
858
859
855
932
931
855
856
932
855
859
932
856
932
859
934
935
860
857
933
935
857
861
859
858
859
861
862
936
934
859
862
936
859
935
865
860
865
935
938
866
936
862
936
866
939
868
867
863
864
868
863
865
937
864
937
865
938
937
868
864
868
937
941
869
939
866
939
869
942
872
871
867
868
872
867
941
872
868
872
941
946
947
942
869
874
947
869
871
944
870
944
871
945
944
875
870
875
944
949
946
945
871
872
946
871
877
874
873
876
877
873
877
947
874
947
877
951
953
878
875
949
953
875
950
877
876
877
950
951
880
950
876
950
880
954
953
882
878
882
953
957
885
880
879
884
885
879
885
954
880
954
885
958
957
956
881
882
957
881
961
886
881
956
961
881
889
884
883
888
889
883
889
885
884
885
889
890
966
958
885
890
966
885
961
893
886
893
961
969
964
888
887
963
964
887
970
963
887
894
970
887
964
889
888
889
964
965
966
890
889
965
966
889
968
967
891
892
968
891
972
895
891
967
972
891
893
968
892
968
893
969
896
970
894
970
896
973
974
897
895
972
974
895
898
973
896
973
898
975
976
899
897
974
976
897
900
975
898
975
900
977
978
901
899
976
978
899
903
977
900
977
903
979
980
904
901
978
980
901
905
903
902
903
905
906
982
979
903
906
982
903
980
907
904
907
980
984
982
906
905
981
982
905
985
981
905
908
985
905
988
909
907
984
988
907
912
985
908
985
912
990
989
910
909
988
989
909
989
913
910
913
989
993
920
912
911
919
920
911
920
990
912
990
920
1000
994
914
913
993
994
913
994
915
914
915
994
995
996
916
915
995
996
915
996
917
916
917
996
997
998
918
917
997
998
917
998
919
918
919
998
999
1000
920
919
999
1000
919
1005
1004
921
922
1005
921
1008
925
921
1004
1008
921
923
1005
922
1005
923
1006
1010
1006
923
926
1010
923
925
1007
924
1007
925
1008
1007
930
924
930
1007
1014
927
1010
926
1010
927
1011
1012
1011
927
928
1012
927
931
1012
928
1012
931
1015
1014
1013
929
930
1014
929
1017
933
929
1013
1017
929
1016
1015
931
932
1016
931
934
1016
932
1016
934
1019
1020
935
933
1017
1020
933
936
1019
934
1019
936
1021
1024
938
935
1020
1024
935
939
1021
936
1021
939
1025
1024
1023
937
938
1024
937
1027
941
937
1023
1027
937
943
940
939
942
943
939
1026
1025
939
940
1026
939
943
1026
940
1026
943
1028
1031
946
941
1027
1031
941
947
943
942
943
947
948
1032
1028
943
948
1032
943
945
1029
944
1029
945
1030
1029
949
944
949
1029
1033
1031
1030
945
946
1031
945
952
948
947
951
952
947
952
1032
948
1032
952
1036
1037
953
949
1033
1037
949
954
951
950
951
954
955
1036
952
951
1035
1036
951
1038
1035
951
955
1038
951
1039
957
953
1037
1039
953
958
955
954
955
958
959
1041
1038
955
959
1041
955
957
961
956
961
957
962
1044
962
957
1039
1044
957
1040
959
958
959
1040
1041
966
1040
958
1040
966
1047
968
961
960
961
968
969
961
1042
960
1042
961
1043
1042
968
960
968
1042
1049
1044
1043
961
962
1044
961
971
964
963
970
971
963
1045
965
964
965
1045
1046
971
1045
964
1045
971
1051
1047
966
965
1046
1047
965
1049
1048
967
968
1049
967
1052
972
967
1048
1052
967
1050
971
970
971
1050
1051
973
1050
970
1050
973
1053
1052
974
972
974
1052
1055
1056
1053
973
975
1056
973
1055
976
974
976
1055
1058
1059
1056
975
977
1059
975
1058
978
976
978
1058
1061
1062
1059
977
979
1062
977
1061
980
978
980
1061
1064
1066
1062
979
982
1066
979
1064
984
980
984
1064
1068
986
982
981
985
986
981
986
983
982
983
986
987
983
1066
982
1066
983
1067
1070
1067
983
987
1070
983
1068
988
984
988
1068
1071
991
986
985
990
991
985
991
987
986
987
991
992
1080
1070
987
992
1080
987
1071
989
988
989
1071
1072
1081
993
989
1072
1081
989
1078
991
990
991
1078
1079
1000
1078
990
1078
1000
1088
1080
992
991
1079
1080
991
1082
994
993
1081
1082
993
1082
995
994
995
1082
1083
1084
996
995
1083
1084
995
1084
997
996
997
1084
1085
1086
998
997
1085
1086
997
1001
999
998
999
1001
1002
1086
1001
998
1001
1086
1089
1003
1000
999
1002
1003
999
1003
1088
1000
1088
1003
1091
1090
1002
1001
1089
1090
1001
1090
1003
1002
1003
1090
1091
1005
1008
1004
1008
1005
1009
1093
1092
1005
1006
1093
1005
1096
1009
1005
1092
1096
1005
1010
1093
1006
1093
1010
1097
1095
1094
1007
1008
1095
1007
1101
1014
1007
1094
1101
1007
1009
1095
1008
1095
1009
1096
1011
1097
1010
1097
1011
1098
1099
1098
1011
1012
1099
1011
1015
1099
1012
1099
1015
1102
1018
1017
1013
1014
1018
1013
1101
1018
1014
1018
1101
1105
1103
1102
1015
1016
1103
1015
1019
1103
1016
1103
1019
1106
1105
1104
1017
1018
1105
1017
1108
1020
1017
1104
1108
1017
1110
1106
1019
1021
1110
1019
1108
1024
1020
1024
1108
1114
1026
1022
1021
1025
1026
1021
1111
1110
1021
1022
1111
1021
1026
1111
1022
1111
1026
1116
1114
1113
1023
1024
1114
1023
1118
1027
1023
1113
1118
1023
1028
1116
1026
1116
1028
1120
1123
1031
1027
1118
1123
1027
1032
1120
1028
1120
1032
1124
1034
1033
1029
1030
1034
1029
1031
1122
1030
1122
1031
1123
1122
1034
1030
1034
1122
1126
1036
1124
1032
1124
1036
1129
1126
1125
1033
1034
1126
1033
1130
1037
1033
1125
1130
1033
1129
1036
1035
1128
1129
1035
1132
1128
1035
1038
1132
1035
1134
1039
1037
1130
1134
1037
1041
1132
1038
1132
1041
1136
1139
1044
1039
1134
1139
1039
1135
1041
1040
1041
1135
1136
1047
1135
1040
1135
1047
1142
1043
1137
1042
1137
1043
1138
1137
1049
1042
1049
1137
1145
1139
1138
1043
1044
1139
1043
1141
1046
1045
1140
1141
1045
1148
1140
1045
1051
1148
1045
1141
1047
1046
1047
1141
1142
1049
1144
1048
1144
1049
1145
1144
1052
1048
1052
1144
1150
1053
1051
1050
1051
1053
1054
1152
1148
1051
1054
1152
1051
1150
1055
1052
1055
1150
1154
1057
1054
1053
1056
1057
1053
1057
1152
1054
1152
1057
1156
1158
1058
1055
1154
1158
1055
1059
1057
1056
1057
1059
1060
1160
1156
1057
1060
1160
1057
1158
1061
1058
1061
1158
1162
1063
1060
1059
1062
1063
1059
1063
1160
1060
1160
1063
1163
1165
1064
1061
1162
1165
1061
1066
1063
1062
1063
1066
1067
1167
1163
1063
1067
1167
1063
1065
1068
1064
1068
1065
1069
1165
1065
1064
1065
1165
1166
1168
1069
1065
1166
1168
1065
1170
1167
1067
1070
1170
1067
1069
1071
1068
1071
1069
1072
1171
1072
1069
1168
1171
1069
1080
1170
1070
1170
1080
1180
1073
1081
1072
1081
1073
1082
1171
1073
1072
1073
1171
1172
1083
1082
1073
1074
1083
1073
1173
1074
1073
1172
1173
1073
1173
1083
1074
1083
1173
1181
1086
1085
1075
1076
1086
1075
1176
1076
1075
1175
1176
1075
1183
1175
1075
1085
1183
1075
1077
1086
1076
1086
1077
1087
1176
1077
1076
1077
1176
1177
1088
1087
1077
1078
1088
1077
1178
1078
1077
1177
1178
1077
1178
1079
1078
1079
1178
1179
1180
1080
1079
1179
1180
1079
1182
1084
1083
1181
1182
1083
1182
1085
1084
1085
1182
1183
1087
1089
1086
1089
1087
1090
1091
1090
1087
1088
1091
1087
1093
1190
1092
1190
1093
1191
1190
1096
1092
1096
1190
1194
1195
1191
1093
1097
1195
1093
1095
1192
1094
1192
1095
1193
1192
1101
1094
1101
1192
1199
1194
1193
1095
1096
1194
1095
1196
1195
1097
1098
1196
1097
1099
1196
1098
1196
1099
1197
1103
1100
1099
1102
1103
1099
1198
1197
1099
1100
1198
1099
1103
1198
1100
1198
1103
1201
1202
1105
1101
1199
1202
1101
1203
1201
1103
1106
1203
1103
1105
1108
1104
1108
1105
1109
1206
1109
1105
1202
1206
1105
1110
1107
1106
1107
1110
1111
1107
1203
1106
1203
1107
1204
1207
1204
1107
1111
1207
1107
1109
1114
1108
1114
1109
1115
1210
1115
1109
1206
1210
1109
1117
1112
1111
1116
1117
1111
1208
1207
1111
1112
1208
1111
1117
1208
1112
1208
1117
1211
1119
1118
1113
1114
1119
1113
1115
1209
1114
1209
1115
1210
1209
1119
1114
1119
1209
1213
1120
1117
1116
1117
1120
1121
1216
1211
1117
1121
1216
1117
1119
1212
1118
1212
1119
1213
1212
1123
1118
1123
1212
1217
1215
1121
1120
1121
1215
1216
1124
1215
1120
1215
1124
1218
1123
1126
1122
1126
1123
1127
1221
1127
1123
1217
1221
1123
1129
1218
1124
1218
1129
1222
1131
1130
1125
1126
1131
1125
1127
1220
1126
1220
1127
1221
1220
1131
1126
1131
1220
1225
1132
1129
1128
1129
1132
1133
1227
1222
1129
1133
1227
1129
1131
1224
1130
1224
1131
1225
1224
1134
1130
1134
1224
1229
1226
1133
1132
1133
1226
1227
1136
1226
1132
1226
1136
1231
1229
1139
1134
1139
1229
1233
1143
1136
1135
1142
1143
1135
1143
1231
1136
1231
1143
1236
1146
1145
1137
1138
1146
1137
1139
1146
1138
1146
1139
1147
1239
1147
1139
1233
1239
1139
1148
1141
1140
1141
1148
1149
1235
1142
1141
1234
1235
1141
1240
1234
1141
1149
1240
1141
1235
1143
1142
1143
1235
1236
1145
1150
1144
1150
1145
1151
1238
1237
1145
1146
1238
1145
1243
1151
1145
1237
1243
1145
1147
1238
1146
1238
1147
1239
1152
1149
1148
1149
1152
1153
1244
1240
1149
1153
1244
1149
1151
1154
1150
1154
1151
1155
1247
1155
1151
1243
1247
1151
1156
1153
1152
1153
1156
1157
1248
1244
1153
1157
1248
1153
1155
1158
1154
1158
1155
1159
1252
1159
1155
1247
1252
1155
1160
1157
1156
1157
1160
1161
1254
1248
1157
1161
1254
1157
1159
1251
1158
1251
1159
1252
1251
1162
1158
1162
1251
1256
1163
1161
1160
1161
1163
1164
1260
1254
1161
1164
1260
1161
1256
1165
1162
1165
1256
1262
1260
1164
1163
1259
1260
1163
1265
1259
1163
1167
1265
1163
1263
1166
1165
1262
1263
1165
1263
1168
1166
1168
1263
1268
1270
1265
1167
1170
1270
1167
1169
1171
1168
1171
1169
1172
1268
1169
1168
1169
1268
1269
1273
1172
1169
1269
1273
1169
1180
1270
1170
1270
1180
1281
1273
1173
1172
1173
1273
1274
1182
1181
1173
1174
1182
1173
1275
1174
1173
1274
1275
1173
1275
1182
1174
1182
1275
1282
1277
1176
1175
1276
1277
1175
1283
1276
1175
1183
1283
1175
1277
1177
1176
1177
1277
1278
1279
1178
1177
1278
1279
1177
1279
1179
1178
1179
1279
1280
1281
1180
1179
1280
1281
1179
1184
1183
1182
1183
1184
1185
1282
1184
1182
1184
1282
1289
1290
1283
1183
1185
1290
1183
1187
1185
1184
1185
1187
1188
1289
1187
1184
1187
1289
1292
1189
1186
1185
1188
1189
1185
1291
1290
1185
1186
1291
1185
1189
1291
1186
1291
1189
1294
1293
1188
1187
1292
1293
1187
1293
1189
1188
1189
1293
1294
1191
1194
1190
1194
1191
1195
1193
1199
1192
1199
1193
1200
1296
1295
1193
1194
1296
1193
1302
1200
1193
1295
1302
1193
1195
1296
1194
1296
1195
1297
1298
1297
1195
1196
1298
1195
1197
1298
1196
1298
1197
1299
1300
1299
1197
1198
1300
1197
1201
1300
1198
1300
1201
1303
1302
1301
1199
1200
1302
1199
1304
1202
1199
1301
1304
1199
1305
1303
1201
1203
1305
1201
1304
1206
1202
1206
1304
1308
1306
1305
1203
1204
1306
1203
1207
1205
1204
1205
1207
1208
1205
1306
1204
1306
1205
1307
1309
1307
1205
1208
1309
1205
1308
1210
1206
1210
1308
1310
1211
1309
1208
1309
1211
1311
1214
1213
1209
1210
1214
1209
1310
1214
1210
1214
1310
1314
1315
1311
1211
1216
1315
1211
1213
1312
1212
1312
1213
1313
1312
1217
1212
1217
1312
1316
1314
1313
1213
1214
1314
1213
1219
1216
1215
1218
1219
1215
1219
1315
1216
1315
1219
1318
1320
1221
1217
1316
1320
1217
1222
1219
1218
1219
1222
1223
1322
1318
1219
1223
1322
1219
1221
1319
1220
1319
1221
1320
1319
1225
1220
1225
1319
1323
1227
1223
1222
1223
1227
1228
1326
1322
1223
1228
1326
1223
1225
1229
1224
1229
1225
1230
1328
1230
1225
1323
1328
1225
1231
1227
1226
1227
1231
1232
1326
1228
1227
1325
1326
1227
1331
1325
1227
1232
1331
1227
1328
1327
1229
1230
1328
1229
1333
1233
1229
1327
1333
1229
1331
1232
1231
1330
1331
1231
1334
1330
1231
1236
1334
1231
1338
1239
1233
1333
1338
1233
1240
1235
1234
1235
1240
1241
1242
1236
1235
1241
1242
1235
1242
1334
1236
1334
1242
1339
1337
1336
1237
1238
1337
1237
1340
1243
1237
1336
1340
1237
1239
1337
1238
1337
1239
1338
1244
1241
1240
1241
1244
1245
1246
1242
1241
1245
1246
1241
1246
1339
1242
1339
1246
1342
1343
1247
1243
1340
1343
1243
1248
1245
1244
1245
1248
1249
1250
1246
1245
1249
1250
1245
1250
1342
1246
1342
1250
1345
1346
1252
1247
1343
1346
1247
1254
1249
1248
1249
1254
1255
1345
1250
1249
1344
1345
1249
1348
1344
1249
1255
1348
1249
1257
1256
1251
1252
1257
1251
1253
1257
1252
1257
1253
1258
1346
1253
1252
1253
1346
1347
1350
1258
1253
1347
1350
1253
1260
1255
1254
1255
1260
1261
1351
1348
1255
1261
1351
1255
1257
1262
1256
1262
1257
1263
1264
1263
1257
1258
1264
1257
1350
1264
1258
1264
1350
1353
1266
1260
1259
1265
1266
1259
1266
1261
1260
1261
1266
1267
1354
1351
1261
1267
1354
1261
1269
1268
1263
1264
1269
1263
1353
1269
1264
1269
1353
1357
1271
1266
1265
1270
1271
1265
1271
1267
1266
1267
1271
1272
1360
1354
1267
1272
1360
1267
1363
1273
1269
1357
1363
1269
1358
1271
1270
1271
1358
1359
1281
1358
1270
1358
1281
1366
1360
1272
1271
1359
1360
1271
1364
1274
1273
1363
1364
1273
1364
1275
1274
1275
1364
1365
1369
1282
1275
1365
1369
1275
1283
1277
1276
1277
1283
1284
1285
1278
1277
1284
1285
1277
1285
1279
1278
1279
1285
1286
1287
1280
1279
1286
1287
1279
1287
1281
1280
1281
1287
1288
1375
1366
1281
1288
1375
1281
1369
1289
1282
1289
1369
1378
1291
1284
1283
1290
1291
1283
1371
1285
1284
1285
1371
1372
1291
1371
1284
1371
1291
1380
1373
1286
1285
1372
1373
1285
1373
1287
1286
1287
1373
1374
1375
1288
1287
1374
1375
1287
1382
1292
1289
1378
1382
1289
1384
1380
1291
1294
1384
1291
1382
1293
1292
1293
1382
1383
1384
1294
1293
1383
1384
1293
1386
1385
1295
1296
1386
1295
1392
1302
1295
1385
1392
1295
1297
1386
1296
1386
1297
1387
1388
1387
1297
1298
1388
1297
1299
1388
1298
1388
1299
1389
1390
1389
1299
1300
1390
1299
1303
1390
1300
1390
1303
1393
1392
1391
1301
1302
1392
1301
1394
1304
1301
1391
1394
1301
1396
1393
1303
1305
1396
1303
1394
1308
1304
1308
1394
1399
1397
1396
1305
1306
1397
1305
1307
1397
1306
1397
1307
1398
1402
1398
1307
1309
1402
1307
1399
1310
1308
1310
1399
1403
1405
1402
1309
1311
1405
1309
1403
1314
1310
1314
1403
1407
1408
1405
1311
1315
1408
1311
1313
1316
1312
1316
1313
1317
1407
1406
1313
1314
1407
1313
1409
1317
1313
1406
1409
1313
1410
1408
1315
1318
1410
1315
1317
1320
1316
1320
1317
1321
1412
1321
1317
1409
1412
1317
1322
1410
1318
1410
1322
1413
1324
1323
1319
1320
1324
1319
1321
1411
1320
1411
1321
1412
1411
1324
1320
1324
1411
1414
1326
1413
1322
1413
1326
1415
1329
1328
1323
1324
1329
1323
1414
1329
1324
1329
1414
1418
1332
1326
1325
1331
1332
1325
1332
1415
1326
1415
1332
1420
1417
1416
1327
1328
1417
1327
1421
1333
1327
1416
1421
1327
1329
1417
1328
1417
1329
1418
1334
1331
1330
1331
1334
1335
1420
1332
1331
1419
1420
1331
1424
1419
1331
1335
1424
1331
1427
1338
1333
1421
1427
1333
1423
1335
1334
1335
1423
1424
1339
1423
1334
1423
1339
1429
1337
1340
1336
1340
1337
1341
1427
1426
1337
1338
1427
1337
1432
1341
1337
1426
1432
1337
1434
1429
1339
1342
1434
1339
1341
1431
1340
1431
1341
1432
1431
1343
1340
1343
1431
1435
1345
1434
1342
1434
1345
1438
1439
1346
1343
1435
1439
1343
1348
1345
1344
1345
1348
1349
1441
1438
1345
1349
1441
1345
1439
1347
1346
1347
1439
1440
1442
1350
1347
1440
1442
1347
1351
1349
1348
1349
1351
1352
1443
1441
1349
1352
1443
1349
1442
1353
1350
1353
1442
1445
1355
1352
1351
1354
1355
1351
1355
1443
1352
1443
1355
1446
1448
1357
1353
1445
1448
1353
1360
1355
1354
1355
1360
1361
1362
1356
1355
1361
1362
1355
1447
1446
1355
1356
1447
1355
1362
1447
1356
1447
1362
1451
1452
1363
1357
1448
1452
1357
1366
1359
1358
1359
1366
1367
1368
1360
1359
1367
1368
1359
1449
1361
1360
1361
1449
1450
1368
1449
1360
1449
1368
1458
1451
1362
1361
1450
1451
1361
1453
1364
1363
1452
1453
1363
1453
1365
1364
1365
1453
1454
1461
1369
1365
1454
1461
1365
1375
1367
1366
1367
1375
1376
1377
1368
1367
1376
1377
1367
1377
1458
1368
1458
1377
1469
1379
1378
1369
1370
1379
1369
1462
1370
1369
1461
1462
1369
1462
1379
1370
1379
1462
1473
1381
1372
1371
1380
1381
1371
1464
1373
1372
1373
1464
1465
1381
1464
1372
1464
1381
1475
1466
1374
1373
1465
1466
1373
1466
1375
1374
1375
1466
1467
1468
1376
1375
1467
1468
1375
1468
1377
1376
1377
1468
1469
1379
1382
1378
1382
1379
1383
1384
1383
1379
1380
1384
1379
1474
1380
1379
1473
1474
1379
1474
1381
1380
1381
1474
1475
1486
1485
1385
1386
1486
1385
1491
1392
1385
1485
1491
1385
1387
1486
1386
1486
1387
1487
1488
1487
1387
1388
1488
1387
1389
1488
1388
1488
1389
1489
1490
1489
1389
1390
1490
1389
1393
1490
1390
1490
1393
1495
1395
1394
1391
1392
1395
1391
1491
1395
1392
1395
1491
1497
1498
1495
1393
1396
1498
1393
1395
1496
1394
1496
1395
1497
1496
1399
1394
1399
1496
1499
1397
1400
1396
1400
1397
1401
1400
1498
1396
1498
1400
1501
1402
1401
1397
1398
1402
1397
1503
1403
1399
1499
1503
1399
1401
1501
1400
1501
1401
1502
1405
1404
1401
1402
1405
1401
1504
1502
1401
1404
1504
1401
1507
1407
1403
1503
1507
1403
1405
1504
1404
1504
1405
1505
1508
1505
1405
1408
1508
1405
1407
1506
1406
1506
1407
1507
1506
1409
1406
1409
1506
1509
1410
1508
1408
1508
1410
1511
1513
1412
1409
1509
1513
1409
1413
1511
1410
1511
1413
1515
1513
1512
1411
1412
1513
1411
1516
1414
1411
1512
1516
1411
1519
1515
1413
1415
1519
1413
1516
1418
1414
1418
1516
1521
1523
1519
1415
1420
1523
1415
1417
1421
1416
1421
1417
1422
1521
1520
1417
1418
1521
1417
1524
1422
1417
1520
1524
1417
1425
1420
1419
1424
1425
1419
1425
1523
1420
1523
1425
1527
1428
1427
1421
1422
1428
1421
1524
1428
1422
1428
1524
1529
1430
1424
1423
1429
1430
1423
1526
1425
1424
1425
1526
1527
1430
1526
1424
1526
1430
1531
1427
1432
1426
1432
1427
1433
1529
1528
1427
1428
1529
1427
1533
1433
1427
1528
1533
1427
1531
1430
1429
1530
1531
1429
1534
1530
1429
1434
1534
1429
1436
1435
1431
1432
1436
1431
1433
1436
1432
1436
1433
1437
1537
1437
1433
1533
1537
1433
1438
1534
1434
1534
1438
1538
1440
1439
1435
1436
1440
1435
1437
1536
1436
1536
1437
1537
1536
1440
1436
1440
1536
1540
1441
1538
1438
1538
1441
1542
1540
1442
1440
1442
1540
1544
1546
1542
1441
1443
1546
1441
1544
1445
1442
1445
1544
1548
1447
1444
1443
1446
1447
1443
1547
1546
1443
1444
1547
1443
1447
1547
1444
1547
1447
1550
1552
1448
1445
1548
1552
1445
1556
1550
1447
1451
1556
1447
1552
1452
1448
1452
1552
1558
1459
1450
1449
1458
1459
1449
1459
1451
1450
1451
1459
1460
1565
1556
1451
1460
1565
1451
1558
1453
1452
1453
1558
1559
1560
1454
1453
1559
1560
1453
1455
1461
1454
1461
1455
1462
1560
1455
1454
1455
1560
1561
1567
1462
1455
1561
1567
1455
1457
1464
1456
1464
1457
1465
1563
1457
1456
1457
1563
1564
1464
1563
1456
1563
1464
1569
1570
1465
1457
1564
1570
1457
1469
1459
1458
1459
1469
1470
1471
1460
1459
1470
1471
1459
1471
1565
1460
1565
1471
1573
1463
1473
1462
1473
1463
1474
1567
1463
1462
1463
1567
1568
1475
1474
1463
1464
1475
1463
1569
1464
1463
1568
1569
1463
1571
1466
1465
1570
1571
1465
1571
1467
1466
1467
1571
1572
1477
1468
1467
1476
1477
1467
1577
1476
1467
1572
1577
1467
1477
1469
1468
1469
1477
1478
1479
1470
1469
1478
1479
1469
1479
1471
1470
1471
1479
1480
1481
1472
1471
1480
1481
1471
1574
1573
1471
1472
1574
1471
1481
1574
1472
1574
1481
1582
1482
1477
1476
1477
1482
1483
1577
1482
1476
1482
1577
1583
1484
1478
1477
1483
1484
1477
1579
1479
1478
1479
1579
1580
1484
1579
1478
1579
1484
1585
1581
1480
1479
1580
1581
1479
1581
1481
1480
1481
1581
1582
1583
1483
1482
1483
1583
1584
1585
1484
1483
1584
1585
1483
1492
1491
1485
1486
1492
1485
1487
1492
1486
1492
1487
1493
1590
1589
1487
1488
1590
1487
1594
1493
1487
1589
1594
1487
1489
1590
1488
1590
1489
1591
1495
1494
1489
1490
1495
1489
1595
1591
1489
1494
1595
1489
1593
1592
1491
1492
1593
1491
1597
1497
1491
1592
1597
1491
1493
1593
1492
1593
1493
1594
1495
1595
1494
1595
1495
1596
1599
1596
1495
1498
1599
1495
1497
1499
1496
1499
1497
1500
1601
1500
1497
1597
1601
1497
1501
1599
1498
1599
1501
1602
1601
1600
1499
1500
1601
1499
1604
1503
1499
1600
1604
1499
1603
1602
1501
1502
1603
1501
1504
1603
1502
1603
1504
1605
1607
1507
1503
1604
1607
1503
1505
1605
1504
1605
1505
1606
1608
1606
1505
1508
1608
1505
1507
1509
1506
1509
1507
1510
1610
1510
1507
1607
1610
1507
1511
1608
1508
1608
1511
1611
1514
1513
1509
1510
1514
1509
1610
1514
1510
1514
1610
1614
1615
1611
1511
1515
1615
1511
1513
1516
1512
1516
1513
1517
1518
1517
1513
1514
1518
1513
1614
1518
1514
1518
1614
1619
1620
1615
1515
1519
1620
1515
1517
1521
1516
1521
1517
1522
1619
1618
1517
1518
1619
1517
1624
1522
1517
1618
1624
1517
1626
1620
1519
1523
1626
1519
1521
1524
1520
1524
1521
1525
1624
1623
1521
1522
1624
1521
1630
1525
1521
1623
1630
1521
1633
1626
1523
1527
1633
1523
1525
1629
1524
1629
1525
1630
1629
1529
1524
1529
1629
1636
1531
1527
1526
1527
1531
1532
1640
1633
1527
1532
1640
1527
1529
1635
1528
1635
1529
1636
1635
1533
1528
1533
1635
1642
1534
1531
1530
1531
1534
1535
1640
1532
1531
1639
1640
1531
1646
1639
1531
1535
1646
1531
1649
1537
1533
1642
1649
1533
1538
1535
1534
1535
1538
1539
1652
1646
1535
1539
1652
1535
1537
1540
1536
1540
1537
1541
1655
1541
1537
1649
1655
1537
1542
1539
1538
1539
1542
1543
1656
1652
1539
1543
1656
1539
1541
1544
1540
1544
1541
1545
1659
1545
1541
1655
1659
1541
1546
1543
1542
1543
1546
1547
1660
1656
1543
1547
1660
1543
1545
1548
1544
1548
1545
1549
1661
1549
1545
1659
1661
1545
1663
1660
1547
1550
1663
1547
1549
1552
1548
1552
1549
1553
1666
1553
1549
1661
1666
1549
1556
1551
1550
1551
1556
1557
1551
1663
1550
1663
1551
1664
1669
1664
1551
1557
1669
1551
1553
1558
1552
1558
1553
1559
1560
1559
1553
1554
1560
1553
1667
1554
1553
1666
1667
1553
1555
1560
1554
1560
1555
1561
1667
1555
1554
1555
1667
1668
1672
1561
1555
1668
1672
1555
1565
1557
1556
1557
1565
1566
1675
1669
1557
1566
1675
1557
1568
1567
1561
1562
1568
1561
1673
1562
1561
1672
1673
1561
1673
1568
1562
1568
1673
1678
1570
1564
1563
1569
1570
1563
1574
1566
1565
1573
1574
1565
1574
1675
1566
1675
1574
1683
1678
1569
1568
1569
1678
1679
1576
1570
1569
1575
1576
1569
1688
1575
1569
1679
1688
1569
1680
1571
1570
1571
1680
1681
1576
1680
1570
1680
1576
1689
1682
1572
1571
1681
1682
1571
1682
1577
1572
1577
1682
1691
1582
1683
1574
1683
1582
1693
1689
1576
1575
1688
1689
1575
1584
1583
1577
1578
1584
1577
1692
1578
1577
1691
1692
1577
1692
1584
1578
1584
1692
1700
1586
1580
1579
1585
1586
1579
1586
1581
1580
1581
1586
1587
1588
1582
1581
1587
1588
1581
1588
1693
1582
1693
1588
1704
1700
1585
1584
1585
1700
1701
1702
1586
1585
1701
1702
1585
1702
1587
1586
1587
1702
1703
1704
1588
1587
1703
1704
1587
1710
1709
1589
1590
1710
1589
1714
1594
1589
1709
1714
1589
1591
1710
1590
1710
1591
1711
1715
1711
1591
1595
1715
1591
1593
1597
1592
1597
1593
1598
1714
1713
1593
1594
1714
1593
1718
1598
1593
1713
1718
1593
1716
1715
1595
1596
1716
1595
1599
1716
1596
1716
1599
1720
1718
1717
1597
1598
1718
1597
1722
1601
1597
1717
1722
1597
1724
1720
1599
1602
1724
1599
1601
1721
1600
1721
1601
1722
1721
1604
1600
1604
1721
1726
1603
1724
1602
1724
1603
1725
1729
1725
1603
1605
1729
1603
1726
1607
1604
1607
1726
1731
1730
1729
1605
1606
1730
1605
1608
1730
1606
1730
1608
1733
1735
1610
1607
1731
1735
1607
1611
1609
1608
1609
1611
1612
1609
1733
1608
1733
1609
1734
1736
1734
1609
1612
1736
1609
1735
1614
1610
1614
1735
1738
1616
1612
1611
1615
1616
1611
1616
1613
1612
1613
1616
1617
1613
1736
1612
1736
1613
1737
1739
1737
1613
1617
1739
1613
1738
1619
1614
1619
1738
1740
1621
1616
1615
1620
1621
1615
1621
1617
1616
1617
1621
1622
1741
1739
1617
1622
1741
1617
1619
1624
1618
1624
1619
1625
1742
1625
1619
1740
1742
1619
1626
1621
1620
1621
1626
1627
1628
1622
1621
1627
1628
1621
1628
1741
1622
1741
1628
1744
1631
1630
1623
1624
1631
1623
1625
1631
1624
1631
1625
1632
1746
1632
1625
1742
1746
1625
1633
1627
1626
1627
1633
1634
1744
1628
1627
1743
1744
1627
1747
1743
1627
1634
1747
1627
1637
1636
1629
1630
1637
1629
1631
1637
1630
1637
1631
1638
1746
1745
1631
1632
1746
1631
1749
1638
1631
1745
1749
1631
1641
1634
1633
1640
1641
1633
1641
1747
1634
1747
1641
1750
1643
1642
1635
1636
1643
1635
1637
1643
1636
1643
1637
1644
1645
1644
1637
1638
1645
1637
1749
1645
1638
1645
1749
1752
1647
1640
1639
1646
1647
1639
1647
1641
1640
1641
1647
1648
1753
1750
1641
1648
1753
1641
1643
1649
1642
1649
1643
1650
1651
1650
1643
1644
1651
1643
1645
1751
1644
1751
1645
1752
1751
1651
1644
1651
1751
1756
1652
1647
1646
1647
1652
1653
1654
1648
1647
1653
1654
1647
1654
1753
1648
1753
1654
1758
1755
1754
1649
1650
1755
1649
1759
1655
1649
1754
1759
1649
1651
1755
1650
1755
1651
1756
1656
1653
1652
1653
1656
1657
1658
1654
1653
1657
1658
1653
1658
1758
1654
1758
1658
1765
1766
1659
1655
1759
1766
1655
1763
1657
1656
1657
1763
1764
1660
1763
1656
1763
1660
1770
1765
1658
1657
1764
1765
1657
1775
1661
1659
1766
1775
1659
1663
1770
1660
1770
1663
1778
1667
1666
1661
1662
1667
1661
1776
1662
1661
1775
1776
1661
1776
1667
1662
1667
1776
1784
1779
1778
1663
1664
1779
1663
1669
1665
1664
1665
1669
1670
1665
1779
1664
1779
1665
1780
1789
1780
1665
1670
1789
1665
1785
1668
1667
1784
1785
1667
1785
1672
1668
1672
1785
1793
1676
1670
1669
1675
1676
1669
1676
1671
1670
1671
1676
1677
1671
1789
1670
1789
1671
1790
1797
1790
1671
1677
1797
1671
1793
1673
1672
1673
1793
1794
1679
1678
1673
1674
1679
1673
1795
1674
1673
1794
1795
1673
1795
1679
1674
1679
1795
1800
1684
1676
1675
1683
1684
1675
1684
1677
1676
1677
1684
1685
1804
1797
1677
1685
1804
1677
1807
1688
1679
1800
1807
1679
1689
1681
1680
1681
1689
1690
1691
1682
1681
1690
1691
1681
1694
1684
1683
1693
1694
1683
1694
1685
1684
1685
1694
1695
1696
1686
1685
1695
1696
1685
1805
1804
1685
1686
1805
1685
1696
1687
1686
1687
1696
1697
1687
1805
1686
1805
1687
1806
1811
1806
1687
1697
1811
1687
1807
1689
1688
1689
1807
1808
1809
1690
1689
1808
1809
1689
1698
1691
1690
1691
1698
1699
1809
1698
1690
1698
1809
1812
1700
1692
1691
1699
1700
1691
1705
1694
1693
1704
1705
1693
1705
1695
1694
1695
1705
1706
1707
1696
1695
1706
1707
1695
1707
1697
1696
1697
1707
1708
1822
1811
1697
1708
1822
1697
1812
1699
1698
1699
1812
1813
1814
1700
1699
1813
1814
1699
1814
1701
1700
1701
1814
1815
1816
1702
1701
1815
1816
1701
1816
1703
1702
1703
1816
1817
1818
1704
1703
1817
1818
1703
1818
1705
1704
1705
1818
1819
1820
1706
1705
1819
1820
1705
1820
1707
1706
1707
1820
1821
1822
1708
1707
1821
1822
1707
1830
1829
1709
1710
1830
1709
1833
1714
1709
1829
1833
1709
1711
1830
1710
1830
1711
1831
1716
1712
1711
1715
1716
1711
1832
1831
1711
1712
1832
1711
1716
1832
1712
1832
1716
1836
1719
1718
1713
1714
1719
1713
1833
1719
1714
1719
1833
1838
1720
1836
1716
1836
1720
1841
1723
1722
1717
1718
1723
1717
1719
1837
1718
1837
1719
1838
1837
1723
1718
1723
1837
1842
1724
1841
1720
1841
1724
1844
1727
1726
1721
1722
1727
1721
1723
1727
1722
1727
1723
1728
1847
1728
1723
1842
1847
1723
1725
1844
1724
1844
1725
1845
1848
1845
1725
1729
1848
1725
1727
1731
1726
1731
1727
1732
1847
1846
1727
1728
1847
1727
1851
1732
1727
1846
1851
1727
1849
1848
1729
1730
1849
1729
1733
1849
1730
1849
1733
1852
1851
1850
1731
1732
1851
1731
1854
1735
1731
1850
1854
1731
1853
1852
1733
1734
1853
1733
1736
1853
1734
1853
1736
1855
1857
1738
1735
1854
1857
1735
1737
1855
1736
1855
1737
1856
1858
1856
1737
1739
1858
1737
1857
1740
1738
1740
1857
1859
1860
1858
1739
1741
1860
1739
1859
1742
1740
1742
1859
1861
1862
1860
1741
1744
1862
1741
1861
1746
1742
1746
1861
1864
1748
1744
1743
1747
1748
1743
1748
1862
1744
1862
1748
1866
1864
1863
1745
1746
1864
1745
1867
1749
1745
1863
1867
1745
1866
1748
1747
1865
1866
1747
1869
1865
1747
1750
1869
1747
1871
1752
1749
1867
1871
1749
1753
1869
1750
1869
1753
1872
1757
1756
1751
1752
1757
1751
1871
1757
1752
1757
1871
1874
1875
1872
1753
1758
1875
1753
1755
1759
1754
1759
1755
1760
1761
1760
1755
1756
1761
1755
1757
1761
1756
1761
1757
1762
1877
1762
1757
1874
1877
1757
1765
1875
1758
1875
1765
1878
1767
1766
1759
1760
1767
1759
1761
1767
1760
1767
1761
1768
1769
1768
1761
1762
1769
1761
1877
1769
1762
1769
1877
1881
1771
1764
1763
1770
1771
1763
1771
1765
1764
1765
1771
1772
1882
1878
1765
1772
1882
1765
1767
1775
1766
1775
1767
1776
1777
1776
1767
1768
1777
1767
1769
1880
1768
1880
1769
1881
1880
1777
1768
1777
1880
1885
1778
1771
1770
1771
1778
1779
1780
1772
1771
1779
1780
1771
1780
1773
1772
1773
1780
1781
1773
1882
1772
1882
1773
1883
1782
1774
1773
1781
1782
1773
1884
1883
1773
1774
1884
1773
1782
1884
1774
1884
1782
1888
1777
1784
1776
1784
1777
1785
1890
1785
1777
1885
1890
1777
1789
1781
1780
1781
1789
1790
1791
1782
1781
1790
1791
1781
1791
1783
1782
1783
1791
1792
1783
1888
1782
1888
1783
1889
1894
1889
1783
1792
1894
1783
1794
1793
1785
1786
1794
1785
1891
1786
1785
1890
1891
1785
1787
1794
1786
1794
1787
1795
1891
1787
1786
1787
1891
1892
1796
1795
1787
1788
1796
1787
1893
1788
1787
1892
1893
1787
1893
1796
1788
1796
1893
1895
1797
1791
1790
1791
1797
1798
1799
1792
1791
1798
1799
1791
1799
1894
1792
1894
1799
1897
1801
1800
1795
1796
1801
1795
1895
1801
1796
1801
1895
1899
1805
1798
1797
1804
1805
1797
1805
1799
1798
1799
1805
1806
1902
1897
1799
1806
1902
1799
1801
1807
1800
1807
1801
1808
1809
1808
1801
1802
1809
1801
1900
1802
1801
1899
1900
1801
1803
1809
1802
1809
1803
1810
1900
1803
1802
1803
1900
1901
1904
1810
1803
1901
1904
1803
1811
1902
1806
1902
1811
1905
1813
1812
1809
1810
1813
1809
1904
1813
1810
1813
1904
1907
1912
1905
1811
1822
1912
1811
1908
1814
1813
1907
1908
1813
1908
1815
1814
1815
1908
1909
1910
1816
1815
1909
1910
1815
1823
1817
1816
1817
1823
1824
1910
1823
1816
1823
1910
1914
1825
1818
1817
1824
1825
1817
1825
1819
1818
1819
1825
1826
1827
1820
1819
1826
1827
1819
1827
1821
1820
1821
1827
1828
1912
1822
1821
1911
1912
1821
1919
1911
1821
1828
1919
1821
1915
1824
1823
1914
1915
1823
1915
1825
1824
1825
1915
1916
1917
1826
1825
1916
1917
1825
1917
1827
1826
1827
1917
1918
1919
1828
1827
1918
1919
1827
1834
1833
1829
1830
1834
1829
1831
1834
1830
1834
1831
1835
1836
1835
1831
1832
1836
1831
1839
1838
1833
1834
1839
1833
1835
1839
1834
1839
1835
1840
1841
1840
1835
1836
1841
1835
1843
1842
1837
1838
1843
1837
1839
1921
1838
1921
1839
1922
1921
1843
1838
1843
1921
1926
1923
1922
1839
1840
1923
1839
1841
1923
1840
1923
1841
1924
1927
1924
1841
1844
1927
1841
1843
1925
1842
1925
1843
1926
1925
1847
1842
1847
1925
1930
1845
1927
1844
1927
1845
1928
1931
1928
1845
1848
1931
1845
1847
1929
1846
1929
1847
1930
1929
1851
1846
1851
1929
1934
1849
1931
1848
1931
1849
1932
1937
1932
1849
1852
1937
1849
1851
1933
1850
1933
1851
1934
1933
1854
1850
1854
1933
1939
1853
1937
1852
1937
1853
1938
1942
1938
1853
1855
1942
1853
1939
1857
1854
1857
1939
1944
1943
1942
1855
1856
1943
1855
1858
1943
1856
1943
1858
1947
1948
1859
1857
1944
1948
1857
1860
1947
1858
1947
1860
1949
1950
1861
1859
1948
1950
1859
1862
1949
1860
1949
1862
1951
1952
1864
1861
1950
1952
1861
1866
1951
1862
1951
1866
1953
1868
1867
1863
1864
1868
1863
1952
1868
1864
1868
1952
1955
1870
1866
1865
1869
1870
1865
1870
1953
1866
1953
1870
1956
1955
1954
1867
1868
1955
1867
1957
1871
1867
1954
1957
1867
1873
1870
1869
1872
1873
1869
1873
1956
1870
1956
1873
1958
1959
1874
1871
1957
1959
1871
1875
1873
1872
1873
1875
1876
1960
1958
1873
1876
1960
1873
1959
1877
1874
1877
1959
1961
1879
1876
1875
1878
1879
1875
1879
1960
1876
1960
1879
1962
1963
1881
1877
1961
1963
1877
1882
1879
1878
1879
1882
1883
1965
1962
1879
1883
1965
1879
1881
1885
1880
1885
1881
1886
1968
1886
1881
1963
1968
1881
1966
1965
1883
1884
1966
1883
1888
1966
1884
1966
1888
1971
1891
1890
1885
1886
1891
1885
1887
1891
1886
1891
1887
1892
1968
1887
1886
1887
1968
1969
1974
1892
1887
1969
1974
1887
1889
1971
1888
1971
1889
1972
1976
1972
1889
1894
1976
1889
1974
1893
1892
1893
1974
1975
1978
1895
1893
1975
1978
1893
1897
1976
1894
1976
1897
1980
1900
1899
1895
1896
1900
1895
1979
1896
1895
1978
1979
1895
1979
1900
1896
1900
1979
1982
1903
1898
1897
1902
1903
1897
1981
1980
1897
1898
1981
1897
1903
1981
1898
1981
1903
1984
1982
1901
1900
1901
1982
1983
1985
1904
1901
1983
1985
1901
1905
1903
1902
1903
1905
1906
1987
1984
1903
1906
1987
1903
1985
1907
1904
1907
1985
1988
1913
1906
1905
1912
1913
1905
1913
1987
1906
1987
1913
1993
1989
1908
1907
1988
1989
1907
1989
1909
1908
1909
1989
1990
1991
1910
1909
1990
1991
1909
1991
1914
1910
1914
1991
1994
1920
1912
1911
1919
1920
1911
1992
1913
1912
1913
1992
1993
1920
1992
1912
1992
1920
2000
1994
1915
1914
1915
1994
1995
1996
1916
1915
1995
1996
1915
1996
1917
1916
1917
1996
1997
1998
1918
1917
1997
1998
1917
1998
1919
1918
1919
1998
1999
2000
1920
1919
1999
2000
1919
2003
2002
1921
1922
2003
1921
2007
1926
1921
2002
2007
1921
1923
2003
1922
2003
1923
2004
2005
2004
1923
1924
2005
1923
1927
2005
1924
2005
1927
2008
2007
2006
1925
1926
2007
1925
2010
1930
1925
2006
2010
1925
2009
2008
1927
1928
2009
1927
1931
2009
1928
2009
1931
2013
1935
1934
1929
1930
1935
1929
2010
1935
1930
1935
2010
2014
1937
1936
1931
1932
1937
1931
2015
2013
1931
1936
2015
1931
1940
1939
1933
1934
1940
1933
1935
1940
1934
1940
1935
1941
2019
1941
1935
2014
2019
1935
1937
2015
1936
2015
1937
2016
2017
2016
1937
1938
2017
1937
1942
2017
1938
2017
1942
2020
1945
1944
1939
1940
1945
1939
1941
2018
1940
2018
1941
2019
2018
1945
1940
1945
2018
2022
1943
1946
1942
1946
1943
1947
1946
2020
1942
2020
1946
2023
1945
2021
1944
2021
1945
2022
2021
1948
1944
1948
2021
2025
1947
2023
1946
2023
1947
2024
2027
2024
1947
1949
2027
1947
2025
1950
1948
1950
2025
2028
2030
2027
1949
1951
2030
1949
2028
1952
1950
1952
2028
2031
2032
2030
1951
1953
2032
1951
2031
1955
1952
1955
2031
2034
2035
2032
1953
1956
2035
1953
1955
2033
1954
2033
1955
2034
2033
1957
1954
1957
2033
2036
1958
2035
1956
2035
1958
2038
2039
1959
1957
2036
2039
1957
1960
2038
1958
2038
1960
2041
2043
1961
1959
2039
2043
1959
1962
2041
1960
2041
1962
2045
2048
1963
1961
2043
2048
1961
1965
2045
1962
2045
1965
2050
1969
1968
1963
1964
1969
1963
2049
1964
1963
2048
2049
1963
2049
1969
1964
1969
2049
2053
2051
2050
1965
1966
2051
1965
1971
1967
1966
1967
1971
1972
1967
2051
1966
2051
1967
2052
2055
2052
1967
1972
2055
1967
1975
1974
1969
1970
1975
1969
2054
1970
1969
2053
2054
1969
2054
1975
1970
1975
2054
2057
1976
1973
1972
1973
1976
1977
1973
2055
1972
2055
1973
2056
2058
2056
1973
1977
2058
1973
2059
1978
1975
2057
2059
1975
1980
1977
1976
1977
1980
1981
2061
2058
1977
1981
2061
1977
2059
1979
1978
1979
2059
2060
2062
1982
1979
2060
2062
1979
2065
2061
1981
1984
2065
1981
2062
1983
1982
1983
2062
2063
2066
1985
1983
2063
2066
1983
1987
2065
1984
2065
1987
2069
1989
1988
1985
1986
1989
1985
2067
1986
1985
2066
2067
1985
2067
1989
1986
1989
2067
2070
2074
2069
1987
1993
2074
1987
2071
1990
1989
2070
2071
1989
2071
1991
1990
1991
2071
2072
2075
1994
1991
2072
2075
1991
2000
1993
1992
1993
2000
2001
2082
2074
1993
2001
2082
1993
2075
1995
1994
1995
2075
2076
2077
1996
1995
2076
2077
1995
2077
1997
1996
1997
2077
2078
2079
1998
1997
2078
2079
1997
2079
1999
1998
1999
2079
2080
2081
2000
1999
2080
2081
1999
2081
2001
2000
2001
2081
2082
2003
2083
2002
2083
2003
2084
2083
2007
2002
2007
2083
2087
2085
2084
2003
2004
2085
2003
2005
2085
2004
2085
2005
2086
2090
2086
2005
2008
2090
2005
2007
2010
2006
2010
2007
2011
2092
2011
2007
2087
2092
2007
2009
2012
2008
2012
2009
2013
2012
2090
2008
2090
2012
2094
2011
2091
2010
2091
2011
2092
2091
2014
2010
2014
2091
2096
2013
2094
2012
2094
2013
2095
2098
2095
2013
2015
2098
2013
2096
2019
2014
2019
2096
2102
2099
2098
2015
2016
2099
2015
2017
2099
2016
2099
2017
2100
2104
2100
2017
2020
2104
2017
2019
2101
2018
2101
2019
2102
2101
2022
2018
2022
2101
2105
2023
2104
2020
2104
2023
2107
2026
2025
2021
2022
2026
2021
2105
2026
2022
2026
2105
2109
2108
2107
2023
2024
2108
2023
2027
2108
2024
2108
2027
2112
2029
2028
2025
2026
2029
2025
2109
2029
2026
2029
2109
2114
2116
2112
2027
2030
2116
2027
2029
2113
2028
2113
2029
2114
2113
2031
2028
2031
2113
2117
2032
2116
2030
2116
2032
2119
2120
2034
2031
2117
2120
2031
2035
2119
2032
2119
2035
2121
2037
2036
2033
2034
2037
2033
2120
2037
2034
2037
2120
2122
2123
2121
2035
2038
2123
2035
2037
2039
2036
2039
2037
2040
2124
2040
2037
2122
2124
2037
2041
2123
2038
2123
2041
2125
2044
2043
2039
2040
2044
2039
2124
2044
2040
2044
2124
2127
2046
2042
2041
2045
2046
2041
2126
2125
2041
2042
2126
2041
2046
2126
2042
2126
2046
2128
2049
2048
2043
2044
2049
2043
2127
2049
2044
2049
2127
2130
2051
2046
2045
2050
2051
2045
2051
2047
2046
2047
2051
2052
2047
2128
2046
2128
2047
2129
2131
2129
2047
2052
2131
2047
2132
2053
2049
2130
2132
2049
2055
2131
2052
2131
2055
2134
2133
2054
2053
2132
2133
2053
2133
2057
2054
2057
2133
2136
2135
2134
2055
2056
2135
2055
2058
2135
2056
2135
2058
2137
2138
2059
2057
2136
2138
2057
2061
2137
2058
2137
2061
2140
2139
2060
2059
2138
2139
2059
2139
2062
2060
2062
2139
2141
2145
2140
2061
2065
2145
2061
2141
2063
2062
2063
2141
2142
2067
2066
2063
2064
2067
2063
2143
2064
2063
2142
2143
2063
2143
2067
2064
2067
2143
2146
2148
2145
2065
2069
2148
2065
2071
2070
2067
2068
2071
2067
2147
2068
2067
2146
2147
2067
2147
2071
2068
2071
2147
2149
2153
2148
2069
2074
2153
2069
2150
2072
2071
2149
2150
2071
2073
2075
2072
2075
2073
2076
2150
2073
2072
2073
2150
2151
2154
2076
2073
2151
2154
2073
2082
2153
2074
2153
2082
2160
2154
2077
2076
2077
2154
2155
2156
2078
2077
2155
2156
2077
2156
2079
2078
2079
2156
2157
2158
2080
2079
2157
2158
2079
2158
2081
2080
2081
2158
2159
2160
2082
2081
2159
2160
2081
2088
2087
2083
2084
2088
2083
2085
2088
2084
2088
2085
2089
2090
2089
2085
2086
2090
2085
2162
2161
2087
2088
2162
2087
2164
2092
2087
2161
2164
2087
2089
2162
2088
2162
2089
2163
2094
2093
2089
2090
2094
2089
2166
2163
2089
2093
2166
2089
2097
2096
2091
2092
2097
2091
2164
2097
2092
2097
2164
2170
2167
2166
2093
2094
2167
2093
2095
2167
2094
2167
2095
2168
2171
2168
2095
2098
2171
2095
2097
2169
2096
2169
2097
2170
2169
2102
2096
2102
2169
2173
2099
2171
2098
2171
2099
2172
2104
2103
2099
2100
2104
2099
2174
2172
2099
2103
2174
2099
2106
2105
2101
2102
2106
2101
2173
2106
2102
2106
2173
2176
2175
2174
2103
2104
2175
2103
2107
2175
2104
2175
2107
2178
2110
2109
2105
2106
2110
2105
2176
2110
2106
2110
2176
2180
2112
2111
2107
2108
2112
2107
2182
2178
2107
2111
2182
2107
2180
2179
2109
2110
2180
2109
2184
2114
2109
2179
2184
2109
2116
2115
2111
2112
2116
2111
2187
2182
2111
2115
2187
2111
2184
2183
2113
2114
2184
2113
2188
2117
2113
2183
2188
2113
2119
2118
2115
2116
2119
2115
2190
2187
2115
2118
2190
2115
2192
2120
2117
2188
2192
2117
2119
2190
2118
2190
2119
2191
2194
2191
2119
2121
2194
2119
2192
2122
2120
2122
2192
2195
2197
2194
2121
2123
2197
2121
2195
2124
2122
2124
2195
2198
2200
2197
2123
2125
2200
2123
2198
2127
2124
2127
2198
2202
2201
2200
2125
2126
2201
2125
2128
2201
2126
2201
2128
2205
2207
2130
2127
2202
2207
2127
2129
2205
2128
2205
2129
2206
2209
2206
2129
2131
2209
2129
2207
2132
2130
2132
2207
2210
2213
2209
2131
2134
2213
2131
2210
2133
2132
2133
2210
2211
2215
2136
2133
2211
2215
2133
2135
2213
2134
2213
2135
2214
2218
2214
2135
2137
2218
2135
2215
2138
2136
2138
2215
2219
2222
2218
2137
2140
2222
2137
2219
2139
2138
2139
2219
2220
2223
2141
2139
2220
2223
2139
2145
2222
2140
2222
2145
2227
2224
2142
2141
2223
2224
2141
2224
2143
2142
2143
2224
2225
2147
2146
2143
2144
2147
2143
2226
2144
2143
2225
2226
2143
2226
2147
2144
2147
2226
2228
2229
2227
2145
2148
2229
2145
2230
2149
2147
2228
2230
2147
2153
2229
2148
2229
2153
2234
2231
2150
2149
2230
2231
2149
2231
2151
2150
2151
2231
2232
2155
2154
2151
2152
2155
2151
2233
2152
2151
2232
2233
2151
2233
2155
2152
2155
2233
2235
2240
2234
2153
2160
2240
2153
2236
2156
2155
2235
2236
2155
2236
2157
2156
2157
2236
2237
2238
2158
2157
2237
2238
2157
2238
2159
2158
2159
2238
2239
2240
2160
2159
2239
2240
2159
2165
2164
2161
2162
2165
2161
2163
2165
2162
2165
2163
2166
2165
2241
2164
2241
2165
2242
2241
2170
2164
2170
2241
2247
2243
2242
2165
2166
2243
2165
2167
2243
2166
2243
2167
2244
2245
2244
2167
2168
2245
2167
2171
2245
2168
2245
2171
2249
2247
2246
2169
2170
2247
2169
2251
2173
2169
2246
2251
2169
2250
2249
2171
2172
2250
2171
2174
2250
2172
2250
2174
2254
2255
2176
2173
2251
2255
2173
2175
2177
2174
2177
2175
2178
2177
2254
2174
2254
2177
2258
2255
2180
2176
2180
2255
2259
2182
2181
2177
2178
2182
2177
2261
2258
2177
2181
2261
2177
2185
2184
2179
2180
2185
2179
2259
2185
2180
2185
2259
2263
2187
2186
2181
2182
2187
2181
2264
2261
2181
2186
2264
2181
2189
2188
2183
2184
2189
2183
2185
2262
2184
2262
2185
2263
2262
2189
2184
2189
2262
2266
2187
2264
2186
2264
2187
2265
2267
2265
2187
2190
2267
2187
2189
2192
2188
2192
2189
2193
2269
2193
2189
2266
2269
2189
2191
2267
2190
2267
2191
2268
2271
2268
2191
2194
2271
2191
2193
2195
2192
2195
2193
2196
2272
2196
2193
2269
2272
2193
2197
2271
2194
2271
2197
2274
2199
2198
2195
2196
2199
2195
2272
2199
2196
2199
2272
2275
2277
2274
2197
2200
2277
2197
2199
2202
2198
2202
2199
2203
2278
2203
2199
2275
2278
2199
2201
2204
2200
2204
2201
2205
2204
2277
2200
2277
2204
2280
2203
2207
2202
2207
2203
2208
2283
2208
2203
2278
2283
2203
2205
2280
2204
2280
2205
2281
2282
2281
2205
2206
2282
2205
2209
2282
2206
2282
2209
2285
2211
2210
2207
2208
2211
2207
2283
2211
2208
2211
2283
2286
2288
2285
2209
2213
2288
2209
2216
2215
2211
2212
2216
2211
2287
2212
2211
2286
2287
2211
2287
2216
2212
2216
2287
2289
2218
2217
2213
2214
2218
2213
2291
2288
2213
2217
2291
2213
2220
2219
2215
2216
2220
2215
2289
2220
2216
2220
2289
2293
2292
2291
2217
2218
2292
2217
2222
2292
2218
2292
2222
2296
2221
2223
2220
2223
2221
2224
2293
2221
2220
2221
2293
2294
2297
2224
2221
2294
2297
2221
2227
2296
2222
2296
2227
2301
2297
2225
2224
2225
2297
2298
2299
2226
2225
2298
2299
2225
2299
2228
2226
2228
2299
2302
2305
2301
2227
2229
2305
2227
2302
2230
2228
2230
2302
2306
2314
2305
2229
2234
2314
2229
2306
2231
2230
2231
2306
2307
2308
2232
2231
2307
2308
2231
2308
2233
2232
2233
2308
2309
2315
2235
2233
2309
2315
2233
2240
2314
2234
2314
2240
2320
2316
2236
2235
2315
2316
2235
2316
2237
2236
2237
2316
2317
2318
2238
2237
2317
2318
2237
2318
2239
2238
2239
2318
2319
2320
2240
2239
2319
2320
2239
2248
2247
2241
2242
2248
2241
2243
2321
2242
2321
2243
2322
2321
2248
2242
2248
2321
2326
2323
2322
2243
2244
2323
2243
2245
2323
2244
2323
2245
2324
2328
2324
2245
2249
2328
2245
2247
2251
2246
2251
2247
2252
2326
2325
2247
2248
2326
2247
2329
2252
2247
2325
2329
2247
2254
2253
2249
2250
2254
2249
2331
2328
2249
2253
2331
2249
2256
2255
2251
2252
2256
2251
2329
2256
2252
2256
2329
2333
2258
2257
2253
2254
2258
2253
2334
2331
2253
2257
2334
2253
2333
2332
2255
2256
2333
2255
2335
2259
2255
2332
2335
2255
2261
2260
2257
2258
2261
2257
2337
2334
2257
2260
2337
2257
2340
2263
2259
2335
2340
2259
2261
2337
2260
2337
2261
2338
2342
2338
2261
2264
2342
2261
2263
2339
2262
2339
2263
2340
2339
2266
2262
2266
2339
2344
2265
2342
2264
2342
2265
2343
2347
2343
2265
2267
2347
2265
2344
2269
2266
2269
2344
2348
2271
2270
2267
2268
2271
2267
2350
2347
2267
2270
2350
2267
2352
2272
2269
2348
2352
2269
2271
2350
2270
2350
2271
2351
2355
2351
2271
2274
2355
2271
2273
2275
2272
2275
2273
2276
2352
2273
2272
2273
2352
2353
2356
2276
2273
2353
2356
2273
2277
2355
2274
2355
2277
2358
2279
2278
2275
2276
2279
2275
2356
2279
2276
2279
2356
2359
2361
2358
2277
2280
2361
2277
2279
2283
2278
2283
2279
2284
2364
2284
2279
2359
2364
2279
2281
2361
2280
2361
2281
2362
2363
2362
2281
2282
2363
2281
2285
2363
2282
2363
2285
2365
2287
2286
2283
2284
2287
2283
2364
2287
2284
2287
2364
2366
2368
2365
2285
2288
2368
2285
2369
2289
2287
2366
2369
2287
2291
2368
2288
2368
2291
2372
2294
2293
2289
2290
2294
2289
2370
2290
2289
2369
2370
2289
2370
2294
2290
2294
2370
2374
2373
2372
2291
2292
2373
2291
2296
2373
2292
2373
2296
2377
2295
2297
2294
2297
2295
2298
2374
2295
2294
2295
2374
2375
2378
2298
2295
2375
2378
2295
2301
2377
2296
2377
2301
2381
2378
2299
2298
2299
2378
2379
2382
2302
2299
2379
2382
2299
2301
2304
2300
2304
2301
2305
2380
2301
2300
2301
2380
2381
2304
2380
2300
2380
2304
2385
2303
2306
2302
2306
2303
2307
2382
2303
2302
2303
2382
2383
2386
2307
2303
2383
2386
2303
2305
2313
2304
2313
2305
2314
2313
2385
2304
2385
2313
2392
2387
2308
2307
2386
2387
2307
2387
2309
2308
2309
2387
2388
2316
2315
2309
2310
2316
2309
2389
2310
2309
2388
2389
2309
2311
2316
2310
2316
2311
2317
2389
2311
2310
2311
2389
2390
2318
2317
2311
2312
2318
2311
2391
2312
2311
2390
2391
2311
2313
2318
2312
2318
2313
2319
2391
2313
2312
2313
2391
2392
2320
2319
2313
2314
2320
2313
2394
2393
2321
2322
2394
2321
2397
2326
2321
2393
2397
2321
2323
2394
2322
2394
2323
2395
2328
2327
2323
2324
2328
2323
2399
2395
2323
2327
2399
2323
2397
2396
2325
2326
2397
2325
2400
2329
2325
2396
2400
2325
2331
2330
2327
2328
2331
2327
2403
2399
2327
2330
2403
2327
2405
2333
2329
2400
2405
2329
2331
2403
2330
2403
2331
2404
2408
2404
2331
2334
2408
2331
2333
2335
2332
2335
2333
2336
2409
2336
2333
2405
2409
2333
2337
2408
2334
2408
2337
2411
2341
2340
2335
2336
2341
2335
2409
2341
2336
2341
2409
2413
2412
2411
2337
2338
2412
2337
2342
2412
2338
2412
2342
2415
2345
2344
2339
2340
2345
2339
2341
2345
2340
2345
2341
2346
2418
2346
2341
2413
2418
2341
2343
2415
2342
2415
2343
2416
2420
2416
2343
2347
2420
2343
2345
2348
2344
2348
2345
2349
2418
2417
2345
2346
2418
2345
2421
2349
2345
2417
2421
2345
2423
2420
2347
2350
2423
2347
2349
2352
2348
2352
2349
2353
2424
2353
2349
2421
2424
2349
2351
2354
2350
2354
2351
2355
2354
2423
2350
2423
2354
2426
2427
2356
2353
2424
2427
2353
2355
2357
2354
2357
2355
2358
2357
2426
2354
2426
2357
2429
2427
2359
2356
2359
2427
2430
2361
2360
2357
2358
2361
2357
2432
2429
2357
2360
2432
2357
2436
2364
2359
2430
2436
2359
2361
2432
2360
2432
2361
2433
2434
2433
2361
2362
2434
2361
2363
2434
2362
2434
2363
2435
2439
2435
2363
2365
2439
2363
2436
2366
2364
2366
2436
2440
2443
2439
2365
2368
2443
2365
2367
2369
2366
2369
2367
2370
2440
2367
2366
2367
2440
2441
2444
2370
2367
2441
2444
2367
2372
2443
2368
2443
2372
2446
2371
2374
2370
2374
2371
2375
2444
2371
2370
2371
2444
2445
2447
2375
2371
2445
2447
2371
2373
2376
2372
2376
2373
2377
2376
2446
2372
2446
2376
2448
2449
2378
2375
2447
2449
2375
2377
2380
2376
2380
2377
2381
2380
2448
2376
2448
2380
2452
2449
2379
2378
2379
2449
2450
2453
2382
2379
2450
2453
2379
2385
2452
2380
2452
2385
2459
2453
2383
2382
2383
2453
2454
2387
2386
2383
2384
2387
2383
2455
2384
2383
2454
2455
2383
2455
2387
2384
2387
2455
2460
2465
2459
2385
2392
2465
2385
2461
2388
2387
2460
2461
2387
2461
2389
2388
2389
2461
2462
2463
2390
2389
2462
2463
2389
2463
2391
2390
2391
2463
2464
2465
2392
2391
2464
2465
2391
2398
2397
2393
2394
2398
2393
2395
2398
2394
2398
2395
2399
2397
2400
2396
2400
2397
2401
2402
2401
2397
2398
2402
2397
2399
2402
2398
2402
2399
2403
2401
2405
2400
2405
2401
2406
2467
2466
2401
2402
2467
2401
2470
2406
2401
2466
2470
2401
2403
2467
2402
2467
2403
2468
2408
2407
2403
2404
2408
2403
2472
2468
2403
2407
2472
2403
2470
2469
2405
2406
2470
2405
2473
2409
2405
2469
2473
2405
2411
2410
2407
2408
2411
2407
2476
2472
2407
2410
2476
2407
2478
2413
2409
2473
2478
2409
2411
2476
2410
2476
2411
2477
2415
2414
2411
2412
2415
2411
2482
2477
2411
2414
2482
2411
2484
2418
2413
2478
2484
2413
2415
2482
2414
2482
2415
2483
2420
2419
2415
2416
2420
2415
2486
2483
2415
2419
2486
2415
2422
2421
2417
2418
2422
2417
2484
2422
2418
2422
2484
2488
2487
2486
2419
2420
2487
2419
2423
2487
2420
2487
2423
2491
2425
2424
2421
2422
2425
2421
2488
2425
2422
2425
2488
2492
2494
2491
2423
2426
2494
2423
2425
2427
2424
2427
2425
2428
2495
2428
2425
2492
2495
2425
2429
2494
2426
2494
2429
2497
2431
2430
2427
2428
2431
2427
2495
2431
2428
2431
2495
2498
2500
2497
2429
2432
2500
2429
2431
2436
2430
2436
2431
2437
2503
2437
2431
2498
2503
2431
2433
2500
2432
2500
2433
2501
2502
2501
2433
2434
2502
2433
2435
2438
2434
2438
2435
2439
2438
2502
2434
2502
2438
2507
2437
2440
2436
2440
2437
2441
2508
2441
2437
2503
2508
2437
2439
2442
2438
2442
2439
2443
2442
2507
2438
2507
2442
2512
2514
2444
2441
2508
2514
2441
2443
2512
2442
2512
2443
2513
2518
2513
2443
2446
2518
2443
2514
2445
2444
2445
2514
2515
2519
2447
2445
2515
2519
2445
2448
2518
2446
2518
2448
2522
2523
2449
2447
2519
2523
2447
2452
2522
2448
2522
2452
2529
2524
2450
2449
2523
2524
2449
2451
2453
2450
2453
2451
2454
2524
2451
2450
2451
2524
2525
2530
2454
2451
2525
2530
2451
2459
2529
2452
2529
2459
2536
2530
2455
2454
2455
2530
2531
2461
2460
2455
2456
2461
2455
2532
2456
2455
2531
2532
2455
2532
2461
2456
2461
2532
2537
2464
2463
2457
2458
2464
2457
2535
2458
2457
2534
2535
2457
2539
2534
2457
2463
2539
2457
2459
2464
2458
2464
2459
2465
2535
2459
2458
2459
2535
2536
2538
2462
2461
2537
2538
2461
2538
2463
2462
2463
2538
2539
2467
2470
2466
2470
2467
2471
2472
2471
2467
2468
2472
2467
2474
2473
2469
2470
2474
2469
2471
2474
2470
2474
2471
2475
2476
2475
2471
2472
2476
2471
2479
2478
2473
2474
2479
2473
2475
2479
2474
2479
2475
2480
2541
2540
2475
2476
2541
2475
2544
2480
2475
2540
2544
2475
2477
2481
2476
2481
2477
2482
2481
2541
2476
2541
2481
2545
2479
2542
2478
2542
2479
2543
2542
2484
2478
2484
2542
2547
2544
2543
2479
2480
2544
2479
2546
2545
2481
2482
2546
2481
2483
2485
2482
2485
2483
2486
2485
2546
2482
2546
2485
2549
2547
2488
2484
2488
2547
2550
2490
2489
2485
2486
2490
2485
2552
2549
2485
2489
2552
2485
2487
2490
2486
2490
2487
2491
2550
2492
2488
2492
2550
2554
2553
2552
2489
2490
2553
2489
2491
2493
2490
2493
2491
2494
2493
2553
2490
2553
2493
2556
2554
2495
2492
2495
2554
2557
2497
2496
2493
2494
2497
2493
2559
2556
2493
2496
2559
2493
2560
2498
2495
2557
2560
2495
2497
2499
2496
2499
2497
2500
2499
2559
2496
2559
2499
2562
2560
2503
2498
2503
2560
2564
2563
2562
2499
2500
2563
2499
2501
2505
2500
2505
2501
2506
2505
2563
2500
2563
2505
2568
2507
2506
2501
2502
2507
2501
2509
2508
2503
2504
2509
2503
2565
2504
2503
2564
2565
2503
2565
2509
2504
2509
2565
2570
2569
2568
2505
2506
2569
2505
2507
2511
2506
2511
2507
2512
2511
2569
2506
2569
2511
2572
2509
2514
2508
2514
2509
2515
2516
2515
2509
2510
2516
2509
2571
2510
2509
2570
2571
2509
2571
2516
2510
2516
2571
2574
2573
2572
2511
2512
2573
2511
2513
2517
2512
2517
2513
2518
2517
2573
2512
2573
2517
2576
2520
2519
2515
2516
2520
2515
2574
2520
2516
2520
2574
2577
2522
2521
2517
2518
2522
2517
2579
2576
2517
2521
2579
2517
2524
2523
2519
2520
2524
2519
2577
2524
2520
2524
2577
2581
2580
2579
2521
2522
2580
2521
2529
2580
2522
2580
2529
2588
2581
2525
2524
2525
2581
2582
2531
2530
2525
2526
2531
2525
2583
2526
2525
2582
2583
2525
2527
2531
2526
2531
2527
2532
2583
2527
2526
2527
2583
2584
2589
2532
2527
2584
2589
2527
2529
2535
2528
2535
2529
2536
2587
2529
2528
2529
2587
2588
2535
2587
2528
2587
2535
2592
2533
2537
2532
2537
2533
2538
2589
2533
2532
2533
2589
2590
2539
2538
2533
2534
2539
2533
2591
2534
2533
2590
2591
2533
2591
2535
2534
2535
2591
2592
2541
2544
2540
2544
2541
2545
2543
2547
2542
2547
2543
2548
2594
2593
2543
2544
2594
2543
2597
2548
2543
2593
2597
2543
2545
2594
2544
2594
2545
2595
2596
2595
2545
2546
2596
2545
2549
2596
2546
2596
2549
2600
2551
2550
2547
2548
2551
2547
2597
2551
2548
2551
2597
2601
2603
2600
2549
2552
2603
2549
2551
2554
2550
2554
2551
2555
2605
2555
2551
2601
2605
2551
2553
2603
2552
2603
2553
2604
2608
2604
2553
2556
2608
2553
2555
2557
2554
2557
2555
2558
2609
2558
2555
2605
2609
2555
2559
2608
2556
2608
2559
2611
2561
2560
2557
2558
2561
2557
2609
2561
2558
2561
2609
2612
2614
2611
2559
2562
2614
2559
2561
2564
2560
2564
2561
2565
2615
2565
2561
2612
2615
2561
2563
2567
2562
2567
2563
2568
2567
2614
2562
2614
2567
2618
2571
2570
2565
2566
2571
2565
2616
2566
2565
2615
2616
2565
2616
2571
2566
2571
2616
2621
2619
2618
2567
2568
2619
2567
2569
2619
2568
2619
2569
2620
2623
2620
2569
2572
2623
2569
2625
2574
2571
2621
2625
2571
2573
2623
2572
2623
2573
2624
2628
2624
2573
2576
2628
2573
2575
2577
2574
2577
2575
2578
2625
2575
2574
2575
2625
2626
2629
2578
2575
2626
2629
2575
2579
2628
2576
2628
2579
2634
2582
2581
2577
2578
2582
2577
2629
2582
2578
2582
2629
2635
2588
2587
2579
2580
2588
2579
2640
2634
2579
2587
2640
2579
2635
2583
2582
2583
2635
2636
2637
2584
2583
2636
2637
2583
2585
2589
2584
2589
2585
2590
2637
2585
2584
2585
2637
2638
2591
2590
2585
2586
2591
2585
2639
2586
2585
2638
2639
2585
2587
2591
2586
2591
2587
2592
2639
2587
2586
2587
2639
2640
2598
2597
2593
2594
2598
2593
2595
2598
2594
2598
2595
2599
2600
2599
2595
2596
2600
2595
2602
2601
2597
2598
2602
2597
2599
2641
2598
2641
2599
2642
2641
2602
2598
2602
2641
2644
2643
2642
2599
2600
2643
2599
2603
2643
2600
2643
2603
2646
2606
2605
2601
2602
2606
2601
2644
2606
2602
2606
2644
2647
2608
2607
2603
2604
2608
2603
2649
2646
2603
2607
2649
2603
2610
2609
2605
2606
2610
2605
2647
2610
2606
2610
2647
2651
2650
2649
2607
2608
2650
2607
2611
2650
2608
2650
2611
2654
2613
2612
2609
2610
2613
2609
2651
2613
2610
2613
2651
2655
2658
2654
2611
2614
2658
2611
2613
2615
2612
2615
2613
2616
2659
2616
2613
2655
2659
2613
2618
2658
2614
2658
2618
2662
2617
2621
2616
2621
2617
2622
2659
2617
2616
2617
2659
2660
2665
2622
2617
2660
2665
2617
2619
2662
2618
2662
2619
2663
2664
2663
2619
2620
2664
2619
2623
2664
2620
2664
2623
2669
2626
2625
2621
2622
2626
2621
2665
2626
2622
2626
2665
2670
2628
2627
2623
2624
2628
2623
2674
2669
2623
2627
2674
2623
2670
2629
2626
2629
2670
2675
2634
2633
2627
2628
2634
2627
2679
2674
2627
2633
2679
2627
2636
2635
2629
2630
2636
2629
2676
2630
2629
2675
2676
2629
2631
2636
2630
2636
2631
2637
2676
2631
2630
2631
2676
2677
2638
2637
2631
2632
2638
2631
2678
2632
2631
2677
2678
2631
2633
2638
2632
2638
2633
2639
2678
2633
2632
2633
2678
2679
2640
2639
2633
2634
2640
2633
2645
2644
2641
2642
2645
2641
2643
2645
2642
2645
2643
2646
2645
2647
2644
2647
2645
2648
2649
2648
2645
2646
2649
2645
2652
2651
2647
2648
2652
2647
2649
2652
2648
2652
2649
2653
2654
2653
2649
2650
2654
2649
2656
2655
2651
2652
2656
2651
2653
2656
2652
2656
2653
2657
2658
2657
2653
2654
2658
2653
2660
2659
2655
2656
2660
2655
2657
2660
2656
2660
2657
2661
2662
2661
2657
2658
2662
2657
2661
2665
2660
2665
2661
2666
2681
2680
2661
2662
2681
2661
2683
2666
2661
2680
2683
2661
2663
2681
2662
2681
2663
2682
2669
2668
2663
2664
2669
2663
2685
2682
2663
2668
2685
2663
2671
2670
2665
2666
2671
2665
2667
2671
2666
2671
2667
2672
2683
2667
2666
2667
2683
2684
2673
2672
2667
2668
2673
2667
2685
2668
2667
2684
2685
2667
2669
2673
2668
2673
2669
2674
2671
2675
2670
2675
2671
2676
2677
2676
2671
2672
2677
2671
2673
2677
2672
2677
2673
2678
2679
2678
2673
2674
2679
2673
2681
2683
2680
2683
2681
2684
2685
2684
2681
2682
2685
2681
