3.03
7.32
23.19
2.95
7.33
23.17
3.15
7.39
22.88
2.95
7.41
22.85
4.57
7.54
21.59
4.15
7.44
21.83
3.50
7.37
22.22
3.00
7.36
22.22
4.73
7.43
21.09
4.21
7.19
21.21
3.59
7.14
21.36
3.02
7.25
21.40
4.90
7.34
20.33
4.29
7.07
20.41
3.64
7.03
20.48
3.03
7.19
20.51
4.97
7.23
19.51
4.33
7.04
19.58
3.67
7.03
19.62
3.06
7.21
19.65
4.98
7.21
18.74
4.35
7.10
18.80
3.70
7.14
18.85
3.13
7.32
18.89
8.61
7.62
16.55
8.38
7.55
16.64
4.94
7.28
18.16
4.39
7.29
18.14
3.73
7.40
18.20
3.22
7.49
18.37
8.61
7.56
16.24
8.19
7.39
16.33
7.63
7.33
16.24
7.17
7.38
16.15
8.59
7.55
15.80
8.20
7.36
15.80
7.70
7.31
15.77
7.24
7.42
15.74
8.51
7.60
15.49
8.18
7.51
15.43
7.70
7.46
15.42
7.37
7.44
15.48
3.01
7.44
23.20
2.89
7.46
23.17
3.12
7.71
22.93
2.76
7.80
22.82
2.38
8.20
22.56
4.70
7.97
21.69
4.20
7.93
22.12
3.60
7.86
22.54
2.60
7.67
22.18
2.24
8.15
22.09
5.08
7.93
21.08
2.53
7.59
21.39
2.15
8.11
21.36
5.93
8.09
19.84
5.48
7.88
20.24
2.52
7.56
20.51
2.12
8.10
20.51
6.70
8.31
18.88
6.21
8.07
19.24
5.59
7.61
19.39
2.56
7.59
19.65
2.16
8.12
19.65
6.95
8.16
18.32
6.32
7.80
18.41
5.60
7.49
18.55
2.67
7.70
18.86
2.28
8.18
18.91
8.64
7.98
16.68
8.17
7.87
16.99
7.37
7.94
17.49
6.46
7.67
17.53
5.43
7.54
17.67
4.55
7.64
17.54
3.71
7.94
17.59
2.92
7.98
18.16
2.45
8.27
18.40
8.82
7.99
16.25
7.96
7.53
16.70
7.42
7.54
16.74
6.68
7.60
16.54
5.60
7.84
16.65
4.71
7.99
16.87
4.11
8.20
16.99
8.80
7.99
15.77
7.10
8.01
15.31
6.76
7.82
15.71
5.97
8.03
16.01
8.59
8.00
15.39
8.15
7.95
15.20
7.54
7.87
15.21
7.21
7.65
15.42
3.12
8.29
22.86
2.74
8.66
22.81
2.29
8.79
22.55
4.79
8.68
21.77
4.22
8.67
22.24
3.53
8.64
22.65
3.09
8.96
22.79
2.03
8.81
22.05
5.28
8.67
21.16
1.89
8.80
21.34
6.04
8.46
19.98
5.76
8.66
20.43
1.85
8.79
20.50
6.88
8.81
19.04
6.37
8.72
19.61
6.11
8.93
20.07
1.90
8.80
19.65
7.30
8.75
18.45
2.05
8.82
18.88
8.73
8.67
16.84
8.31
8.63
17.32
7.76
8.66
17.83
3.39
8.73
17.23
2.78
8.74
17.79
2.33
8.83
18.27
8.93
8.69
16.30
5.27
8.24
16.24
4.68
8.44
16.38
4.01
8.79
16.61
8.91
8.69
15.75
6.98
8.46
15.11
6.41
8.44
15.37
5.59
8.54
15.73
4.83
8.86
15.91
4.31
9.10
16.09
8.64
8.69
15.28
8.14
8.67
14.98
7.51
8.55
14.95
2.59
9.60
22.76
2.17
9.62
22.52
4.85
9.56
21.81
4.26
9.56
22.26
3.62
9.58
22.59
3.06
9.65
22.76
1.90
9.62
22.03
5.37
9.55
21.25
1.75
9.62
21.33
5.84
9.53
20.63
1.71
9.62
20.49
7.08
9.53
19.18
6.58
9.47
19.71
6.19
9.48
20.16
1.76
9.62
19.64
7.56
9.48
18.59
1.93
9.62
18.85
8.81
9.52
17.00
8.42
9.45
17.56
7.98
9.39
18.04
3.18
9.60
17.06
2.66
9.60
17.62
2.23
9.62
18.19
9.01
9.55
16.37
3.72
9.64
16.46
8.97
9.56
15.73
6.87
8.92
14.91
6.34
9.03
15.03
5.60
9.23
15.25
4.85
9.44
15.51
4.23
9.74
15.84
8.66
9.57
15.17
8.06
9.61
14.72
7.26
9.33
14.68
6.48
9.60
14.68
5.68
9.97
14.82
4.89
10.03
15.18
4.43
10.09
15.43
7.75
10.06
14.40
7.25
10.03
14.36
6.63
10.14
14.38
6.11
10.27
14.47
2.52
10.53
22.73
2.11
10.54
22.50
4.88
10.51
21.84
4.28
10.51
22.26
3.64
10.52
22.56
3.04
10.54
22.73
1.83
10.54
22.02
5.45
10.50
21.30
1.68
10.54
21.32
7.12
10.96
19.86
6.63
10.81
20.20
6.05
10.48
20.65
1.65
10.53
20.49
7.30
10.42
19.40
6.68
10.18
19.88
6.29
10.04
20.22
1.71
10.53
19.63
8.28
10.60
18.37
7.86
10.28
18.68
1.89
10.52
18.84
8.89
10.44
17.22
8.50
10.30
17.86
8.12
10.00
18.19
3.09
10.51
17.01
2.61
10.51
17.58
2.19
10.51
18.17
9.07
10.48
16.47
3.58
10.52
16.41
9.01
10.49
15.76
5.10
11.17
14.92
4.79
11.10
15.09
4.02
10.51
15.83
8.72
10.50
15.13
8.24
10.52
14.64
5.43
10.81
14.75
4.75
10.69
15.10
4.33
10.55
15.41
7.81
10.59
14.33
7.29
10.66
14.22
6.67
10.72
14.24
6.07
10.78
14.40
2.51
11.49
22.72
2.10
11.49
22.50
4.91
11.49
21.88
4.29
11.48
22.28
3.65
11.48
22.56
3.03
11.48
22.72
1.82
11.49
22.02
5.49
11.50
21.40
1.68
11.49
21.32
8.56
12.33
19.53
8.14
12.08
19.70
7.45
11.68
19.94
6.72
11.64
20.42
6.08
11.53
20.88
1.65
11.48
20.49
8.73
12.13
19.10
8.30
11.62
19.22
7.78
11.14
19.37
1.73
11.46
19.64
8.89
11.85
18.42
8.46
11.19
18.59
8.04
10.87
18.89
1.91
11.44
18.85
9.02
11.45
17.55
8.68
10.98
18.00
3.11
11.45
17.05
2.61
11.43
17.61
2.20
11.41
18.19
9.14
11.46
16.61
3.63
11.42
16.43
9.02
11.44
15.82
5.16
11.63
15.03
4.62
11.48
15.35
4.11
11.28
15.79
8.70
11.40
15.16
8.15
11.40
14.62
7.67
11.68
14.41
5.66
11.50
14.69
4.51
11.04
15.26
4.27
10.95
15.45
7.80
11.12
14.32
7.34
11.34
14.23
6.70
11.33
14.23
6.15
11.36
14.38
2.54
12.42
22.72
2.13
12.43
22.50
4.93
12.47
21.96
4.30
12.44
22.33
3.66
12.40
22.59
3.06
12.40
22.73
1.87
12.44
22.02
5.52
12.49
21.50
1.75
12.43
21.33
8.68
12.85
19.63
8.15
12.77
19.97
7.47
12.62
20.27
6.76
12.55
20.63
6.11
12.50
21.03
1.73
12.40
20.50
9.01
12.79
19.11
1.82
12.36
19.65
9.23
12.68
18.38
2.00
12.32
18.87
9.29
12.49
17.54
3.20
12.42
17.20
2.66
12.30
17.74
2.26
12.24
18.25
9.24
12.46
16.68
4.36
12.76
16.19
3.84
12.42
16.53
8.99
12.35
15.89
5.36
12.38
15.27
4.67
12.35
15.72
4.18
12.03
15.99
8.66
12.22
15.28
8.13
12.21
14.86
7.43
12.23
14.59
6.70
12.33
14.64
5.99
12.19
14.79
7.16
11.83
14.32
6.69
11.85
14.34
6.25
11.83
14.44
2.65
13.30
22.73
2.24
13.31
22.50
4.95
13.46
22.06
4.31
13.35
22.42
3.67
13.25
22.65
3.11
13.21
22.76
1.99
13.33
22.03
5.57
13.46
21.60
1.90
13.33
21.34
8.81
13.62
19.74
8.22
13.59
20.15
7.50
13.53
20.46
6.79
13.47
20.78
6.15
13.44
21.15
1.90
13.26
20.51
9.24
13.60
19.17
2.00
13.19
19.67
9.75
14.09
18.07
9.53
13.62
18.39
3.02
13.85
18.18
2.62
13.56
18.47
2.22
13.15
18.87
9.70
14.03
17.58
9.51
13.40
17.57
3.29
13.42
17.59
2.70
13.06
18.00
2.35
12.84
18.34
9.57
13.96
17.14
9.30
13.52
16.79
5.28
13.76
16.16
4.64
13.47
16.37
3.95
13.40
16.89
8.81
13.24
15.94
8.18
13.47
15.60
7.43
13.54
15.47
6.61
13.50
15.49
5.70
13.27
15.64
4.98
13.05
15.89
8.58
12.81
15.41
8.12
12.89
15.17
7.44
12.93
15.02
6.71
12.93
15.02
6.12
12.83
15.11
4.67
15.03
22.54
4.17
14.87
22.68
3.55
14.57
22.73
2.90
14.13
22.71
2.40
14.06
22.50
4.99
14.54
22.24
4.29
14.19
22.55
3.67
13.98
22.72
3.20
13.81
22.78
2.19
14.10
22.06
5.68
14.44
21.69
2.44
14.69
21.11
2.17
14.20
21.37
8.99
14.51
19.86
8.31
14.51
20.29
7.54
14.47
20.63
6.82
14.35
20.92
6.22
14.31
21.25
2.95
15.07
20.12
2.57
14.68
20.44
2.18
14.03
20.51
9.44
14.41
19.31
3.06
14.88
19.45
2.61
14.39
19.62
2.24
13.86
19.72
9.86
14.65
18.24
9.71
14.41
18.73
3.24
14.50
18.57
2.67
14.07
18.93
2.33
13.72
19.15
9.76
14.70
17.59
9.53
14.93
17.21
6.17
15.20
16.80
5.74
15.07
16.87
3.67
14.29
17.77
9.54
14.38
17.14
9.12
14.51
16.76
8.31
14.75
16.44
7.48
14.83
16.37
6.53
14.84
16.48
5.57
14.50
16.54
4.75
14.28
16.80
4.14
14.19
17.18
8.76
13.96
16.19
8.21
14.10
16.00
7.45
14.17
15.92
6.63
14.14
15.96
5.95
13.99
16.03
4.79
15.69
22.57
4.15
15.66
22.68
3.50
15.20
22.61
2.90
14.78
22.54
2.52
14.54
22.46
5.32
15.53
22.23
3.87
15.92
22.56
3.45
15.73
22.25
2.83
15.09
22.15
2.42
14.65
22.14
7.14
15.94
21.17
6.63
15.76
21.37
5.99
15.43
21.70
3.27
15.77
21.44
2.72
15.10
21.46
2.38
14.69
21.70
9.83
16.01
19.73
9.28
15.54
19.98
8.43
15.47
20.47
7.54
15.48
20.87
6.80
15.15
21.10
6.31
14.97
21.32
3.27
15.62
20.48
2.82
15.15
20.81
10.01
15.77
19.26
9.68
15.17
19.39
3.54
15.51
19.53
10.04
15.46
18.59
9.85
15.01
18.91
4.39
15.69
18.31
3.87
15.33
18.62
9.92
15.57
17.87
9.55
15.61
17.36
6.27
15.67
17.07
5.51
15.52
17.29
4.73
15.43
17.72
4.12
14.96
17.84
9.04
15.49
16.98
8.34
15.53
16.77
7.57
15.52
16.72
6.84
15.52
16.82
5.25
14.98
16.99
4.73
14.87
17.19
4.30
14.70
17.37
4.99
16.53
22.64
4.40
16.59
22.72
4.17
16.92
22.60
5.52
16.43
22.34
4.04
16.38
22.57
3.87
16.62
22.26
7.29
16.54
21.35
6.67
16.49
21.61
6.07
16.39
21.94
3.72
16.58
21.46
10.53
17.18
19.66
10.08
16.75
19.87
9.35
16.55
20.36
8.56
16.37
20.73
7.84
16.34
21.03
4.29
16.96
20.06
3.87
16.55
20.49
10.65
17.09
19.25
10.33
16.47
19.27
4.97
17.09
19.11
4.52
16.77
19.42
4.00
16.19
19.59
10.64
17.02
18.74
10.34
16.36
18.65
5.25
16.83
18.56
4.64
16.26
18.64
4.15
15.94
18.94
10.51
17.02
18.34
10.13
16.55
18.04
9.54
16.43
17.51
8.08
16.83
17.24
7.46
16.73
17.30
6.61
16.45
17.42
5.66
16.40
17.88
4.99
16.04
18.06
9.01
16.28
17.17
8.34
16.35
17.05
7.60
16.17
17.01
7.01
16.05
17.06
5.26
17.39
22.76
4.70
17.47
22.82
4.32
17.53
22.63
8.64
18.27
21.72
8.23
18.13
21.88
7.75
17.93
21.97
5.74
17.22
22.47
4.08
17.46
22.21
8.89
18.02
21.37
8.34
17.66
21.50
7.56
17.36
21.66
6.77
17.20
21.88
6.20
17.13
22.14
4.01
17.38
21.56
10.66
17.77
19.79
10.15
17.64
20.23
9.36
17.57
20.79
8.58
17.13
21.06
7.99
16.95
21.24
4.95
17.92
19.97
4.54
17.58
20.28
4.15
17.36
20.86
10.85
17.75
19.29
5.19
17.67
19.39
4.74
17.34
19.69
10.79
17.69
18.76
6.35
17.78
18.33
5.76
17.55
18.66
10.55
17.53
18.33
10.08
17.37
17.99
9.32
17.27
17.61
8.42
17.34
17.48
7.54
17.44
17.64
6.69
17.37
17.90
6.02
17.11
18.13
9.01
16.82
17.29
8.61
16.86
17.23
7.70
19.00
22.75
7.21
18.82
22.87
6.50
18.62
22.95
5.68
18.27
22.94
4.96
18.30
22.93
4.50
18.24
22.70
8.68
18.69
21.85
8.09
18.71
22.25
7.40
18.29
22.36
6.67
18.14
22.53
6.08
17.84
22.57
4.53
18.71
22.07
4.33
18.27
22.25
9.11
18.65
21.41
7.22
17.81
22.06
6.72
17.72
22.18
6.30
17.60
22.29
4.55
18.56
21.54
4.25
18.05
21.62
10.87
18.58
19.88
10.33
18.53
20.36
9.66
18.53
20.88
5.16
18.48
20.24
4.68
18.31
20.83
4.32
17.92
21.11
11.05
18.54
19.35
5.60
18.43
19.58
10.82
18.51
18.76
10.31
18.75
18.42
9.75
18.84
18.25
7.27
18.62
18.36
6.67
18.37
18.51
6.05
18.32
18.96
10.56
18.06
18.37
10.13
18.13
18.14
9.39
18.29
17.97
8.49
18.22
17.88
7.63
18.24
18.02
6.98
18.02
18.11
7.44
19.68
23.33
7.06
19.64
23.44
6.47
19.59
23.48
5.86
19.53
23.45
5.45
19.50
23.36
7.67
19.47
22.97
7.13
19.29
23.21
6.47
19.17
23.29
5.76
19.06
23.24
5.14
19.11
23.02
4.66
18.75
22.80
8.70
19.16
21.89
8.23
19.41
22.28
5.31
19.57
22.07
4.90
19.18
22.35
4.56
18.77
22.51
9.05
19.38
21.45
8.58
19.69
21.77
5.39
19.49
21.45
4.92
19.07
21.59
12.20
20.05
19.80
11.87
19.93
19.80
11.22
19.49
19.92
10.46
19.39
20.38
9.70
19.38
20.87
5.52
19.21
20.63
5.00
18.89
21.01
12.21
20.05
19.72
11.88
19.91
19.58
11.38
19.37
19.47
8.06
19.91
19.04
7.47
19.75
19.19
6.76
19.52
19.44
6.06
19.17
19.78
11.61
19.90
19.29
11.11
19.50
19.03
10.36
19.47
18.68
9.48
19.40
18.49
8.49
19.54
18.64
7.57
19.18
18.65
6.79
19.01
18.92
6.27
18.86
19.20
9.13
18.89
18.18
8.50
18.89
18.20
7.89
18.80
18.25
7.42
19.85
23.31
7.06
19.89
23.37
6.49
19.88
23.39
5.90
19.81
23.39
5.53
19.71
23.36
7.58
19.86
22.96
7.14
20.04
22.99
6.52
20.05
23.00
5.86
19.90
23.01
5.40
19.64
23.07
7.90
19.95
22.31
7.30
20.19
22.35
6.59
20.17
22.32
5.77
19.90
22.34
5.30
19.63
22.63
8.99
19.93
21.23
8.35
20.19
21.49
7.52
20.38
21.60
6.81
20.33
21.44
5.99
19.94
21.49
12.19
20.16
19.81
11.84
20.22
19.80
11.21
20.12
19.98
10.42
20.09
20.28
9.51
20.11
20.71
8.82
20.37
20.90
7.35
20.46
20.28
6.84
20.29
20.62
6.13
19.84
20.71
12.21
20.16
19.73
11.91
20.24
19.60
8.27
20.29
19.36
7.55
20.26
19.74
6.83
19.99
19.97
6.31
19.71
20.14
11.60
20.24
19.31
11.10
20.14
19.10
10.40
20.12
18.93
9.61
20.11
18.87
8.85
20.16
19.01
8.19
20.53
21.01
7.65
20.60
21.06
7.20
20.57
21.08
11.60
20.48
19.74
11.13
20.51
19.82
10.39
20.53
19.98
9.52
20.55
20.21
8.59
20.60
20.47
7.73
20.63
20.50
7.23
20.57
20.73
11.60
20.53
19.56
11.10
20.64
19.55
10.39
20.68
19.59
9.57
20.67
19.67
8.68
20.59
19.74
7.97
20.57
19.98
11.50
20.49
19.35
11.08
20.52
19.28
10.41
20.54
19.22
9.67
20.53
19.23
9.06
20.50
19.29
