22.50
-7.30
15.78
22.16
-7.34
15.84
21.67
-7.35
15.87
21.26
-7.31
15.83
22.57
-7.32
15.62
22.20
-7.41
15.61
21.69
-7.43
15.63
21.28
-7.37
15.66
22.61
-6.96
15.75
22.15
-6.95
15.95
21.55
-6.95
16.00
20.91
-6.92
15.85
20.24
-6.67
15.72
23.21
-6.89
15.21
22.84
-6.99
15.37
22.27
-7.21
15.27
21.64
-7.24
15.27
20.95
-7.10
15.42
20.19
-6.77
15.36
23.23
-6.85
15.08
22.91
-6.83
15.01
22.27
-6.92
14.79
21.65
-6.93
14.75
20.85
-6.85
14.88
20.20
-6.70
14.94
22.10
-6.89
14.53
21.87
-6.89
14.52
22.71
-6.32
15.75
22.15
-6.29
16.03
21.44
-6.27
16.14
20.64
-6.23
16.07
19.72
-6.14
15.84
18.74
-5.83
15.75
18.07
-5.66
15.67
23.29
-6.70
15.18
23.09
-6.41
15.29
19.51
-6.38
15.26
18.60
-6.07
15.23
17.68
-5.77
15.24
16.88
-5.63
14.99
16.41
-5.50
14.81
23.28
-6.69
15.03
23.06
-6.40
14.84
22.32
-6.53
14.48
21.62
-6.57
14.37
20.68
-6.49
14.42
19.66
-6.34
14.53
18.57
-6.12
14.58
17.66
-5.94
14.57
16.91
-5.77
14.49
16.37
-5.57
14.43
22.11
-6.75
14.43
21.87
-6.76
14.40
19.20
-6.07
13.98
18.46
-5.97
13.96
17.63
-5.86
13.94
16.90
-5.72
13.95
16.40
-5.56
14.01
22.78
-5.46
15.75
22.16
-5.45
16.10
21.39
-5.43
16.27
20.52
-5.41
16.29
19.60
-5.36
16.21
18.68
-5.27
16.11
17.88
-5.23
15.93
23.21
-5.47
15.22
17.31
-5.32
15.62
16.67
-5.23
15.33
16.13
-5.11
14.97
24.79
-4.53
13.79
24.25
-4.80
14.01
23.40
-5.40
14.41
22.46
-5.87
14.04
21.56
-6.05
13.91
20.67
-6.10
13.91
19.94
-6.09
13.97
15.94
-5.19
14.37
25.57
-4.35
13.09
25.08
-4.51
13.34
24.31
-4.85
13.44
23.44
-5.19
13.52
22.48
-5.45
13.38
21.52
-5.62
13.33
20.55
-5.72
13.35
19.53
-5.80
13.47
18.52
-5.71
13.35
17.62
-5.60
13.33
16.80
-5.45
13.40
16.08
-5.23
13.66
25.67
-4.31
12.81
25.16
-4.49
12.82
24.37
-4.70
12.82
23.47
-4.91
12.81
22.48
-5.04
12.65
21.47
-5.23
12.70
20.50
-5.32
12.71
19.51
-5.36
12.73
18.54
-5.33
12.70
17.62
-5.25
12.70
16.73
-5.07
12.73
16.09
-4.99
13.02
22.11
-4.80
12.17
21.38
-4.86
12.13
20.47
-4.91
12.11
19.51
-4.93
12.10
18.55
-4.91
12.11
17.67
-4.87
12.15
16.98
-4.80
12.22
22.85
-4.53
15.79
22.17
-4.53
16.15
21.36
-4.52
16.37
20.47
-4.53
16.47
19.52
-4.52
16.48
18.55
-4.54
16.39
17.54
-4.55
16.20
16.69
-4.22
16.08
16.08
-3.98
15.90
23.40
-4.53
15.31
17.09
-4.89
15.86
16.50
-4.70
15.67
15.65
-4.33
15.29
14.69
-3.90
14.93
14.10
-3.65
14.72
24.91
-4.11
13.94
24.36
-4.25
14.35
23.81
-4.53
14.77
15.33
-4.65
14.38
14.52
-4.20
14.27
13.69
-3.77
14.19
12.94
-3.62
13.84
12.57
-3.57
13.66
25.81
-3.98
13.06
25.37
-4.05
13.49
15.33
-4.72
13.56
14.48
-4.30
13.50
13.65
-3.99
13.50
12.96
-3.79
13.42
12.50
-3.56
13.36
27.29
-3.41
12.01
26.92
-3.55
12.17
26.14
-3.88
12.49
25.36
-4.17
12.26
24.43
-4.37
12.19
23.55
-4.59
12.24
22.84
-4.71
12.21
16.27
-4.69
12.42
15.54
-4.56
12.71
14.52
-4.13
12.66
13.62
-3.92
12.84
12.93
-3.73
12.92
12.50
-3.55
12.97
27.30
-3.41
11.86
26.97
-3.54
11.86
26.35
-3.73
11.90
25.75
-3.90
11.88
24.10
-4.17
11.79
23.40
-4.28
11.74
22.46
-4.45
11.76
21.45
-4.45
11.61
20.48
-4.46
11.55
19.50
-4.47
11.54
18.53
-4.45
11.57
17.57
-4.41
11.65
16.59
-4.38
11.88
15.62
-4.12
11.98
14.86
-3.95
12.09
19.11
-3.10
16.85
18.41
-3.12
16.85
17.59
-3.11
16.81
16.84
-3.04
16.71
16.30
-2.95
16.58
22.90
-3.62
15.80
22.17
-3.61
16.16
21.32
-3.59
16.43
20.45
-3.65
16.61
19.48
-3.61
16.71
18.50
-3.76
16.67
17.58
-3.76
16.57
16.75
-3.60
16.44
15.97
-3.30
16.22
23.99
-3.23
14.98
23.56
-3.59
15.31
15.31
-3.46
15.73
14.62
-3.28
15.35
13.99
-3.15
14.97
24.97
-3.43
14.04
24.36
-3.48
14.58
23.94
-3.87
14.92
13.40
-3.14
14.48
12.74
-3.10
14.00
12.45
-3.32
13.68
25.98
-3.40
13.11
25.50
-3.39
13.54
12.36
-2.87
13.69
12.22
-3.09
13.30
27.36
-3.08
11.96
27.01
-3.12
12.27
26.44
-3.25
12.67
25.19
-4.01
11.86
24.71
-4.09
11.83
14.16
-3.80
12.19
13.52
-3.66
12.28
12.83
-3.47
12.41
12.25
-3.17
12.61
27.38
-3.10
11.65
27.02
-3.26
11.48
26.34
-3.40
11.32
25.44
-3.70
11.46
24.45
-3.84
11.39
23.46
-3.86
11.17
22.47
-3.94
11.09
21.48
-3.98
11.00
20.49
-3.99
10.96
19.50
-3.99
10.98
18.52
-3.96
11.02
17.55
-3.89
11.09
16.56
-3.77
11.19
15.52
-3.57
11.29
14.49
-3.56
11.65
13.56
-3.36
11.70
12.78
-3.19
11.82
12.23
-3.02
11.97
26.05
-3.18
10.84
25.37
-3.30
10.80
24.48
-3.37
10.68
23.49
-3.37
10.44
22.47
-3.49
10.42
21.49
-3.52
10.34
20.49
-3.52
10.32
19.50
-3.52
10.38
18.53
-3.47
10.45
17.57
-3.39
10.52
16.61
-3.24
10.54
15.85
-3.22
10.73
23.15
-3.10
9.89
22.43
-3.13
9.78
21.51
-3.08
9.59
20.47
-3.04
9.58
19.47
-3.07
9.76
18.52
-3.01
9.86
17.63
-2.97
9.98
16.92
-2.92
10.07
21.27
-2.83
9.11
20.74
-2.79
9.09
20.76
-2.31
16.62
20.23
-2.41
16.75
19.41
-2.58
16.86
18.48
-2.51
16.91
17.61
-2.49
16.90
16.83
-2.48
16.81
16.19
-2.48
16.63
22.85
-2.82
15.78
22.14
-2.75
16.11
21.20
-2.64
16.44
20.44
-2.91
16.69
19.79
-3.02
16.79
15.57
-2.48
16.27
14.96
-2.17
16.02
23.94
-2.64
14.95
23.42
-2.73
15.35
15.12
-2.83
15.92
14.58
-2.52
15.67
13.93
-2.41
15.19
24.96
-2.66
14.00
24.40
-2.60
14.48
13.32
-2.37
14.67
12.74
-2.34
14.17
26.01
-2.83
13.12
25.55
-2.57
13.47
12.25
-2.27
13.67
11.82
-2.29
13.04
11.40
-1.94
12.65
27.43
-2.50
11.81
27.07
-2.42
12.22
26.41
-2.44
12.74
25.91
-2.13
13.09
11.73
-2.55
12.32
11.24
-2.00
12.10
27.51
-2.47
11.25
27.13
-2.84
11.01
26.66
-3.04
10.91
15.11
-3.17
10.87
14.39
-3.11
10.96
13.51
-3.00
11.04
12.64
-2.86
11.17
11.82
-2.59
11.44
11.01
-2.00
11.23
10.59
-1.79
10.80
27.58
-2.05
10.45
27.09
-2.50
10.35
26.35
-2.83
10.36
25.46
-2.94
10.17
24.59
-3.01
10.06
23.87
-3.06
9.98
16.19
-2.89
10.19
15.43
-2.89
10.34
14.46
-2.75
10.25
13.50
-2.69
10.28
12.58
-2.60
10.35
11.73
-2.41
10.44
11.00
-2.09
10.39
10.53
-1.75
10.27
27.62
-1.81
9.63
27.09
-2.20
9.54
26.34
-2.48
9.50
25.46
-2.62
9.43
24.52
-2.72
9.39
23.53
-2.84
9.43
22.60
-2.83
9.24
21.89
-2.84
9.16
20.12
-2.73
9.12
19.40
-2.67
9.19
18.48
-2.54
9.22
17.51
-2.56
9.45
16.54
-2.59
9.66
15.55
-2.48
9.59
14.56
-2.36
9.34
13.50
-2.40
9.43
12.55
-2.37
9.50
11.69
-2.26
9.56
10.97
-2.03
9.58
10.48
-1.69
9.57
27.62
-1.68
8.95
27.14
-1.93
8.68
26.34
-2.20
8.70
25.45
-2.34
8.66
24.50
-2.42
8.64
23.53
-2.49
8.63
22.56
-2.53
8.60
21.57
-2.58
8.67
20.50
-2.47
8.59
19.53
-2.37
8.66
18.83
-2.29
8.73
14.25
-2.09
8.50
13.41
-2.15
8.60
12.53
-2.11
8.66
11.67
-2.03
8.78
10.96
-1.87
8.87
10.49
-1.60
8.91
26.95
-1.84
8.04
26.30
-1.99
7.96
25.44
-2.09
7.91
24.49
-2.15
7.88
23.52
-2.19
7.87
22.55
-2.22
7.88
21.63
-2.23
7.93
20.87
-2.21
7.97
14.12
-1.83
7.78
13.40
-1.86
7.86
12.57
-1.71
7.87
11.66
-1.67
8.14
10.97
-1.59
8.34
10.57
-1.48
8.49
14.05
-1.59
7.27
13.52
-1.57
7.32
13.01
-1.52
7.40
20.75
-1.95
16.52
20.19
-1.91
16.65
19.39
-1.91
16.75
18.49
-1.87
16.81
17.59
-1.88
16.82
16.79
-1.92
16.77
16.21
-1.99
16.65
22.78
-2.24
15.67
22.18
-2.04
15.88
21.21
-1.70
16.14
20.29
-1.44
16.37
19.42
-1.32
16.49
18.48
-1.24
16.55
17.54
-1.25
16.59
16.64
-1.34
16.55
15.76
-1.60
16.37
14.84
-1.50
15.99
14.33
-1.22
15.71
23.82
-2.06
14.86
23.20
-1.95
15.24
22.47
-1.53
15.45
21.75
-1.17
15.56
14.42
-1.84
15.70
13.95
-1.52
15.35
24.82
-2.03
13.96
24.21
-1.64
14.30
23.35
-1.29
14.75
22.63
-1.03
15.02
22.09
-0.87
15.18
13.32
-1.51
14.75
12.76
-1.50
14.21
25.23
-1.79
13.54
24.78
-1.22
13.67
12.24
-1.47
13.68
11.75
-1.47
13.11
11.34
-1.47
12.66
27.50
-1.94
11.70
27.18
-1.50
11.98
26.44
-1.45
12.55
25.70
-1.36
13.05
25.17
-0.97
13.28
11.05
-1.43
12.08
27.68
-1.74
11.25
27.63
-1.19
11.40
10.72
-1.34
11.29
10.47
-1.50
10.82
27.86
-1.32
10.55
27.83
-1.06
10.98
10.48
-1.01
10.75
10.34
-1.26
10.32
27.94
-1.21
9.57
18.12
-2.23
8.80
17.41
-2.19
8.87
16.55
-2.17
8.95
15.71
-2.14
8.94
15.06
-2.13
8.88
10.25
-1.16
9.56
27.94
-1.19
8.56
27.51
-1.58
8.24
20.14
-2.15
8.03
19.40
-2.07
8.08
18.47
-2.02
8.25
17.49
-1.91
8.21
16.57
-1.86
8.23
15.71
-1.87
8.26
14.95
-1.94
8.31
10.28
-1.11
8.88
28.49
-0.64
7.05
28.10
-0.95
7.48
27.29
-1.51
7.49
26.39
-1.74
7.24
25.46
-1.85
7.14
24.49
-1.90
7.11
23.51
-1.93
7.10
22.52
-1.94
7.13
21.54
-1.95
7.21
20.50
-1.95
7.40
19.47
-1.83
7.33
18.49
-1.74
7.37
17.51
-1.65
7.39
16.56
-1.60
7.43
15.65
-1.60
7.50
14.81
-1.67
7.59
12.33
-1.12
7.47
11.58
-1.11
7.77
10.93
-1.09
8.05
10.48
-1.07
8.38
28.50
-0.62
6.57
28.06
-0.94
6.60
27.33
-1.28
6.48
26.42
-1.52
6.37
25.47
-1.65
6.31
24.49
-1.70
6.29
23.50
-1.73
6.29
22.51
-1.73
6.30
21.51
-1.73
6.35
20.50
-1.70
6.42
19.50
-1.63
6.43
18.51
-1.54
6.46
17.52
-1.43
6.49
16.54
-1.32
6.56
15.58
-1.27
6.71
14.54
-1.21
6.83
13.66
-1.10
6.93
12.97
-1.09
7.14
28.46
-0.56
6.14
28.08
-0.74
5.89
27.37
-1.02
5.49
26.41
-1.33
5.45
25.46
-1.49
5.43
24.49
-1.56
5.41
23.50
-1.59
5.41
22.50
-1.60
5.42
21.51
-1.59
5.44
20.51
-1.56
5.46
19.52
-1.49
5.48
18.54
-1.37
5.51
17.55
-1.18
5.55
16.52
-0.93
5.63
15.61
-0.88
6.01
14.94
-0.82
6.23
27.08
-0.93
4.55
26.31
-1.20
4.54
25.42
-1.36
4.51
24.47
-1.45
4.49
23.49
-1.50
4.48
22.50
-1.51
4.48
21.51
-1.50
4.49
20.52
-1.47
4.51
19.56
-1.38
4.53
18.61
-1.21
4.56
17.65
-0.90
4.58
16.88
-0.73
4.92
26.90
-0.78
3.79
26.21
-1.02
3.69
25.37
-1.21
3.63
24.44
-1.33
3.58
23.48
-1.40
3.56
22.49
-1.43
3.55
21.51
-1.43
3.55
20.55
-1.38
3.57
19.62
-1.26
3.59
18.76
-1.05
3.65
18.04
-0.75
3.73
26.77
-0.59
3.27
26.15
-0.70
2.93
25.31
-0.97
2.83
24.40
-1.12
2.72
23.45
-1.24
2.68
22.48
-1.30
2.67
21.52
-1.30
2.67
20.58
-1.25
2.69
19.69
-1.10
2.73
18.85
-0.78
2.81
18.29
-0.70
3.19
25.80
-0.54
2.40
25.21
-0.65
2.21
24.30
-0.74
1.93
23.38
-0.98
1.93
22.46
-1.06
1.91
21.52
-1.08
1.91
20.62
-1.03
1.93
19.83
-0.91
1.98
19.24
-0.65
2.02
23.85
-0.57
1.47
23.24
-0.65
1.40
22.41
-0.69
1.36
21.52
-0.70
1.35
20.66
-0.67
1.39
19.92
-0.62
1.47
19.46
-0.54
1.58
20.91
-1.06
15.88
20.26
-0.91
16.01
19.43
-0.75
16.11
18.48
-0.56
16.13
17.49
-0.61
16.25
16.57
-0.66
16.26
15.69
-0.74
16.15
14.91
-0.73
15.93
14.35
-0.67
15.65
21.18
-0.63
15.41
20.34
-0.43
15.57
19.53
-0.27
15.68
18.84
-0.18
15.76
13.92
-0.66
15.23
23.95
-0.69
14.02
23.29
-0.60
14.37
22.56
-0.47
14.65
21.83
-0.44
14.95
13.37
-0.64
14.67
12.83
-0.68
14.16
24.47
-0.48
13.57
12.34
-0.61
13.60
11.75
-0.62
12.93
11.35
-0.98
12.62
27.07
-0.48
11.91
26.39
-0.47
12.40
25.68
-0.42
12.81
25.03
-0.35
13.16
11.40
-0.28
12.25
11.12
-0.85
12.13
27.85
-0.14
10.90
27.62
-0.40
11.32
11.12
-0.08
11.58
10.84
-0.66
11.42
27.99
-0.44
10.45
27.86
-0.64
10.94
10.90
0.06
11.02
10.58
-0.34
10.61
10.32
-0.70
10.15
28.14
-0.42
9.53
10.38
-0.11
9.95
10.23
-0.44
9.53
28.27
-0.39
8.59
10.23
-0.45
8.82
28.66
-0.22
7.09
28.45
-0.30
7.72
12.29
-0.39
7.27
11.56
-0.39
7.60
10.91
-0.40
7.93
10.45
-0.44
8.31
28.70
-0.20
6.54
14.29
-0.65
6.41
13.67
-0.36
6.57
12.94
-0.44
6.93
28.58
-0.19
5.99
28.22
-0.26
5.36
27.78
-0.65
5.09
16.07
-0.44
5.18
15.45
-0.39
5.55
14.70
-0.29
5.95
14.13
-0.03
6.15
27.96
-0.08
4.54
27.60
-0.55
4.47
17.23
-0.48
4.24
16.52
-0.25
4.58
16.21
0.17
4.47
27.72
0.03
3.86
27.38
-0.40
3.80
17.97
0.08
3.06
17.57
-0.17
3.60
16.79
0.11
4.06
16.39
0.29
4.22
27.53
0.07
3.44
27.12
-0.13
3.21
26.49
-0.12
2.69
18.44
-0.17
2.65
18.07
-0.39
3.12
25.92
-0.09
2.23
25.28
-0.12
1.90
24.55
-0.15
1.58
18.98
-0.15
1.93
23.92
-0.14
1.28
23.22
-0.14
1.12
22.41
-0.13
1.04
21.52
-0.13
1.02
20.66
-0.13
1.08
19.91
-0.13
1.23
19.38
-0.18
1.47
18.13
-0.09
15.83
17.40
-0.03
15.86
16.51
-0.03
15.90
15.66
-0.07
15.85
14.92
-0.12
15.72
14.43
-0.19
15.55
21.00
-0.12
15.03
20.33
0.05
15.10
19.47
0.21
15.21
18.50
0.27
15.41
17.47
0.54
15.34
16.49
0.52
15.45
15.62
0.48
15.45
14.85
0.37
15.34
14.16
0.12
15.11
23.76
-0.11
13.84
23.20
0.03
14.03
22.42
0.16
14.26
21.45
0.22
14.57
20.48
0.53
14.60
19.51
0.79
14.62
18.57
0.81
14.83
17.84
0.89
14.91
13.52
0.23
14.42
12.97
-0.03
14.06
24.06
0.31
13.45
23.27
0.62
13.64
22.43
0.84
13.82
21.49
0.94
14.02
20.59
1.07
14.13
19.87
1.16
14.21
13.24
0.65
13.83
12.65
0.28
13.51
12.07
0.24
12.89
26.97
0.48
11.84
26.31
0.49
12.29
25.56
0.50
12.66
24.79
0.48
13.02
11.72
0.42
12.26
27.82
0.42
10.84
27.50
0.48
11.30
11.42
0.59
11.55
28.01
0.36
10.27
11.09
0.62
10.86
10.75
0.45
10.32
28.18
0.39
9.46
10.52
0.46
9.73
10.30
0.27
9.25
28.34
0.45
8.56
10.29
0.23
8.73
28.73
0.34
7.08
28.54
0.43
7.70
12.92
0.84
6.90
12.40
0.49
7.19
11.61
0.44
7.61
10.94
0.36
7.96
10.49
0.24
8.29
28.77
0.34
6.52
13.41
0.54
6.56
12.90
0.18
6.87
28.67
0.36
5.96
28.41
0.47
5.37
15.84
-0.10
5.01
15.46
0.13
5.17
14.81
0.54
5.52
14.08
0.61
6.04
28.12
0.58
4.59
16.04
0.04
4.74
15.82
0.54
4.69
15.24
0.84
5.05
27.78
0.64
3.82
27.50
0.91
3.41
17.97
0.68
3.01
17.41
0.65
3.51
16.77
0.69
3.92
16.27
0.66
4.24
27.56
0.40
3.40
27.22
0.57
3.09
26.59
0.60
2.61
18.49
0.61
2.46
25.97
0.58
2.16
25.29
0.57
1.79
24.56
0.56
1.46
19.42
0.84
1.47
19.02
0.57
1.80
23.93
0.46
1.18
23.24
0.51
1.02
22.43
0.60
0.93
21.53
0.61
0.90
20.66
0.60
0.99
19.83
0.57
1.21
19.36
0.29
1.43
17.12
0.95
14.98
16.41
0.98
14.99
15.59
0.95
14.97
14.84
0.84
14.91
14.30
0.66
14.81
19.14
1.23
14.30
18.42
1.29
14.40
17.47
1.29
14.54
16.49
1.41
14.47
15.58
1.38
14.43
14.74
1.23
14.37
14.02
0.90
14.30
23.97
1.02
13.19
23.34
1.28
13.29
22.48
1.64
13.37
21.46
1.65
13.60
20.50
1.68
13.75
19.50
1.65
13.92
18.48
1.81
13.93
17.50
1.88
13.95
16.51
1.93
13.89
15.55
1.84
13.84
14.62
1.67
13.74
13.63
1.36
13.49
12.79
1.04
13.06
12.29
0.81
12.76
26.87
1.39
11.72
26.21
1.41
12.16
25.42
1.44
12.50
24.46
1.45
12.84
23.60
1.83
12.97
22.96
2.02
13.07
13.31
1.79
12.82
12.68
1.61
12.40
12.10
1.07
12.23
27.76
0.97
10.75
27.42
1.39
11.07
12.32
1.77
11.74
11.83
1.36
11.44
27.92
1.06
10.22
27.68
1.71
10.32
11.37
1.35
10.53
10.95
1.02
10.09
28.06
1.18
9.44
27.85
1.86
9.53
11.25
1.61
9.83
10.81
1.18
9.44
10.45
0.78
9.11
28.20
1.36
8.48
27.96
1.93
8.84
10.80
1.26
8.73
10.45
0.79
8.70
28.68
0.82
7.00
28.44
1.21
7.42
12.99
1.47
7.00
12.37
1.36
7.40
11.67
1.26
7.80
11.00
1.10
8.20
10.57
0.75
8.35
28.70
0.85
6.51
28.47
1.36
6.51
13.53
1.41
6.54
28.65
0.83
6.02
28.39
1.21
5.64
14.70
1.41
5.52
14.10
1.41
6.02
28.10
1.30
4.74
16.33
1.76
4.34
15.84
1.44
4.62
15.21
1.43
5.05
27.78
1.36
4.02
27.34
1.55
3.46
26.89
1.85
3.10
18.05
1.47
3.07
17.41
1.46
3.58
16.71
1.43
4.01
16.24
1.17
4.25
27.08
1.19
3.04
26.54
1.46
2.69
18.61
1.42
2.50
25.91
1.33
2.20
25.22
1.36
1.84
24.35
1.43
1.48
23.56
1.78
1.27
22.96
1.94
1.15
19.52
1.42
1.56
19.06
1.33
1.95
23.89
1.02
1.20
23.31
1.20
1.07
22.49
1.50
1.00
21.55
1.44
0.95
20.71
1.41
1.05
20.01
1.33
1.24
22.16
2.39
13.11
21.35
2.36
13.28
20.45
2.38
13.39
19.49
2.39
13.47
18.51
2.45
13.47
17.54
2.49
13.42
16.52
2.55
13.26
15.53
2.35
13.26
14.66
2.16
13.19
13.98
1.96
13.08
26.73
2.22
11.64
26.14
2.27
12.00
25.37
2.36
12.27
24.48
2.42
12.51
23.60
2.55
12.69
22.80
2.59
12.87
16.15
2.95
12.80
15.43
2.80
12.72
14.58
2.59
12.62
13.72
2.30
12.50
13.03
2.23
12.01
27.12
2.33
11.07
12.54
2.26
11.32
12.04
1.91
11.07
27.40
2.47
10.32
12.35
2.47
10.52
11.84
2.01
10.42
27.60
2.56
9.46
12.21
2.56
9.87
11.69
2.18
9.55
11.18
1.77
9.22
28.06
1.99
8.12
27.78
2.54
8.48
11.68
2.20
8.76
11.18
1.79
8.73
28.15
2.02
7.37
27.83
2.73
7.46
13.18
2.19
7.22
12.51
2.09
7.68
11.83
2.00
8.14
11.28
1.69
8.32
28.17
2.08
6.50
27.84
2.80
6.52
13.72
2.15
6.64
28.10
2.04
5.62
27.78
2.78
5.61
15.36
2.55
5.39
14.83
2.20
5.62
14.21
2.12
6.11
27.91
2.01
4.80
27.60
2.69
4.75
17.17
2.74
4.28
16.53
2.39
4.49
15.75
2.26
4.93
15.22
1.99
5.16
27.70
1.95
4.21
27.29
2.43
3.92
26.68
2.52
3.24
18.25
2.31
3.25
17.51
2.32
3.82
16.90
2.06
4.08
26.09
2.35
2.67
25.39
2.71
2.38
24.79
2.89
2.16
19.96
3.01
2.12
19.50
2.68
2.29
18.89
2.26
2.60
25.77
1.94
2.27
25.23
2.12
2.05
24.43
2.43
1.82
23.56
2.53
1.53
22.80
2.53
1.31
20.28
2.72
1.71
19.70
2.15
1.76
19.20
1.93
2.08
22.21
2.30
1.12
21.49
2.23
1.11
20.70
2.25
1.28
20.11
1.93
1.37
21.97
2.93
12.91
21.30
3.00
12.99
20.43
3.05
13.05
19.49
3.08
13.08
18.54
3.09
13.06
17.63
3.07
12.99
16.89
3.04
12.89
26.59
2.81
11.55
26.12
2.97
11.77
25.36
3.23
11.93
24.44
3.25
12.19
23.50
3.32
12.38
22.44
3.35
12.59
21.42
3.60
12.65
20.47
3.69
12.69
19.51
3.72
12.68
18.54
3.71
12.62
17.58
3.61
12.54
16.54
3.47
12.37
15.50
3.28
12.12
14.59
3.03
11.99
13.81
2.79
11.88
13.28
2.63
11.72
26.76
3.12
11.06
26.22
3.44
11.39
25.68
3.63
11.55
16.22
3.87
11.75
15.47
3.77
11.32
14.54
3.38
11.25
13.75
3.07
11.20
13.10
2.75
11.19
27.07
3.20
10.29
15.14
3.95
10.38
14.40
3.56
10.39
13.63
3.23
10.39
12.92
2.88
10.42
27.25
3.31
9.43
15.01
4.01
9.46
14.31
3.62
9.48
13.53
3.27
9.50
12.69
2.89
9.55
12.15
2.62
9.26
27.37
3.40
8.46
15.02
3.99
8.54
14.31
3.58
8.55
13.53
3.19
8.58
12.76
2.89
8.71
12.16
2.61
8.73
27.48
3.48
7.47
15.17
3.89
7.61
14.43
3.41
7.62
13.57
2.87
7.63
12.74
2.64
8.05
12.21
2.48
8.27
27.51
3.52
6.52
16.83
4.12
5.87
16.32
3.96
6.13
15.55
3.72
6.63
14.70
3.20
6.75
14.06
2.75
6.80
27.46
3.51
5.62
17.05
3.88
5.38
16.38
3.52
5.52
15.60
3.11
5.73
14.84
2.81
6.07
14.33
2.60
6.29
27.28
3.45
4.79
18.97
3.99
3.91
18.40
3.75
4.15
17.50
3.46
4.60
16.58
3.07
4.92
15.95
2.83
5.17
26.94
3.37
4.05
26.33
3.39
3.40
25.74
3.72
3.16
19.88
3.92
3.01
19.31
3.74
3.38
18.56
3.15
3.54
17.85
2.99
3.98
25.95
3.07
2.91
25.35
3.42
2.74
24.52
3.50
2.37
23.83
3.73
2.21
20.14
3.57
2.45
19.48
3.24
2.76
18.97
2.90
2.96
24.14
3.11
1.99
23.43
3.35
1.85
22.47
3.29
1.58
21.62
3.45
1.63
20.81
3.37
1.84
22.07
2.85
1.28
21.54
2.88
1.30
21.00
2.86
1.41
25.05
3.78
11.69
24.36
3.91
11.81
23.47
4.03
11.97
22.46
4.21
12.05
21.44
4.24
12.22
20.49
4.29
12.27
19.54
4.31
12.24
18.55
4.34
12.10
17.64
4.14
12.09
16.94
4.00
12.01
26.58
3.64
10.80
26.13
3.88
10.96
25.37
4.09
11.20
24.43
4.44
11.24
23.53
4.53
11.49
22.82
4.60
11.62
18.19
4.64
11.68
17.52
4.53
11.60
16.69
4.31
11.47
16.04
4.30
10.97
26.71
3.78
10.24
26.17
4.19
10.31
25.42
4.55
10.38
24.74
4.69
10.66
15.74
4.38
10.26
26.82
3.95
9.42
26.29
4.41
9.54
25.70
4.73
9.58
15.62
4.42
9.43
26.88
4.19
8.42
26.33
4.61
8.78
25.84
4.84
8.96
15.62
4.42
8.57
27.08
4.17
7.43
15.74
4.37
7.74
27.15
4.18
6.51
17.12
4.47
6.14
16.55
4.40
6.56
16.02
4.31
7.03
27.11
4.17
5.63
17.52
4.36
5.55
26.98
4.12
4.86
19.20
4.40
4.21
18.57
4.30
4.59
17.95
4.21
4.98
26.70
4.08
4.24
26.18
4.13
3.79
25.45
4.26
3.42
24.79
4.50
3.30
20.20
4.35
3.24
19.67
4.33
3.70
25.09
4.00
2.97
24.41
4.22
2.83
23.53
4.26
2.48
22.84
4.44
2.41
20.61
4.21
2.66
23.14
3.95
2.09
22.47
4.11
2.05
21.70
4.10
2.01
21.08
4.09
2.19
22.10
4.67
11.71
21.38
4.72
11.75
20.50
4.76
11.77
19.61
4.75
11.76
18.90
4.72
11.73
24.05
4.81
10.87
23.37
4.89
10.99
22.45
4.92
11.20
21.46
5.05
11.15
20.50
5.08
11.14
19.54
5.06
11.15
18.55
4.94
11.22
17.62
4.87
11.03
16.85
4.74
10.88
16.35
4.63
10.71
24.97
4.87
10.04
24.32
4.97
10.27
23.41
5.12
10.28
22.46
5.21
10.34
21.48
5.28
10.35
20.50
5.30
10.35
19.52
5.28
10.35
18.55
5.21
10.35
17.65
5.11
10.28
16.87
4.96
10.21
16.26
4.73
10.17
25.13
4.99
9.39
24.34
5.16
9.40
23.43
5.29
9.41
22.47
5.36
9.44
21.49
5.40
9.44
20.50
5.42
9.45
19.52
5.40
9.45
18.55
5.34
9.44
17.65
5.23
9.42
16.86
5.06
9.41
16.20
4.79
9.41
26.62
4.62
7.97
26.15
4.87
8.16
25.41
5.07
8.50
24.43
5.27
8.47
23.47
5.38
8.47
22.49
5.43
8.48
21.50
5.46
8.48
20.50
5.46
8.49
19.52
5.43
8.49
18.56
5.37
8.50
17.65
5.25
8.52
16.86
5.06
8.56
16.20
4.79
8.58
26.68
4.67
7.31
26.12
4.99
7.36
25.36
5.21
7.46
24.44
5.35
7.49
23.48
5.43
7.49
22.49
5.46
7.50
21.50
5.47
7.50
20.51
5.45
7.51
19.53
5.40
7.52
18.57
5.31
7.54
17.65
5.15
7.59
16.86
4.97
7.73
16.25
4.73
7.81
26.70
4.69
6.48
26.11
5.04
6.48
25.34
5.26
6.51
24.45
5.38
6.51
23.48
5.44
6.51
22.50
5.46
6.51
21.51
5.45
6.51
20.52
5.40
6.52
19.55
5.31
6.55
18.60
5.17
6.60
17.62
4.90
6.61
16.82
4.77
7.02
16.33
4.64
7.26
26.69
4.68
5.64
26.10
5.01
5.62
25.34
5.22
5.59
24.44
5.33
5.56
23.48
5.40
5.54
22.50
5.41
5.53
21.52
5.38
5.53
20.55
5.29
5.56
19.60
5.15
5.62
18.73
4.99
5.74
18.01
4.75
5.77
26.62
4.61
4.90
26.08
4.89
4.84
25.34
5.07
4.74
24.44
5.18
4.64
23.48
5.27
4.60
22.51
5.30
4.58
21.55
5.25
4.58
20.59
5.09
4.60
19.62
4.86
4.68
18.77
4.73
5.05
18.23
4.61
5.25
26.52
4.50
4.41
26.08
4.63
4.22
25.36
4.76
4.00
24.44
4.88
3.74
23.47
5.05
3.73
22.52
5.10
3.67
21.60
5.05
3.67
20.67
4.81
3.65
19.98
4.71
3.99
24.10
4.66
3.17
23.41
4.74
3.02
22.53
4.79
2.84
21.71
4.82
2.90
21.04
4.64
2.87
22.22
4.55
2.37
21.70
4.55
2.37
21.26
4.49
2.43
