4
1
0
1
4
5
1
8
0
8
1
9
8
4
0
4
8
14
6
2
1
5
6
1
10
9
1
2
10
1
6
3
2
3
6
7
3
10
2
10
3
11
17
11
3
7
17
3
14
5
4
5
14
15
16
6
5
15
16
5
16
7
6
7
16
17
9
27
8
27
9
28
27
14
8
14
27
35
29
28
9
10
29
9
11
29
10
29
11
30
18
12
11
17
18
11
31
30
11
12
31
11
18
31
12
31
18
36
20
14
13
19
20
13
35
34
13
14
35
13
41
19
13
34
41
13
20
15
14
15
20
21
22
16
15
21
22
15
22
17
16
17
22
23
24
18
17
23
24
17
24
36
18
36
24
46
42
20
19
41
42
19
42
21
20
21
42
43
26
22
21
25
26
21
51
25
21
43
51
21
44
23
22
23
44
45
26
44
22
44
26
52
46
24
23
45
46
23
52
26
25
51
52
25
59
58
27
28
59
27
65
35
27
58
65
27
29
59
28
59
29
60
61
60
29
30
61
29
31
61
30
61
31
62
37
32
31
36
37
31
63
62
31
32
63
31
37
33
32
33
37
38
33
63
32
63
33
64
66
64
33
38
66
33
35
41
34
41
35
42
71
42
35
65
71
35
46
37
36
37
46
47
48
38
37
47
48
37
48
39
38
39
48
49
39
66
38
66
39
67
50
40
39
49
50
39
68
67
39
40
68
39
50
68
40
68
50
76
71
43
42
43
71
72
52
51
43
44
52
43
73
44
43
72
73
43
73
45
44
45
73
74
75
46
45
74
75
45
53
47
46
47
53
54
75
53
46
53
75
84
55
48
47
54
55
47
55
49
48
49
55
56
57
50
49
56
57
49
57
76
50
76
57
88
85
54
53
84
85
53
85
55
54
55
85
86
87
56
55
86
87
55
87
57
56
57
87
88
59
108
58
108
59
109
108
65
58
65
108
117
110
109
59
60
110
59
61
110
60
110
61
111
112
111
61
62
112
61
63
112
62
112
63
113
114
113
63
64
114
63
66
114
64
114
66
118
125
71
65
117
125
65
67
118
66
118
67
119
120
119
67
68
120
67
76
120
68
120
76
126
79
70
69
78
79
69
124
123
69
70
124
69
132
78
69
123
132
69
79
71
70
71
79
80
71
124
70
124
71
125
81
72
71
80
81
71
81
73
72
73
81
82
83
74
73
82
83
73
83
75
74
75
83
84
88
126
76
126
88
133
90
78
77
89
90
77
132
131
77
78
132
77
140
89
77
131
140
77
90
79
78
79
90
91
92
80
79
91
92
79
92
81
80
81
92
93
94
82
81
93
94
81
94
83
82
83
94
95
96
84
83
95
96
83
96
85
84
85
96
97
98
86
85
97
98
85
98
87
86
87
98
99
100
88
87
99
100
87
100
133
88
133
100
146
141
90
89
140
141
89
141
91
90
91
141
142
143
92
91
142
143
91
143
93
92
93
143
144
102
94
93
101
102
93
157
101
93
144
157
93
102
95
94
95
102
103
104
96
95
103
104
95
104
97
96
97
104
105
106
98
97
105
106
97
106
99
98
99
106
107
146
100
99
145
146
99
163
145
99
107
163
99
158
102
101
157
158
101
158
103
102
103
158
159
160
104
103
159
160
103
160
105
104
105
160
161
162
106
105
161
162
105
162
107
106
107
162
163
109
171
108
171
109
172
171
117
108
117
171
181
173
172
109
110
173
109
111
173
110
173
111
174
175
174
111
112
175
111
113
175
112
175
113
176
177
176
113
114
177
113
118
115
114
115
118
119
115
177
114
177
115
178
120
116
115
119
120
115
179
178
115
116
179
115
120
179
116
179
120
182
187
125
117
181
187
117
126
121
120
121
126
127
121
182
120
182
121
183
128
122
121
127
128
121
184
183
121
122
184
121
128
184
122
184
128
188
186
185
123
124
186
123
192
132
123
185
192
123
125
186
124
186
125
187
133
127
126
127
133
134
135
128
127
134
135
127
135
129
128
129
135
136
129
188
128
188
129
189
137
130
129
136
137
129
190
189
129
130
190
129
137
190
130
190
137
194
192
191
131
132
192
131
197
140
131
191
197
131
147
134
133
146
147
133
147
135
134
135
147
148
149
136
135
148
149
135
149
137
136
137
149
150
203
194
137
150
203
137
151
139
138
139
151
152
139
195
138
195
139
196
195
151
138
151
195
204
153
140
139
152
153
139
197
196
139
140
197
139
153
141
140
141
153
154
199
142
141
198
199
141
207
198
141
154
207
141
155
143
142
143
155
156
199
155
142
155
199
208
157
144
143
156
157
143
164
146
145
163
164
145
164
147
146
147
164
165
201
148
147
200
201
147
218
200
147
165
218
147
201
149
148
149
201
202
203
150
149
202
203
149
205
152
151
204
205
151
205
153
152
153
205
206
207
154
153
206
207
153
209
156
155
208
209
155
209
157
156
157
209
210
211
158
157
210
211
157
211
159
158
159
211
212
213
160
159
212
213
159
213
161
160
161
213
214
215
162
161
214
215
161
215
163
162
163
215
216
217
164
163
216
217
163
217
165
164
165
217
218
175
167
166
167
175
176
167
246
166
246
167
247
246
175
166
175
246
255
177
168
167
176
177
167
248
247
167
168
248
167
177
169
168
169
177
178
169
248
168
248
169
249
179
170
169
178
179
169
250
249
169
170
250
169
179
250
170
250
179
256
252
251
171
172
252
171
259
181
171
251
259
171
173
252
172
252
173
253
254
253
173
174
254
173
175
254
174
254
175
255
260
256
179
182
260
179
186
181
180
181
186
187
181
258
180
258
181
259
258
186
180
186
258
264
183
260
182
260
183
261
262
261
183
184
262
183
188
262
184
262
188
265
264
263
185
186
264
185
268
192
185
263
268
185
189
265
188
265
189
266
194
193
189
190
194
189
269
266
189
193
269
189
268
267
191
192
268
191
274
197
191
267
274
191
270
269
193
194
270
193
203
270
194
270
203
276
273
272
195
196
273
195
278
204
195
272
278
195
197
273
196
273
197
274
207
199
198
199
207
208
218
201
200
201
218
219
220
202
201
219
220
201
220
203
202
203
220
221
285
276
203
221
285
203
278
205
204
205
278
279
280
206
205
279
280
205
222
207
206
207
222
223
280
222
206
222
280
290
224
208
207
223
224
207
224
209
208
209
224
225
226
210
209
225
226
209
226
211
210
211
226
227
228
212
211
227
228
211
228
213
212
213
228
229
230
214
213
229
230
213
230
215
214
215
230
231
232
216
215
231
232
215
232
217
216
217
232
233
282
218
217
281
282
217
295
281
217
233
295
217
282
219
218
219
282
283
284
220
219
283
284
219
284
221
220
221
284
285
290
223
222
223
290
291
292
224
223
291
292
223
292
225
224
225
292
293
235
226
225
234
235
225
307
234
225
293
307
225
235
227
226
227
235
236
237
228
227
236
237
227
237
229
228
229
237
238
239
230
229
238
239
229
239
231
230
231
239
240
241
232
231
240
241
231
294
233
232
233
294
295
241
294
232
294
241
314
307
235
234
235
307
308
309
236
235
308
309
235
242
237
236
237
242
243
309
242
236
242
309
329
311
238
237
310
311
237
330
310
237
243
330
237
311
239
238
239
311
312
313
240
239
312
313
239
313
241
240
241
313
314
329
243
242
243
329
330
253
245
244
245
253
254
245
356
244
356
245
357
356
253
244
253
356
365
255
246
245
254
255
245
358
357
245
246
358
245
247
358
246
358
247
359
360
359
247
248
360
247
249
360
248
360
249
361
362
361
249
250
362
249
256
362
250
362
256
371
364
363
251
252
364
251
375
259
251
363
375
251
253
364
252
364
253
365
260
257
256
257
260
261
257
371
256
371
257
372
378
372
257
261
378
257
259
374
258
374
259
375
374
264
258
264
374
381
379
378
261
262
379
261
265
379
262
379
265
385
381
380
263
264
381
263
387
268
263
380
387
263
386
385
265
266
386
265
269
386
266
386
269
389
275
274
267
268
275
267
387
275
268
275
387
395
390
389
269
270
390
269
276
271
270
271
276
277
271
390
270
390
271
391
397
391
271
277
397
271
273
392
272
392
273
393
392
278
272
278
392
398
394
393
273
274
394
273
275
394
274
394
275
395
285
277
276
277
285
286
400
397
277
286
400
277
288
279
278
279
288
289
398
288
278
288
398
402
290
280
279
289
290
279
296
282
281
295
296
281
296
283
282
283
296
297
298
284
283
297
298
283
298
285
284
285
298
299
300
286
285
299
300
285
300
287
286
287
300
301
287
400
286
400
287
401
405
401
287
301
405
287
302
289
288
289
302
303
402
302
288
302
402
406
304
290
289
303
304
289
304
291
290
291
304
305
306
292
291
305
306
291
306
293
292
293
306
307
314
295
294
295
314
315
316
296
295
315
316
295
316
297
296
297
316
317
318
298
297
317
318
297
318
299
298
299
318
319
320
300
299
319
320
299
320
301
300
301
320
321
412
405
301
321
412
301
322
303
302
303
322
323
406
322
302
322
406
413
324
304
303
323
324
303
324
305
304
305
324
325
326
306
305
325
326
305
326
307
306
307
326
327
328
308
307
327
328
307
328
309
308
309
328
329
330
311
310
311
330
331
332
312
311
331
332
311
407
313
312
313
407
408
332
407
312
407
332
417
409
314
313
408
409
313
409
315
314
315
409
410
411
316
315
410
411
315
333
317
316
317
333
334
411
333
316
333
411
421
335
318
317
334
335
317
335
319
318
319
335
336
337
320
319
336
337
319
337
321
320
321
337
338
422
412
321
338
422
321
413
323
322
323
413
414
340
324
323
339
340
323
425
339
323
414
425
323
340
325
324
325
340
341
342
326
325
341
342
325
342
327
326
327
342
343
344
328
327
343
344
327
344
329
328
329
344
345
346
330
329
345
346
329
415
331
330
331
415
416
346
415
330
415
346
432
417
332
331
416
417
331
348
334
333
347
348
333
438
347
333
421
438
333
348
335
334
335
348
349
350
336
335
349
350
335
350
337
336
337
350
351
352
338
337
351
352
337
352
422
338
422
352
442
426
340
339
425
426
339
426
341
340
341
426
427
428
342
341
427
428
341
428
343
342
343
428
429
430
344
343
429
430
343
430
345
344
345
430
431
432
346
345
431
432
345
354
348
347
353
354
347
458
353
347
438
458
347
354
349
348
349
354
355
440
350
349
439
440
349
460
439
349
355
460
349
440
351
350
351
440
441
442
352
351
441
442
351
459
354
353
458
459
353
459
355
354
355
459
460
357
365
356
365
357
366
367
366
357
358
367
357
359
367
358
367
359
368
369
368
359
360
369
359
361
369
360
369
361
370
371
370
361
362
371
361
376
375
363
364
376
363
365
376
364
376
365
377
528
527
365
366
528
365
536
377
365
527
536
365
367
528
366
528
367
529
530
529
367
368
530
367
369
530
368
530
369
531
532
531
369
370
532
369
371
532
370
532
371
533
534
533
371
372
534
371
378
373
372
373
378
379
373
534
372
534
373
535
540
535
373
379
540
373
375
381
374
381
375
382
383
382
375
376
383
375
377
383
376
383
377
384
544
384
377
536
544
377
545
540
379
385
545
379
381
387
380
387
381
388
542
541
381
382
542
381
547
388
381
541
547
381
383
542
382
542
383
543
544
543
383
384
544
383
546
545
385
386
546
385
389
546
386
546
389
548
396
395
387
388
396
387
547
396
388
396
547
554
549
548
389
390
549
389
391
549
390
549
391
550
556
550
391
397
556
391
393
398
392
398
393
399
552
551
393
394
552
393
558
399
393
551
558
393
395
552
394
552
395
553
554
553
395
396
554
395
560
556
397
400
560
397
399
402
398
402
399
403
562
403
399
558
562
399
401
404
400
404
401
405
404
560
400
560
404
564
403
561
402
561
403
562
561
406
402
406
561
566
405
564
404
564
405
565
568
565
405
412
568
405
566
413
406
413
566
569
418
408
407
417
418
407
418
409
408
409
418
419
420
410
409
419
420
409
420
411
410
411
420
421
422
568
412
568
422
570
425
414
413
424
425
413
572
424
413
569
572
413
433
416
415
432
433
415
433
417
416
417
433
434
435
418
417
434
435
417
435
419
418
419
435
436
437
420
419
436
437
419
437
421
420
421
437
438
442
570
422
570
442
576
444
424
423
443
444
423
572
571
423
424
572
423
577
443
423
571
577
423
444
425
424
425
444
445
446
426
425
445
446
425
446
427
426
427
446
447
448
428
427
447
448
427
448
429
428
429
448
449
450
430
429
449
450
429
450
431
430
431
450
451
452
432
431
451
452
431
452
433
432
433
452
453
454
434
433
453
454
433
454
435
434
435
454
455
456
436
435
455
456
435
456
437
436
437
456
457
458
438
437
457
458
437
574
440
439
573
574
439
580
573
439
460
580
439
574
441
440
441
574
575
576
442
441
575
576
441
462
444
443
461
462
443
581
461
443
577
581
443
462
445
444
445
462
463
464
446
445
463
464
445
464
447
446
447
464
465
466
448
447
465
466
447
466
449
448
449
466
467
468
450
449
467
468
449
468
451
450
451
468
469
470
452
451
469
470
451
470
453
452
453
470
471
472
454
453
471
472
453
472
455
454
455
472
473
474
456
455
473
474
455
474
457
456
457
474
475
476
458
457
475
476
457
578
459
458
459
578
579
476
578
458
578
476
586
580
460
459
579
580
459
582
462
461
581
582
461
582
463
462
463
582
583
478
464
463
477
478
463
589
477
463
583
589
463
478
465
464
465
478
479
480
466
465
479
480
465
480
467
466
467
480
481
482
468
467
481
482
467
482
469
468
469
482
483
484
470
469
483
484
469
484
471
470
471
484
485
486
472
471
485
486
471
486
473
472
473
486
487
488
474
473
487
488
473
584
475
474
475
584
585
488
584
474
584
488
591
586
476
475
585
586
475
490
478
477
489
490
477
594
489
477
589
594
477
490
479
478
479
490
491
492
480
479
491
492
479
492
481
480
481
492
493
494
482
481
493
494
481
494
483
482
483
494
495
496
484
483
495
496
483
496
485
484
485
496
497
498
486
485
497
498
485
498
487
486
487
498
499
591
488
487
590
591
487
596
590
487
499
596
487
501
490
489
500
501
489
600
500
489
594
600
489
501
491
490
491
501
502
503
492
491
502
503
491
503
493
492
493
503
504
505
494
493
504
505
493
505
495
494
495
505
506
507
496
495
506
507
495
507
497
496
497
507
508
509
498
497
508
509
497
509
499
498
499
509
510
603
596
499
510
603
499
600
501
500
501
600
601
512
502
501
511
512
501
604
511
501
601
604
501
512
503
502
503
512
513
514
504
503
513
514
503
514
505
504
505
514
515
516
506
505
515
516
505
516
507
506
507
516
517
518
508
507
517
518
507
518
509
508
509
518
519
603
510
509
602
603
509
607
602
509
519
607
509
605
512
511
604
605
511
605
513
512
513
605
606
521
514
513
520
521
513
608
520
513
606
608
513
521
515
514
515
521
522
523
516
515
522
523
515
523
517
516
517
523
524
525
518
517
524
525
517
525
519
518
519
525
526
614
607
519
526
614
519
608
521
520
521
608
609
610
522
521
609
610
521
610
523
522
523
610
611
612
524
523
611
612
523
612
525
524
525
612
613
614
526
525
613
614
525
537
536
527
528
537
527
529
537
528
537
529
538
539
538
529
530
539
529
531
615
530
615
531
616
615
539
530
539
615
624
617
616
531
532
617
531
533
617
532
617
533
618
619
618
533
534
619
533
535
619
534
619
535
620
629
620
535
540
629
535
537
621
536
621
537
622
621
544
536
544
621
633
623
622
537
538
623
537
539
623
538
623
539
624
545
629
540
629
545
638
631
630
541
542
631
541
640
547
541
630
640
541
543
631
542
631
543
632
633
632
543
544
633
543
639
638
545
546
639
545
548
639
546
639
548
647
652
554
547
640
652
547
549
647
548
647
549
648
556
555
549
550
556
549
653
648
549
555
653
549
650
649
551
552
650
551
655
558
551
649
655
551
553
650
552
650
553
651
652
651
553
554
652
553
560
559
555
556
560
555
656
653
555
559
656
555
562
558
557
561
562
557
655
654
557
558
655
557
657
561
557
654
657
557
564
563
559
560
564
559
658
656
559
563
658
559
660
566
561
657
660
561
659
658
563
564
659
563
565
567
564
567
565
568
567
659
564
659
567
661
660
569
566
569
660
663
662
661
567
568
662
567
570
662
568
662
570
664
666
572
569
663
666
569
576
664
570
664
576
671
666
665
571
572
666
571
672
577
571
665
672
571
669
574
573
668
669
573
674
668
573
580
674
573
669
575
574
575
669
670
671
576
575
670
671
575
675
581
577
672
675
577
586
579
578
579
586
587
674
580
579
673
674
579
680
673
579
587
680
579
676
582
581
675
676
581
588
583
582
583
588
589
676
588
582
588
676
681
677
585
584
585
677
678
591
677
584
677
591
682
679
586
585
678
679
585
679
587
586
587
679
680
593
589
588
589
593
594
681
593
588
593
681
685
596
591
590
591
596
597
598
592
591
597
598
591
683
682
591
592
683
591
598
683
592
683
598
690
600
594
593
599
600
593
691
599
593
685
691
593
603
602
595
596
603
595
688
596
595
687
688
595
694
687
595
602
694
595
688
597
596
597
688
689
690
598
597
689
690
597
692
600
599
691
692
599
692
601
600
601
692
693
695
604
601
693
695
601
607
694
602
694
607
699
695
605
604
605
695
696
697
606
605
696
697
605
697
608
606
608
697
700
706
699
607
614
706
607
700
609
608
609
700
701
702
610
609
701
702
609
702
611
610
611
702
703
704
612
611
703
704
611
704
613
612
613
704
705
706
614
613
705
706
613
625
624
615
616
625
615
617
625
616
625
617
626
627
626
617
618
627
617
619
627
618
627
619
628
629
628
619
620
629
619
634
633
621
622
634
621
623
634
622
634
623
635
636
635
623
624
636
623
625
636
624
636
625
637
708
707
625
626
708
625
714
637
625
707
714
625
627
708
626
708
627
709
710
709
627
628
710
627
629
710
628
710
629
711
718
711
629
638
718
629
631
640
630
640
631
641
642
641
631
632
642
631
633
642
632
642
633
643
644
643
633
634
644
633
635
644
634
644
635
645
713
712
635
636
713
635
724
645
635
712
724
635
637
713
636
713
637
714
639
646
638
646
639
647
646
718
638
718
646
730
641
719
640
719
641
720
719
652
640
652
719
736
721
720
641
642
721
641
643
721
642
721
643
722
723
722
643
644
723
643
645
723
644
723
645
724
647
730
646
730
647
731
732
731
647
648
732
647
653
732
648
732
653
741
734
733
649
650
734
649
743
655
649
733
743
649
651
734
650
734
651
735
736
735
651
652
736
651
745
741
653
656
745
653
655
742
654
742
655
743
742
657
654
657
742
746
658
745
656
745
658
748
750
660
657
746
750
657
659
748
658
748
659
749
753
749
659
661
753
659
750
663
660
663
750
755
754
753
661
662
754
661
664
754
662
754
664
758
760
666
663
755
760
663
671
758
664
758
671
765
760
759
665
666
760
665
766
672
665
759
766
665
674
673
667
668
674
667
762
668
667
761
762
667
768
761
667
673
768
667
762
669
668
669
762
763
764
670
669
763
764
669
764
671
670
671
764
765
766
675
672
675
766
769
772
768
673
680
772
673
770
676
675
769
770
675
770
681
676
681
770
773
683
678
677
682
683
677
683
679
678
679
683
684
772
680
679
771
772
679
776
771
679
684
776
679
777
685
681
773
777
681
776
684
683
775
776
683
783
775
683
690
783
683
692
691
685
686
692
685
778
686
685
777
778
685
778
692
686
692
778
784
781
688
687
780
781
687
786
780
687
694
786
687
781
689
688
689
781
782
783
690
689
782
783
689
784
693
692
693
784
785
787
695
693
785
787
693
699
786
694
786
699
793
788
696
695
787
788
695
788
697
696
697
788
789
794
700
697
789
794
697
699
705
698
705
699
706
792
699
698
699
792
793
705
792
698
792
705
799
794
701
700
701
794
795
796
702
701
795
796
701
796
703
702
703
796
797
798
704
703
797
798
703
798
705
704
705
798
799
715
714
707
708
715
707
709
715
708
715
709
716
717
716
709
710
717
709
711
717
710
717
711
718
713
724
712
724
713
725
726
725
713
714
726
713
715
726
714
726
715
727
728
727
715
716
728
715
717
728
716
728
717
729
730
729
717
718
730
717
737
736
719
720
737
719
721
737
720
737
721
738
801
800
721
722
801
721
815
738
721
800
815
721
723
801
722
801
723
802
803
802
723
724
803
723
725
803
724
803
725
804
805
804
725
726
805
725
727
805
726
805
727
806
807
806
727
728
807
727
729
807
728
807
729
808
809
808
729
730
809
729
731
739
730
739
731
740
739
809
730
809
739
819
741
740
731
732
741
731
811
810
733
734
811
733
821
743
733
810
821
733
735
811
734
811
735
812
813
812
735
736
813
735
737
813
736
813
737
814
815
814
737
738
815
737
820
819
739
740
820
739
741
744
740
744
741
745
744
820
740
820
744
822
743
746
742
746
743
747
824
747
743
821
824
743
745
822
744
822
745
823
826
823
745
748
826
745
747
750
746
750
747
751
827
751
747
824
827
747
749
752
748
752
749
753
752
826
748
826
752
829
751
755
750
755
751
756
832
756
751
827
832
751
753
829
752
829
753
830
758
757
753
754
758
753
834
830
753
757
834
753
832
831
755
756
832
755
835
760
755
831
835
755
765
764
757
758
765
757
840
834
757
764
840
757
767
766
759
760
767
759
835
767
760
767
835
841
838
762
761
837
838
761
843
837
761
768
843
761
838
763
762
763
838
839
840
764
763
839
840
763
767
769
766
769
767
770
844
770
767
841
844
767
772
843
768
843
772
848
844
773
770
773
844
849
848
772
771
847
848
771
854
847
771
776
854
771
855
777
773
849
855
773
775
782
774
782
775
783
852
775
774
775
852
853
782
852
774
852
782
860
854
776
775
853
854
775
856
778
777
855
856
777
779
784
778
784
779
785
856
779
778
779
856
857
861
785
779
857
861
779
858
781
780
781
858
859
786
858
780
858
786
866
860
782
781
859
860
781
867
787
785
861
867
785
793
866
786
866
793
874
868
788
787
867
868
787
868
789
788
789
868
869
795
794
789
790
795
789
870
790
789
869
870
789
791
795
790
795
791
796
870
791
790
791
870
871
875
796
791
871
875
791
873
793
792
793
873
874
799
873
792
873
799
878
875
797
796
797
875
876
877
798
797
876
877
797
877
799
798
799
877
878
801
879
800
879
801
880
879
815
800
815
879
891
881
880
801
802
881
801
803
881
802
881
803
882
883
882
803
804
883
803
805
883
804
883
805
884
885
884
805
806
885
805
807
816
806
816
807
817
816
885
806
885
816
897
818
817
807
808
818
807
809
818
808
818
809
819
811
886
810
886
811
887
886
821
810
821
886
902
888
887
811
812
888
811
813
888
812
888
813
889
890
889
813
814
890
813
815
890
814
890
815
891
817
897
816
897
817
898
899
898
817
818
899
817
819
899
818
899
819
900
901
900
819
820
901
819
822
901
820
901
822
909
910
824
821
902
910
821
823
825
822
825
823
826
825
909
822
909
825
914
910
827
824
827
910
915
829
828
825
826
829
825
919
914
825
828
919
825
921
832
827
915
921
827
829
919
828
919
829
920
834
833
829
830
834
829
926
920
829
833
926
829
836
835
831
832
836
831
921
836
832
836
921
927
840
839
833
834
840
833
932
926
833
839
932
833
842
841
835
836
842
835
927
842
836
842
927
933
931
838
837
930
931
837
938
930
837
843
938
837
931
839
838
839
931
932
845
844
841
842
845
841
933
845
842
845
933
939
944
938
843
848
944
843
845
849
844
849
845
850
945
850
845
939
945
845
847
853
846
853
847
854
942
847
846
847
942
943
853
942
846
942
853
950
944
848
847
943
944
847
856
855
849
850
856
849
945
856
850
856
945
951
860
859
851
852
860
851
949
852
851
948
949
851
957
948
851
859
957
851
949
853
852
853
949
950
951
857
856
857
951
952
958
861
857
952
958
857
956
859
858
859
956
957
866
956
858
956
866
964
868
867
861
862
868
861
959
862
861
958
959
861
863
868
862
868
863
869
959
863
862
863
959
960
965
869
863
960
965
863
865
872
864
872
865
873
962
865
864
865
962
963
872
962
864
962
872
969
874
873
865
866
874
865
964
866
865
963
964
865
966
870
869
965
966
869
966
871
870
871
966
967
970
875
871
967
970
871
873
877
872
877
873
878
877
969
872
969
877
972
971
876
875
970
971
875
971
877
876
877
971
972
892
891
879
880
892
879
881
892
880
892
881
893
894
893
881
882
894
881
883
894
882
894
883
895
896
895
883
884
896
883
885
896
884
896
885
897
887
902
886
902
887
903
904
903
887
888
904
887
889
973
888
973
889
974
973
904
888
904
973
985
975
974
889
890
975
889
891
975
890
975
891
976
977
976
891
892
977
891
893
977
892
977
893
978
979
978
893
894
979
893
895
979
894
979
895
980
981
980
895
896
981
895
897
981
896
981
897
982
906
905
897
898
906
897
991
982
897
905
991
897
899
906
898
906
899
907
908
907
899
900
908
899
901
908
900
908
901
909
903
983
902
983
903
984
983
910
902
910
983
993
985
984
903
904
985
903
992
991
905
906
992
905
907
911
906
911
907
912
911
992
906
992
911
997
913
912
907
908
913
907
909
913
908
913
909
914
993
915
910
915
993
998
917
916
911
912
917
911
1001
997
911
916
1001
911
913
917
912
917
913
918
919
918
913
914
919
913
1002
921
915
998
1002
915
917
922
916
922
917
923
922
1001
916
1001
922
1005
924
923
917
918
924
917
919
924
918
924
919
925
926
925
919
920
926
919
1006
927
921
1002
1006
921
923
928
922
928
923
929
928
1005
922
1005
928
1007
930
929
923
924
930
923
925
930
924
930
925
931
932
931
925
926
932
925
1008
933
927
1006
1008
927
929
936
928
936
929
937
936
1007
928
1007
936
1011
938
937
929
930
938
929
1012
939
933
1008
1012
933
935
940
934
940
935
941
1009
935
934
935
1009
1010
940
1009
934
1009
940
1013
942
941
935
936
942
935
1011
936
935
1010
1011
935
937
942
936
942
937
943
944
943
937
938
944
937
1014
945
939
1012
1014
939
941
948
940
948
941
949
948
1013
940
1013
948
1017
950
949
941
942
950
941
1018
951
945
1014
1018
945
947
955
946
955
947
956
1015
947
946
947
1015
1016
955
1015
946
1015
955
1023
957
956
947
948
957
947
1017
948
947
1016
1017
947
1019
952
951
1018
1019
951
953
958
952
958
953
959
1019
953
952
953
1019
1020
1024
959
953
1020
1024
953
955
962
954
962
955
963
1022
955
954
955
1022
1023
962
1022
954
1022
962
1028
964
963
955
956
964
955
1025
960
959
1024
1025
959
961
965
960
965
961
966
1025
961
960
961
1025
1026
1029
966
961
1026
1029
961
969
1028
962
1028
969
1032
1029
967
966
967
1029
1030
971
970
967
968
971
967
1031
968
967
1030
1031
967
969
971
968
971
969
972
1031
969
968
969
1031
1032
986
985
973
974
986
973
975
986
974
986
975
987
988
987
975
976
988
975
977
1033
976
1033
977
1034
1033
988
976
988
1033
1040
1035
1034
977
978
1035
977
979
1035
978
1035
979
1036
1037
1036
979
980
1037
979
981
989
980
989
981
990
989
1037
980
1037
989
1044
991
990
981
982
991
981
994
993
983
984
994
983
985
994
984
994
985
995
996
995
985
986
996
985
987
1038
986
1038
987
1039
1038
996
986
996
1038
1049
1040
1039
987
988
1040
987
1045
1044
989
990
1045
989
991
1045
990
1045
991
1046
1047
1046
991
992
1047
991
997
1047
992
1047
997
1058
999
998
993
994
999
993
995
999
994
999
995
1000
1049
1048
995
996
1049
995
1059
1000
995
1048
1059
995
1069
1058
997
1001
1069
997
999
1002
998
1002
999
1003
1004
1003
999
1000
1004
999
1059
1004
1000
1004
1059
1072
1082
1069
1001
1005
1082
1001
1003
1070
1002
1070
1003
1071
1070
1006
1002
1006
1070
1083
1072
1071
1003
1004
1072
1003
1095
1082
1005
1007
1095
1005
1083
1008
1006
1008
1083
1096
1108
1095
1007
1011
1108
1007
1096
1012
1008
1012
1096
1109
1107
1010
1009
1106
1107
1009
1119
1106
1009
1013
1119
1009
1107
1011
1010
1011
1107
1108
1109
1014
1012
1014
1109
1120
1130
1119
1013
1017
1130
1013
1120
1018
1014
1018
1120
1131
1129
1016
1015
1128
1129
1015
1139
1128
1015
1023
1139
1015
1129
1017
1016
1017
1129
1130
1131
1019
1018
1019
1131
1132
1133
1020
1019
1132
1133
1019
1021
1024
1020
1024
1021
1025
1133
1021
1020
1021
1133
1134
1140
1025
1021
1134
1140
1021
1138
1023
1022
1023
1138
1139
1028
1138
1022
1138
1028
1144
1141
1026
1025
1140
1141
1025
1027
1029
1026
1029
1027
1030
1141
1027
1026
1027
1141
1142
1145
1030
1027
1142
1145
1027
1032
1144
1028
1144
1032
1147
1145
1031
1030
1031
1145
1146
1147
1032
1031
1146
1147
1031
1041
1040
1033
1034
1041
1033
1035
1041
1034
1041
1035
1042
1043
1042
1035
1036
1043
1035
1037
1043
1036
1043
1037
1044
1039
1049
1038
1049
1039
1050
1051
1050
1039
1040
1051
1039
1041
1051
1040
1051
1041
1052
1053
1052
1041
1042
1053
1041
1043
1053
1042
1053
1043
1054
1055
1054
1043
1044
1055
1043
1045
1055
1044
1055
1045
1056
1057
1056
1045
1046
1057
1045
1047
1057
1046
1057
1047
1058
1049
1059
1048
1059
1049
1060
1061
1060
1049
1050
1061
1049
1051
1061
1050
1061
1051
1062
1063
1062
1051
1052
1063
1051
1053
1063
1052
1063
1053
1064
1065
1064
1053
1054
1065
1053
1055
1065
1054
1065
1055
1066
1067
1066
1055
1056
1067
1055
1057
1067
1056
1067
1057
1068
1069
1068
1057
1058
1069
1057
1073
1072
1059
1060
1073
1059
1061
1073
1060
1073
1061
1074
1075
1074
1061
1062
1075
1061
1063
1075
1062
1075
1063
1076
1077
1076
1063
1064
1077
1063
1065
1077
1064
1077
1065
1078
1079
1078
1065
1066
1079
1065
1067
1079
1066
1079
1067
1080
1081
1080
1067
1068
1081
1067
1069
1081
1068
1081
1069
1082
1071
1083
1070
1083
1071
1084
1085
1084
1071
1072
1085
1071
1073
1085
1072
1085
1073
1086
1087
1086
1073
1074
1087
1073
1075
1087
1074
1087
1075
1088
1089
1088
1075
1076
1089
1075
1077
1089
1076
1089
1077
1090
1091
1090
1077
1078
1091
1077
1079
1091
1078
1091
1079
1092
1093
1092
1079
1080
1093
1079
1081
1093
1080
1093
1081
1094
1095
1094
1081
1082
1095
1081
1097
1096
1083
1084
1097
1083
1085
1097
1084
1097
1085
1098
1099
1098
1085
1086
1099
1085
1087
1099
1086
1099
1087
1100
1101
1100
1087
1088
1101
1087
1089
1101
1088
1101
1089
1102
1103
1102
1089
1090
1103
1089
1091
1103
1090
1103
1091
1104
1105
1104
1091
1092
1105
1091
1093
1105
1092
1105
1093
1106
1107
1106
1093
1094
1107
1093
1095
1107
1094
1107
1095
1108
1097
1109
1096
1109
1097
1110
1111
1110
1097
1098
1111
1097
1099
1111
1098
1111
1099
1112
1113
1112
1099
1100
1113
1099
1101
1113
1100
1113
1101
1114
1115
1114
1101
1102
1115
1101
1103
1115
1102
1115
1103
1116
1117
1116
1103
1104
1117
1103
1105
1117
1104
1117
1105
1118
1119
1118
1105
1106
1119
1105
1121
1120
1109
1110
1121
1109
1111
1121
1110
1121
1111
1122
1123
1122
1111
1112
1123
1111
1113
1123
1112
1123
1113
1124
1125
1124
1113
1114
1125
1113
1115
1125
1114
1125
1115
1126
1127
1126
1115
1116
1127
1115
1117
1127
1116
1127
1117
1128
1129
1128
1117
1118
1129
1117
1119
1129
1118
1129
1119
1130
1121
1131
1120
1131
1121
1132
1133
1132
1121
1122
1133
1121
1123
1133
1122
1133
1123
1134
1135
1134
1123
1124
1135
1123
1125
1135
1124
1135
1125
1136
1137
1136
1125
1126
1137
1125
1127
1137
1126
1137
1127
1138
1139
1138
1127
1128
1139
1127
1135
1140
1134
1140
1135
1141
1142
1141
1135
1136
1142
1135
1137
1142
1136
1142
1137
1143
1144
1143
1137
1138
1144
1137
1143
1145
1142
1145
1143
1146
1147
1146
1143
1144
1147
1143
