4
1
0
1
4
5
1
18
0
18
1
19
18
4
0
4
18
22
23
19
1
5
23
1
6
3
2
3
6
7
3
20
2
20
3
21
20
6
2
6
20
24
8
4
3
7
8
3
22
21
3
4
22
3
8
5
4
5
8
9
26
23
5
9
26
5
10
7
6
7
10
11
24
10
6
10
24
30
12
8
7
11
12
7
25
9
8
9
25
26
12
25
8
25
12
31
13
11
10
11
13
14
30
13
10
13
30
36
15
12
11
14
15
11
15
31
12
31
15
38
37
14
13
36
37
13
37
15
14
15
37
38
20
17
16
17
20
21
17
63
16
63
17
64
63
20
16
20
63
70
22
18
17
21
22
17
65
64
17
18
65
17
19
65
18
65
19
66
71
66
19
23
71
19
70
24
20
24
70
76
77
71
23
26
77
23
76
30
24
30
76
88
32
26
25
31
32
25
32
27
26
27
32
33
27
77
26
77
27
78
89
78
27
33
89
27
34
29
28
29
34
35
29
86
28
86
29
87
86
34
28
34
86
98
36
30
29
35
36
29
88
87
29
30
88
29
39
32
31
38
39
31
39
33
32
33
39
40
99
89
33
40
99
33
41
35
34
35
41
42
98
41
34
41
98
108
43
36
35
42
43
35
43
37
36
37
43
44
45
38
37
44
45
37
45
39
38
39
45
46
47
40
39
46
47
39
47
99
40
99
47
109
49
42
41
48
49
41
119
48
41
108
119
41
49
43
42
43
49
50
51
44
43
50
51
43
51
45
44
45
51
52
53
46
45
52
53
45
53
47
46
47
53
54
123
109
47
54
123
47
55
49
48
49
55
56
119
55
48
55
119
127
57
50
49
56
57
49
57
51
50
51
57
58
121
52
51
120
121
51
130
120
51
58
130
51
121
53
52
53
121
122
123
54
53
122
123
53
128
56
55
127
128
55
128
57
56
57
128
129
130
58
57
129
130
57
64
60
59
63
64
59
144
143
59
60
144
59
149
63
59
143
149
59
64
61
60
61
64
65
61
144
60
144
61
145
66
62
61
65
66
61
146
145
61
62
146
61
66
146
62
146
66
152
158
70
63
149
158
63
71
67
66
67
71
72
67
152
66
152
67
153
73
68
67
72
73
67
154
153
67
68
154
67
73
69
68
69
73
74
69
154
68
154
69
155
159
155
69
74
159
69
158
76
70
76
158
164
78
72
71
77
78
71
78
73
72
73
78
79
80
74
73
79
80
73
80
159
74
159
80
165
88
76
75
87
88
75
164
163
75
76
164
75
173
87
75
163
173
75
89
79
78
79
89
90
91
80
79
90
91
79
91
81
80
81
91
92
81
165
80
165
81
166
93
82
81
92
93
81
167
166
81
82
167
81
93
167
82
167
93
174
96
84
83
95
96
83
170
169
83
84
170
83
176
95
83
169
176
83
96
170
84
170
96
177
98
86
85
97
98
85
172
171
85
86
172
85
179
97
85
171
179
85
87
172
86
172
87
173
100
90
89
99
100
89
100
91
90
91
100
101
102
92
91
101
102
91
102
93
92
93
102
103
104
94
93
103
104
93
175
174
93
94
175
93
104
95
94
95
104
105
95
175
94
175
95
176
106
96
95
105
106
95
106
177
96
177
106
180
108
98
97
107
108
97
182
107
97
179
182
97
110
100
99
109
110
99
110
101
100
101
110
111
112
102
101
111
112
101
112
103
102
103
112
113
114
104
103
113
114
103
114
105
104
105
114
115
116
106
105
115
116
105
116
180
106
180
116
189
119
108
107
118
119
107
191
118
107
182
191
107
124
110
109
123
124
109
183
111
110
111
183
184
124
183
110
183
124
194
185
112
111
184
185
111
185
113
112
113
185
186
187
114
113
186
187
113
187
115
114
115
187
188
189
116
115
188
189
115
126
118
117
125
126
117
191
190
117
118
191
117
196
125
117
190
196
117
126
119
118
119
126
127
130
121
120
121
130
131
132
122
121
131
132
121
192
123
122
123
192
193
132
192
122
192
132
198
194
124
123
193
194
123
134
126
125
133
134
125
202
133
125
196
202
125
134
127
126
127
134
135
136
128
127
135
136
127
136
129
128
129
136
137
138
130
129
137
138
129
138
131
130
131
138
139
198
132
131
197
198
131
208
197
131
139
208
131
203
134
133
202
203
133
203
135
134
135
203
204
205
136
135
204
205
135
205
137
136
137
205
206
207
138
137
206
207
137
207
139
138
139
207
208
146
141
140
141
146
147
141
218
140
218
141
219
218
146
140
146
218
224
148
142
141
147
148
141
220
219
141
142
220
141
148
220
142
220
148
225
222
221
143
144
222
143
228
149
143
221
228
143
145
150
144
150
145
151
150
222
144
222
150
229
224
223
145
146
224
145
230
151
145
223
230
145
152
147
146
147
152
153
154
148
147
153
154
147
154
225
148
225
154
231
235
158
149
228
235
149
151
229
150
229
151
230
155
231
154
231
155
232
160
156
155
159
160
155
233
232
155
156
233
155
160
233
156
233
160
236
164
158
157
163
164
157
235
234
157
158
235
157
242
163
157
234
242
157
166
160
159
165
166
159
166
161
160
161
166
167
161
236
160
236
161
237
243
237
161
167
243
161
172
163
162
163
172
173
163
241
162
241
163
242
241
172
162
172
241
250
175
168
167
174
175
167
244
243
167
168
244
167
175
169
168
169
175
176
169
244
168
244
169
245
246
245
169
170
246
169
177
246
170
246
177
251
250
249
171
172
250
171
255
179
171
249
255
171
256
251
177
180
256
177
181
179
178
179
181
182
179
254
178
254
179
255
254
181
178
181
254
259
189
256
180
256
189
265
191
182
181
190
191
181
268
190
181
259
268
181
195
184
183
194
195
183
260
185
184
185
260
261
195
260
184
260
195
270
262
186
185
261
262
185
262
187
186
187
262
263
264
188
187
263
264
187
264
189
188
189
264
265
268
196
190
196
268
276
198
193
192
193
198
199
200
194
193
199
200
193
269
195
194
195
269
270
200
269
194
269
200
279
276
202
196
202
276
283
209
198
197
208
209
197
277
199
198
199
277
278
209
277
198
277
209
285
279
200
199
278
279
199
211
202
201
210
211
201
283
282
201
202
283
201
290
210
201
282
290
201
211
203
202
203
211
212
213
204
203
212
213
203
213
205
204
205
213
214
215
206
205
214
215
205
215
207
206
207
215
216
217
208
207
216
217
207
284
209
208
209
284
285
217
284
208
284
217
297
290
211
210
211
290
291
292
212
211
291
292
211
292
213
212
213
292
293
294
214
213
293
294
213
294
215
214
215
294
295
296
216
215
295
296
215
296
217
216
217
296
297
219
322
218
322
219
323
322
224
218
224
322
327
324
323
219
220
324
219
225
324
220
324
225
329
229
228
221
222
229
221
327
326
223
224
327
223
334
230
223
326
334
223
232
226
225
231
232
225
330
329
225
226
330
225
232
227
226
227
232
233
227
330
226
330
227
331
335
331
227
233
335
227
229
332
228
332
229
333
332
235
228
235
332
337
334
333
229
230
334
229
338
335
233
236
338
233
235
336
234
336
235
337
336
242
234
242
336
344
237
338
236
338
237
339
244
238
237
243
244
237
340
339
237
238
340
237
244
239
238
239
244
245
239
340
238
340
239
341
246
240
239
245
246
239
342
341
239
240
342
239
246
342
240
342
246
345
344
343
241
242
344
241
349
250
241
343
349
241
251
247
246
247
251
252
247
345
246
345
247
346
253
248
247
252
253
247
347
346
247
248
347
247
253
347
248
347
253
350
349
348
249
250
349
249
352
255
249
348
352
249
257
252
251
256
257
251
257
253
252
253
257
258
354
350
253
258
354
253
255
351
254
351
255
352
351
259
254
259
351
355
265
257
256
257
265
266
267
258
257
266
267
257
267
354
258
354
267
358
359
268
259
355
359
259
270
261
260
261
270
271
272
262
261
271
272
261
272
263
262
263
272
273
274
264
263
273
274
263
274
265
264
265
274
275
357
266
265
356
357
265
364
356
265
275
364
265
357
267
266
267
357
358
359
276
268
276
359
366
280
270
269
279
280
269
280
271
270
271
280
281
361
272
271
360
361
271
368
360
271
281
368
271
361
273
272
273
361
362
363
274
273
362
363
273
363
275
274
275
363
364
366
283
276
283
366
374
286
278
277
285
286
277
286
279
278
279
286
287
288
280
279
287
288
279
367
281
280
281
367
368
288
367
280
367
288
377
283
373
282
373
283
374
373
290
282
290
373
382
297
285
284
285
297
298
299
286
285
298
299
285
375
287
286
287
375
376
299
375
286
375
299
385
377
288
287
376
377
287
301
290
289
300
301
289
382
381
289
290
382
289
389
300
289
381
389
289
301
291
290
291
301
302
303
292
291
302
303
291
303
293
292
293
303
304
305
294
293
304
305
293
305
295
294
295
305
306
307
296
295
306
307
295
307
297
296
297
307
308
384
298
297
383
384
297
391
383
297
308
391
297
384
299
298
299
384
385
309
301
300
301
309
310
389
309
300
309
389
395
311
302
301
310
311
301
311
303
302
303
311
312
313
304
303
312
313
303
313
305
304
305
313
314
315
306
305
314
315
305
315
307
306
307
315
316
391
308
307
390
391
307
399
390
307
316
399
307
396
310
309
395
396
309
396
311
310
311
396
397
318
312
311
317
318
311
403
317
311
397
403
311
318
313
312
313
318
319
320
314
313
319
320
313
320
315
314
315
320
321
399
316
315
398
399
315
407
398
315
321
407
315
404
318
317
403
404
317
404
319
318
319
404
405
406
320
319
405
406
319
406
321
320
321
406
407
323
327
322
327
323
328
329
328
323
324
329
323
334
326
325
333
334
325
410
409
325
326
410
325
418
333
325
409
418
325
327
410
326
410
327
411
412
411
327
328
412
327
329
412
328
412
329
413
414
413
329
330
414
329
331
414
330
414
331
415
421
415
331
335
421
331
333
417
332
417
333
418
417
337
332
337
417
424
427
421
335
338
427
335
337
423
336
423
337
424
423
344
336
344
423
434
339
427
338
427
339
428
429
428
339
340
429
339
341
429
340
429
341
430
431
430
341
342
431
341
345
431
342
431
345
435
434
433
343
344
434
343
440
349
343
433
440
343
436
435
345
346
436
345
347
436
346
436
347
437
442
437
347
350
442
347
349
439
348
439
349
440
439
352
348
352
439
445
354
442
350
442
354
448
445
444
351
352
445
351
450
355
351
444
450
351
358
357
353
354
358
353
448
354
353
447
448
353
451
447
353
357
451
353
453
359
355
450
453
355
364
357
356
357
364
365
455
451
357
365
455
357
457
366
359
453
457
359
368
361
360
361
368
369
370
362
361
369
370
361
370
363
362
363
370
371
372
364
363
371
372
363
454
365
364
365
454
455
372
454
364
454
372
461
457
374
366
374
457
466
378
368
367
377
378
367
378
369
368
369
378
379
459
370
369
458
459
369
469
458
369
379
469
369
459
371
370
371
459
460
461
372
371
460
461
371
466
465
373
374
466
373
476
382
373
465
476
373
386
376
375
385
386
375
386
377
376
377
386
387
468
378
377
467
468
377
479
467
377
387
479
377
468
379
378
379
468
469
388
381
380
381
388
389
381
474
380
474
381
475
474
388
380
388
474
483
476
475
381
382
476
381
392
384
383
391
392
383
392
385
384
385
392
393
478
386
385
477
478
385
486
477
385
393
486
385
478
387
386
387
478
479
394
389
388
389
394
395
483
394
388
394
483
490
399
391
390
391
399
400
485
392
391
484
485
391
493
484
391
400
493
391
485
393
392
393
485
486
490
395
394
395
490
491
402
396
395
401
402
395
497
401
395
491
497
395
402
397
396
397
402
403
407
399
398
399
407
408
493
400
399
492
493
399
504
492
399
408
504
399
498
402
401
497
498
401
498
403
402
403
498
499
500
404
403
499
500
403
500
405
404
405
500
501
502
406
405
501
502
405
502
407
406
407
502
503
504
408
407
503
504
407
419
418
409
410
419
409
411
419
410
419
411
420
514
513
411
412
514
411
520
420
411
513
520
411
413
514
412
514
413
515
516
515
413
414
516
413
415
516
414
516
415
517
422
416
415
421
422
415
518
517
415
416
518
415
422
518
416
518
422
523
425
424
417
418
425
417
419
425
418
425
419
426
520
519
419
420
520
419
527
426
419
519
527
419
428
422
421
427
428
421
428
523
422
523
428
529
525
524
423
424
525
423
534
434
423
524
534
423
425
525
424
525
425
526
527
526
425
426
527
425
429
529
428
529
429
530
531
530
429
430
531
429
431
531
430
531
431
532
436
432
431
435
436
431
533
532
431
432
533
431
436
533
432
533
436
538
441
440
433
434
441
433
534
441
434
441
534
542
437
538
436
538
437
539
443
438
437
442
443
437
540
539
437
438
540
437
443
540
438
540
443
546
446
445
439
440
446
439
441
541
440
541
441
542
541
446
440
446
541
549
448
443
442
443
448
449
552
546
443
449
552
443
445
547
444
547
445
548
547
450
444
450
547
553
549
548
445
446
549
445
452
448
447
451
452
447
551
449
448
449
551
552
452
551
448
551
452
555
553
453
450
453
553
556
456
452
451
455
456
451
456
555
452
555
456
558
559
457
453
556
559
453
461
455
454
455
461
462
463
456
455
462
463
455
463
558
456
558
463
561
564
466
457
559
564
457
469
459
458
459
469
470
471
460
459
470
471
459
471
461
460
461
471
472
473
462
461
472
473
461
560
463
462
463
560
561
473
560
462
560
473
569
475
465
464
465
475
476
465
562
464
562
465
563
562
475
464
475
562
572
564
563
465
466
564
465
480
468
467
479
480
467
480
469
468
469
480
481
566
470
469
565
566
469
575
565
469
481
575
469
566
471
470
471
566
567
568
472
471
567
568
471
568
473
472
473
568
569
475
571
474
571
475
572
571
483
474
483
571
581
487
478
477
486
487
477
487
479
478
479
487
488
574
480
479
573
574
479
585
573
479
488
585
479
574
481
480
481
574
575
489
483
482
483
489
490
483
580
482
580
483
581
580
489
482
489
580
586
493
485
484
485
493
494
583
486
485
582
583
485
588
582
485
494
588
485
583
487
486
487
583
584
585
488
487
584
585
487
496
490
489
495
496
489
590
495
489
586
590
489
496
491
490
491
496
497
504
493
492
493
504
505
588
494
493
587
588
493
595
587
493
505
595
493
591
496
495
590
591
495
591
497
496
497
591
592
593
498
497
592
593
497
506
499
498
499
506
507
593
506
498
506
593
598
508
500
499
507
508
499
508
501
500
501
508
509
510
502
501
509
510
501
510
503
502
503
510
511
512
504
503
511
512
503
594
505
504
505
594
595
512
594
504
594
512
604
598
507
506
507
598
599
600
508
507
599
600
507
600
509
508
509
600
601
602
510
509
601
602
509
602
511
510
511
602
603
604
512
511
603
604
511
521
520
513
514
521
513
515
521
514
521
515
522
614
613
515
516
614
515
619
522
515
613
619
515
517
614
516
614
517
615
616
615
517
518
616
517
523
616
518
616
523
622
528
527
519
520
528
519
521
617
520
617
521
618
617
528
520
528
617
624
619
618
521
522
619
521
629
622
523
529
629
523
525
534
524
534
525
535
536
535
525
526
536
525
527
536
526
536
527
537
624
623
527
528
624
527
635
537
527
623
635
527
630
629
529
530
630
529
531
630
530
630
531
631
632
631
531
532
632
531
533
632
532
632
533
633
644
633
533
538
644
533
535
542
534
542
535
543
544
543
535
536
544
535
537
634
536
634
537
635
634
544
536
544
634
649
539
644
538
644
539
645
646
645
539
540
646
539
546
646
540
646
546
659
550
549
541
542
550
541
543
647
542
647
543
648
647
550
542
550
647
662
649
648
543
544
649
543
552
551
545
546
552
545
659
546
545
658
659
545
671
658
545
551
671
545
554
553
547
548
554
547
549
660
548
660
549
661
660
554
548
554
660
673
662
661
549
550
662
549
683
671
551
555
683
551
673
672
553
554
673
553
684
556
553
672
684
553
691
683
555
558
691
555
684
559
556
559
684
692
561
560
557
558
561
557
691
558
557
690
691
557
695
690
557
560
695
557
698
564
559
692
698
559
569
695
560
695
569
700
563
696
562
696
563
697
696
572
562
572
696
703
698
697
563
564
698
563
576
566
565
575
576
565
576
567
566
567
576
577
578
568
567
577
578
567
578
569
568
569
578
579
710
700
569
579
710
569
580
571
570
571
580
581
571
701
570
701
571
702
701
580
570
580
701
712
703
702
571
572
703
571
705
574
573
704
705
573
716
704
573
585
716
573
705
575
574
575
705
706
707
576
575
706
707
575
707
577
576
577
707
708
709
578
577
708
709
577
709
579
578
579
709
710
712
586
580
586
712
720
588
583
582
583
588
589
715
584
583
714
715
583
722
714
583
589
722
583
715
585
584
585
715
716
720
590
586
590
720
727
596
588
587
595
596
587
721
589
588
589
721
722
596
721
588
721
596
731
727
591
590
591
727
728
729
592
591
728
729
591
597
593
592
593
597
598
729
597
592
597
729
735
604
595
594
595
604
605
731
596
595
730
731
595
738
730
595
605
738
595
736
598
597
735
736
597
606
599
598
599
606
607
736
606
598
606
736
742
608
600
599
607
608
599
608
601
600
601
608
609
610
602
601
609
610
601
610
603
602
603
610
611
612
604
603
611
612
603
737
605
604
605
737
738
612
737
604
737
612
748
742
607
606
607
742
743
744
608
607
743
744
607
744
609
608
609
744
745
746
610
609
745
746
609
746
611
610
611
746
747
748
612
611
747
748
611
620
619
613
614
620
613
615
620
614
620
615
621
622
621
615
616
622
615
625
624
617
618
625
617
619
625
618
625
619
626
627
626
619
620
627
619
621
627
620
627
621
628
629
628
621
622
629
621
636
635
623
624
636
623
625
753
624
753
625
754
753
636
624
636
753
757
755
754
625
626
755
625
627
637
626
637
627
638
637
755
626
755
637
759
639
638
627
628
639
627
629
639
628
639
629
640
641
640
629
630
641
629
631
641
630
641
631
642
643
642
631
632
643
631
633
643
632
643
633
644
635
649
634
649
635
650
757
756
635
636
757
635
762
650
635
756
762
635
760
759
637
638
760
637
639
651
638
651
639
652
651
760
638
760
651
766
653
652
639
640
653
639
641
653
640
653
641
654
655
654
641
642
655
641
643
655
642
655
643
656
657
656
643
644
657
643
645
657
644
657
645
658
659
658
645
646
659
645
663
662
647
648
663
647
649
663
648
663
649
664
762
761
649
650
762
649
769
664
649
761
769
649
767
766
651
652
767
651
653
665
652
665
653
666
665
767
652
767
665
775
667
666
653
654
667
653
655
667
654
667
655
668
669
668
655
656
669
655
657
669
656
669
657
670
671
670
657
658
671
657
661
673
660
673
661
674
675
674
661
662
675
661
663
675
662
675
663
676
769
768
663
664
769
663
779
676
663
768
779
663
678
677
665
666
678
665
786
775
665
677
786
665
667
678
666
678
667
679
680
679
667
668
680
667
669
680
668
680
669
681
682
681
669
670
682
669
671
682
670
682
671
683
673
684
672
684
673
685
777
776
673
674
777
673
791
685
673
776
791
673
675
686
674
686
675
687
686
777
674
777
686
792
779
778
675
676
779
675
793
687
675
778
793
675
787
786
677
678
787
677
679
787
678
787
679
788
789
788
679
680
789
679
681
688
680
688
681
689
688
789
680
789
688
804
690
689
681
682
690
681
683
690
682
690
683
691
685
790
684
790
685
791
790
692
684
692
790
805
687
792
686
792
687
793
689
693
688
693
689
694
693
804
688
804
693
818
695
694
689
690
695
689
805
698
692
698
805
822
819
818
693
694
819
693
695
699
694
699
695
700
699
819
694
819
699
833
697
820
696
820
697
821
820
703
696
703
820
835
822
821
697
698
822
697
710
709
699
700
710
699
839
833
699
709
839
699
713
712
701
702
713
701
703
834
702
834
703
835
834
713
702
713
834
842
716
705
704
705
716
717
718
706
705
717
718
705
836
707
706
707
836
837
718
836
706
836
718
844
838
708
707
837
838
707
838
709
708
709
838
839
720
712
711
719
720
711
841
840
711
712
841
711
848
719
711
840
848
711
713
841
712
841
713
842
722
715
714
715
722
723
724
716
715
723
724
715
724
717
716
717
724
725
844
718
717
843
844
717
853
843
717
725
853
717
727
720
719
726
727
719
858
726
719
848
858
719
850
722
721
849
850
721
860
849
721
731
860
721
850
723
722
723
850
851
852
724
723
851
852
723
852
725
724
725
852
853
732
727
726
727
732
733
858
732
726
732
858
868
734
728
727
733
734
727
734
729
728
729
734
735
859
731
730
731
859
860
738
859
730
859
738
871
868
733
732
733
868
869
740
734
733
739
740
733
873
739
733
869
873
733
740
735
734
735
740
741
742
736
735
741
742
735
871
738
737
870
871
737
880
870
737
748
880
737
874
740
739
873
874
739
874
741
740
741
874
875
876
742
741
875
876
741
876
743
742
743
876
877
878
744
743
877
878
743
749
745
744
745
749
750
878
749
744
749
878
886
751
746
745
750
751
745
751
747
746
747
751
752
880
748
747
879
880
747
889
879
747
752
889
747
887
750
749
886
887
749
887
751
750
751
887
888
889
752
751
888
889
751
758
757
753
754
758
753
755
758
754
758
755
759
757
762
756
762
757
763
764
763
757
758
764
757
759
764
758
764
759
765
766
765
759
760
766
759
770
769
761
762
770
761
763
770
762
770
763
771
772
771
763
764
772
763
765
772
764
772
765
773
774
773
765
766
774
765
767
774
766
774
767
775
769
779
768
779
769
780
781
780
769
770
781
769
771
781
770
781
771
782
783
782
771
772
783
771
773
783
772
783
773
784
785
784
773
774
785
773
775
785
774
785
775
786
777
791
776
791
777
792
779
793
778
793
779
794
795
794
779
780
795
779
781
795
780
795
781
796
797
796
781
782
797
781
783
797
782
797
783
798
799
798
783
784
799
783
785
799
784
799
785
800
801
800
785
786
801
785
787
801
786
801
787
802
803
802
787
788
803
787
789
803
788
803
789
804
791
805
790
805
791
806
807
806
791
792
807
791
793
807
792
807
793
808
898
897
793
794
898
793
903
808
793
897
903
793
795
898
794
898
795
899
810
809
795
796
810
795
905
899
795
809
905
795
797
810
796
810
797
811
812
811
797
798
812
797
799
812
798
812
799
813
814
813
799
800
814
799
801
814
800
814
801
815
816
815
801
802
816
801
803
816
802
816
803
817
818
817
803
804
818
803
901
900
805
806
901
805
908
822
805
900
908
805
807
901
806
901
807
902
903
902
807
808
903
807
824
823
809
810
824
809
910
905
809
823
910
809
811
824
810
824
811
825
826
825
811
812
826
811
813
826
812
826
813
827
828
827
813
814
828
813
815
828
814
828
815
829
830
829
815
816
830
815
817
830
816
830
817
831
832
831
817
818
832
817
819
832
818
832
819
833
821
906
820
906
821
907
906
835
820
835
906
922
908
907
821
822
908
821
911
910
823
824
911
823
825
911
824
911
825
912
913
912
825
826
913
825
827
913
826
913
827
914
915
914
827
828
915
827
829
915
828
915
829
916
917
916
829
830
917
829
831
917
830
917
831
918
919
918
831
832
919
831
833
838
832
838
833
839
838
919
832
919
838
932
835
921
834
921
835
922
921
842
834
842
921
935
844
837
836
837
844
845
846
838
837
845
846
837
846
932
838
932
846
937
841
933
840
933
841
934
933
848
840
848
933
939
935
934
841
842
935
841
854
844
843
853
854
843
854
845
844
845
854
855
856
846
845
855
856
845
856
847
846
847
856
857
847
937
846
937
847
938
942
938
847
857
942
847
939
858
848
858
939
943
861
850
849
860
861
849
861
851
850
851
861
862
863
852
851
862
863
851
863
853
852
853
863
864
865
854
853
864
865
853
865
855
854
855
865
866
867
856
855
866
867
855
941
857
856
857
941
942
867
941
856
941
867
952
943
868
858
868
943
953
872
860
859
871
872
859
945
861
860
861
945
946
872
945
860
945
872
956
947
862
861
946
947
861
947
863
862
863
947
948
949
864
863
948
949
863
949
865
864
865
949
950
951
866
865
950
951
865
951
867
866
867
951
952
953
869
868
869
953
954
963
873
869
954
963
869
880
871
870
871
880
881
956
872
871
955
956
871
966
955
871
881
966
871
964
874
873
963
964
873
882
875
874
875
882
883
964
882
874
882
964
970
884
876
875
883
884
875
884
877
876
877
884
885
886
878
877
885
886
877
890
880
879
889
890
879
965
881
880
881
965
966
890
965
880
965
890
974
970
883
882
883
970
971
972
884
883
971
972
883
972
885
884
885
972
973
892
886
885
891
892
885
979
891
885
973
979
885
892
887
886
887
892
893
894
888
887
893
894
887
894
889
888
889
894
895
896
890
889
895
896
889
896
974
890
974
896
984
980
892
891
979
980
891
980
893
892
893
980
981
982
894
893
981
982
893
982
895
894
895
982
983
984
896
895
983
984
895
904
903
897
898
904
897
899
904
898
904
899
905
901
908
900
908
901
909
990
989
901
902
990
901
997
909
901
989
997
901
903
990
902
990
903
991
992
991
903
904
992
903
905
992
904
992
905
993
1001
993
905
910
1001
905
907
994
906
994
907
995
994
922
906
922
994
1004
996
995
907
908
996
907
909
996
908
996
909
997
911
923
910
923
911
924
923
1001
910
1001
923
1009
925
924
911
912
925
911
913
925
912
925
913
926
927
926
913
914
927
913
915
927
914
927
915
928
929
928
915
916
929
915
917
929
916
929
917
930
931
930
917
918
931
917
919
931
918
931
919
932
934
921
920
921
934
935
921
1002
920
1002
921
1003
1002
934
920
934
1002
1018
1004
1003
921
922
1004
921
1010
1009
923
924
1010
923
925
1010
924
1010
925
1011
1012
1011
925
926
1012
925
927
1012
926
1012
927
1013
1014
1013
927
928
1014
927
929
1014
928
1014
929
1015
1016
1015
929
930
1016
929
931
1016
930
1016
931
1017
937
936
931
932
937
931
1028
1017
931
936
1028
931
940
939
933
934
940
933
1018
940
934
940
1018
1030
937
1028
936
1028
937
1029
942
941
937
938
942
937
1032
1029
937
941
1032
937
944
943
939
940
944
939
1030
944
940
944
1030
1034
1037
1032
941
952
1037
941
1034
1033
943
944
1034
943
1038
953
943
1033
1038
943
957
946
945
956
957
945
957
947
946
947
957
958
959
948
947
958
959
947
959
949
948
949
959
960
961
950
949
960
961
949
1035
951
950
951
1035
1036
961
1035
950
1035
961
1044
1037
952
951
1036
1037
951
963
954
953
962
963
953
1045
962
953
1038
1045
953
967
956
955
966
967
955
1039
957
956
957
1039
1040
967
1039
956
1039
967
1047
1041
958
957
1040
1041
957
1041
959
958
959
1041
1042
1043
960
959
1042
1043
959
1043
961
960
961
1043
1044
968
963
962
963
968
969
1045
968
962
968
1045
1050
970
964
963
969
970
963
975
966
965
974
975
965
1046
967
966
967
1046
1047
975
1046
966
1046
975
1054
1050
969
968
969
1050
1051
1052
970
969
1051
1052
969
976
971
970
971
976
977
1052
976
970
976
1052
1056
978
972
971
977
978
971
978
973
972
973
978
979
1053
975
974
975
1053
1054
984
1053
974
1053
984
1062
1056
977
976
977
1056
1057
1058
978
977
1057
1058
977
1058
979
978
979
1058
1059
1060
980
979
1059
1060
979
985
981
980
981
985
986
1060
985
980
985
1060
1067
987
982
981
986
987
981
987
983
982
983
987
988
1062
984
983
1061
1062
983
1070
1061
983
988
1070
983
1068
986
985
1067
1068
985
1068
987
986
987
1068
1069
1070
988
987
1069
1070
987
998
997
989
990
998
989
991
998
990
998
991
999
1000
999
991
992
1000
991
993
1000
992
1000
993
1001
995
1074
994
1074
995
1075
1074
1004
994
1004
1074
1079
1076
1075
995
996
1076
995
997
1076
996
1076
997
1077
1006
1005
997
998
1006
997
1081
1077
997
1005
1081
997
999
1006
998
1006
999
1007
1008
1007
999
1000
1008
999
1001
1008
1000
1008
1001
1009
1003
1018
1002
1018
1003
1019
1079
1078
1003
1004
1079
1003
1087
1019
1003
1078
1087
1003
1082
1081
1005
1006
1082
1005
1007
1082
1006
1082
1007
1083
1084
1083
1007
1008
1084
1007
1009
1084
1008
1084
1009
1085
1021
1020
1009
1010
1021
1009
1090
1085
1009
1020
1090
1009
1011
1021
1010
1021
1011
1022
1023
1022
1011
1012
1023
1011
1013
1023
1012
1023
1013
1024
1025
1024
1013
1014
1025
1013
1015
1025
1014
1025
1015
1026
1027
1026
1015
1016
1027
1015
1017
1027
1016
1027
1017
1028
1019
1086
1018
1086
1019
1087
1086
1030
1018
1030
1086
1099
1021
1090
1020
1090
1021
1091
1092
1091
1021
1022
1092
1021
1023
1092
1022
1092
1023
1093
1094
1093
1023
1024
1094
1023
1025
1094
1024
1094
1025
1095
1096
1095
1025
1026
1096
1025
1027
1096
1026
1096
1027
1097
1098
1097
1027
1028
1098
1027
1029
1031
1028
1031
1029
1032
1031
1098
1028
1098
1031
1103
1099
1034
1030
1034
1099
1105
1037
1036
1031
1032
1037
1031
1107
1103
1031
1036
1107
1031
1105
1104
1033
1034
1105
1033
1108
1038
1033
1104
1108
1033
1107
1036
1035
1106
1107
1035
1112
1106
1035
1044
1112
1035
1108
1045
1038
1045
1108
1113
1048
1040
1039
1047
1048
1039
1048
1041
1040
1041
1048
1049
1110
1042
1041
1109
1110
1041
1117
1109
1041
1049
1117
1041
1110
1043
1042
1043
1110
1111
1112
1044
1043
1111
1112
1043
1121
1050
1045
1113
1121
1045
1114
1047
1046
1047
1114
1115
1054
1114
1046
1114
1054
1123
1116
1048
1047
1115
1116
1047
1116
1049
1048
1049
1116
1117
1121
1051
1050
1051
1121
1122
1056
1052
1051
1055
1056
1051
1127
1055
1051
1122
1127
1051
1063
1054
1053
1062
1063
1053
1063
1123
1054
1123
1063
1132
1128
1056
1055
1127
1128
1055
1128
1057
1056
1057
1128
1129
1065
1058
1057
1064
1065
1057
1135
1064
1057
1129
1135
1057
1065
1059
1058
1059
1065
1066
1067
1060
1059
1066
1067
1059
1131
1062
1061
1130
1131
1061
1140
1130
1061
1070
1140
1061
1131
1063
1062
1063
1131
1132
1135
1065
1064
1065
1135
1136
1072
1066
1065
1071
1072
1065
1143
1071
1065
1136
1143
1065
1072
1067
1066
1067
1072
1073
1138
1068
1067
1137
1138
1067
1145
1137
1067
1073
1145
1067
1138
1069
1068
1069
1138
1139
1140
1070
1069
1139
1140
1069
1144
1072
1071
1143
1144
1071
1144
1073
1072
1073
1144
1145
1075
1079
1074
1079
1075
1080
1158
1157
1075
1076
1158
1075
1160
1080
1075
1157
1160
1075
1077
1158
1076
1158
1077
1159
1162
1159
1077
1081
1162
1077
1079
1087
1078
1087
1079
1088
1089
1088
1079
1080
1089
1079
1160
1089
1080
1089
1160
1169
1163
1162
1081
1082
1163
1081
1083
1163
1082
1163
1083
1164
1165
1164
1083
1084
1165
1083
1085
1165
1084
1165
1085
1166
1175
1166
1085
1090
1175
1085
1087
1099
1086
1099
1087
1100
1168
1167
1087
1088
1168
1087
1183
1100
1087
1167
1183
1087
1089
1168
1088
1168
1089
1169
1091
1175
1090
1175
1091
1176
1177
1176
1091
1092
1177
1091
1093
1177
1092
1177
1093
1178
1179
1178
1093
1094
1179
1093
1095
1179
1094
1179
1095
1180
1181
1180
1095
1096
1181
1095
1097
1101
1096
1101
1097
1102
1101
1181
1096
1181
1101
1195
1103
1102
1097
1098
1103
1097
1183
1182
1099
1100
1183
1099
1198
1105
1099
1182
1198
1099
1196
1195
1101
1102
1196
1101
1103
1106
1102
1106
1103
1107
1106
1196
1102
1196
1106
1201
1105
1197
1104
1197
1105
1198
1197
1108
1104
1108
1197
1202
1112
1201
1106
1201
1112
1204
1202
1113
1108
1113
1202
1205
1118
1110
1109
1117
1118
1109
1118
1111
1110
1111
1118
1119
1204
1112
1111
1203
1204
1111
1210
1203
1111
1119
1210
1111
1212
1121
1113
1205
1212
1113
1123
1115
1114
1115
1123
1124
1207
1116
1115
1206
1207
1115
1214
1206
1115
1124
1214
1115
1207
1117
1116
1117
1207
1208
1209
1118
1117
1208
1209
1117
1209
1119
1118
1119
1209
1210
1125
1121
1120
1121
1125
1126
1121
1211
1120
1211
1121
1212
1211
1125
1120
1125
1211
1219
1127
1122
1121
1126
1127
1121
1214
1124
1123
1213
1214
1123
1224
1213
1123
1132
1224
1123
1220
1126
1125
1219
1220
1125
1220
1127
1126
1127
1220
1221
1134
1128
1127
1133
1134
1127
1229
1133
1127
1221
1229
1127
1134
1129
1128
1129
1134
1135
1222
1131
1130
1131
1222
1223
1140
1222
1130
1222
1140
1231
1224
1132
1131
1223
1224
1131
1230
1134
1133
1229
1230
1133
1141
1135
1134
1135
1141
1142
1230
1141
1134
1141
1230
1235
1143
1136
1135
1142
1143
1135
1146
1138
1137
1145
1146
1137
1146
1139
1138
1139
1146
1147
1148
1140
1139
1147
1148
1139
1148
1231
1140
1231
1148
1239
1236
1142
1141
1235
1236
1141
1149
1143
1142
1143
1149
1150
1236
1149
1142
1149
1236
1241
1151
1144
1143
1150
1151
1143
1151
1145
1144
1145
1151
1152
1153
1146
1145
1152
1153
1145
1237
1147
1146
1147
1237
1238
1153
1237
1146
1237
1153
1244
1239
1148
1147
1238
1239
1147
1242
1150
1149
1241
1242
1149
1242
1151
1150
1151
1242
1243
1155
1152
1151
1154
1155
1151
1248
1154
1151
1243
1248
1151
1155
1153
1152
1153
1155
1156
1250
1244
1153
1156
1250
1153
1248
1155
1154
1155
1248
1249
1250
1156
1155
1249
1250
1155
1161
1160
1157
1158
1161
1157
1159
1161
1158
1161
1159
1162
1161
1169
1160
1169
1161
1170
1171
1170
1161
1162
1171
1161
1163
1171
1162
1171
1163
1172
1173
1172
1163
1164
1173
1163
1165
1173
1164
1173
1165
1174
1175
1174
1165
1166
1175
1165
1254
1253
1167
1168
1254
1167
1260
1183
1167
1253
1260
1167
1169
1254
1168
1254
1169
1255
1256
1255
1169
1170
1256
1169
1171
1184
1170
1184
1171
1185
1184
1256
1170
1256
1184
1262
1186
1185
1171
1172
1186
1171
1173
1257
1172
1257
1173
1258
1257
1186
1172
1186
1257
1264
1188
1187
1173
1174
1188
1173
1265
1258
1173
1187
1265
1173
1175
1188
1174
1188
1175
1189
1190
1189
1175
1176
1190
1175
1177
1190
1176
1190
1177
1191
1192
1191
1177
1178
1192
1177
1179
1192
1178
1192
1179
1193
1194
1193
1179
1180
1194
1179
1181
1194
1180
1194
1181
1195
1183
1259
1182
1259
1183
1260
1259
1198
1182
1198
1259
1274
1185
1262
1184
1262
1185
1263
1264
1263
1185
1186
1264
1185
1266
1265
1187
1188
1266
1187
1189
1266
1188
1266
1189
1267
1268
1267
1189
1190
1268
1189
1191
1268
1190
1268
1191
1269
1270
1269
1191
1192
1270
1191
1193
1270
1192
1270
1193
1271
1272
1271
1193
1194
1272
1193
1195
1199
1194
1199
1195
1200
1199
1272
1194
1272
1199
1285
1201
1200
1195
1196
1201
1195
1274
1273
1197
1198
1274
1197
1288
1202
1197
1273
1288
1197
1286
1285
1199
1200
1286
1199
1201
1286
1200
1286
1201
1287
1292
1287
1201
1204
1292
1201
1288
1205
1202
1205
1288
1293
1292
1204
1203
1291
1292
1203
1295
1291
1203
1210
1295
1203
1297
1212
1205
1293
1297
1205
1214
1207
1206
1207
1214
1215
1216
1208
1207
1215
1216
1207
1216
1209
1208
1209
1216
1217
1218
1210
1209
1217
1218
1209
1218
1295
1210
1295
1218
1301
1297
1296
1211
1212
1297
1211
1303
1219
1211
1296
1303
1211
1225
1214
1213
1224
1225
1213
1225
1215
1214
1215
1225
1226
1299
1216
1215
1298
1299
1215
1306
1298
1215
1226
1306
1215
1299
1217
1216
1217
1299
1300
1301
1218
1217
1300
1301
1217
1228
1220
1219
1227
1228
1219
1311
1227
1219
1303
1311
1219
1228
1221
1220
1221
1228
1229
1231
1223
1222
1223
1231
1232
1233
1224
1223
1232
1233
1223
1304
1225
1224
1225
1304
1305
1233
1304
1224
1304
1233
1316
1306
1226
1225
1305
1306
1225
1312
1228
1227
1311
1312
1227
1312
1229
1228
1229
1312
1313
1235
1230
1229
1234
1235
1229
1318
1234
1229
1313
1318
1229
1315
1232
1231
1314
1315
1231
1320
1314
1231
1239
1320
1231
1315
1233
1232
1233
1315
1316
1318
1235
1234
1235
1318
1319
1241
1236
1235
1240
1241
1235
1323
1240
1235
1319
1323
1235
1245
1238
1237
1244
1245
1237
1245
1239
1238
1239
1245
1246
1326
1320
1239
1246
1326
1239
1323
1241
1240
1241
1323
1324
1325
1242
1241
1324
1325
1241
1247
1243
1242
1243
1247
1248
1325
1247
1242
1247
1325
1327
1250
1245
1244
1245
1250
1251
1252
1246
1245
1251
1252
1245
1252
1326
1246
1326
1252
1332
1328
1248
1247
1327
1328
1247
1328
1249
1248
1249
1328
1329
1330
1250
1249
1329
1330
1249
1330
1251
1250
1251
1330
1331
1332
1252
1251
1331
1332
1251
1261
1260
1253
1254
1261
1253
1255
1333
1254
1333
1255
1334
1333
1261
1254
1261
1333
1338
1335
1334
1255
1256
1335
1255
1262
1335
1256
1335
1262
1340
1265
1264
1257
1258
1265
1257
1337
1336
1259
1260
1337
1259
1342
1274
1259
1336
1342
1259
1261
1337
1260
1337
1261
1338
1263
1275
1262
1275
1263
1276
1275
1340
1262
1340
1275
1344
1277
1276
1263
1264
1277
1263
1265
1277
1264
1277
1265
1278
1279
1278
1265
1266
1279
1265
1267
1279
1266
1279
1267
1280
1281
1280
1267
1268
1281
1267
1269
1281
1268
1281
1269
1282
1283
1282
1269
1270
1283
1269
1271
1283
1270
1283
1271
1284
1285
1284
1271
1272
1285
1271
1342
1341
1273
1274
1342
1273
1354
1288
1273
1341
1354
1273
1345
1344
1275
1276
1345
1275
1277
1345
1276
1345
1277
1346
1347
1346
1277
1278
1347
1277
1279
1347
1278
1347
1279
1348
1349
1348
1279
1280
1349
1279
1281
1349
1280
1349
1281
1350
1351
1350
1281
1282
1351
1281
1283
1351
1282
1351
1283
1352
1353
1352
1283
1284
1353
1283
1285
1289
1284
1289
1285
1290
1289
1353
1284
1353
1289
1356
1291
1290
1285
1286
1291
1285
1287
1291
1286
1291
1287
1292
1354
1293
1288
1293
1354
1358
1357
1356
1289
1290
1357
1289
1291
1294
1290
1294
1291
1295
1294
1357
1290
1357
1294
1359
1362
1297
1293
1358
1362
1293
1295
1359
1294
1359
1295
1360
1364
1360
1295
1301
1364
1295
1297
1361
1296
1361
1297
1362
1361
1303
1296
1303
1361
1366
1306
1299
1298
1299
1306
1307
1308
1300
1299
1307
1308
1299
1308
1301
1300
1301
1308
1309
1371
1364
1301
1309
1371
1301
1310
1303
1302
1303
1310
1311
1303
1365
1302
1365
1303
1366
1365
1310
1302
1310
1365
1372
1316
1305
1304
1305
1316
1317
1368
1306
1305
1367
1368
1305
1377
1367
1305
1317
1377
1305
1368
1307
1306
1307
1368
1369
1370
1308
1307
1369
1370
1307
1370
1309
1308
1309
1370
1371
1372
1311
1310
1311
1372
1373
1374
1312
1311
1373
1374
1311
1374
1313
1312
1313
1374
1375
1383
1318
1313
1375
1383
1313
1320
1315
1314
1315
1320
1321
1322
1316
1315
1321
1322
1315
1376
1317
1316
1317
1376
1377
1322
1376
1316
1376
1322
1387
1383
1319
1318
1319
1383
1384
1389
1323
1319
1384
1389
1319
1385
1321
1320
1321
1385
1386
1326
1385
1320
1385
1326
1392
1387
1322
1321
1386
1387
1321
1390
1324
1323
1389
1390
1323
1390
1325
1324
1325
1390
1391
1394
1327
1325
1391
1394
1325
1332
1392
1326
1392
1332
1399
1395
1328
1327
1394
1395
1327
1395
1329
1328
1329
1395
1396
1397
1330
1329
1396
1397
1329
1397
1331
1330
1331
1397
1398
1399
1332
1331
1398
1399
1331
1339
1338
1333
1334
1339
1333
1335
1339
1334
1339
1335
1340
1337
1342
1336
1342
1337
1343
1402
1401
1337
1338
1402
1337
1408
1343
1337
1401
1408
1337
1339
1402
1338
1402
1339
1403
1404
1403
1339
1340
1404
1339
1344
1404
1340
1404
1344
1409
1407
1406
1341
1342
1407
1341
1418
1354
1341
1406
1418
1341
1343
1407
1342
1407
1343
1408
1345
1409
1344
1409
1345
1410
1411
1410
1345
1346
1411
1345
1347
1411
1346
1411
1347
1412
1413
1412
1347
1348
1413
1347
1349
1413
1348
1413
1349
1414
1415
1414
1349
1350
1415
1349
1351
1415
1350
1415
1351
1416
1417
1416
1351
1352
1417
1351
1353
1355
1352
1355
1353
1356
1355
1417
1352
1417
1355
1420
1418
1358
1354
1358
1418
1423
1421
1420
1355
1356
1421
1355
1357
1421
1356
1421
1357
1422
1427
1422
1357
1359
1427
1357
1423
1362
1358
1362
1423
1429
1364
1363
1359
1360
1364
1359
1431
1427
1359
1363
1431
1359
1429
1428
1361
1362
1429
1361
1433
1366
1361
1428
1433
1361
1432
1431
1363
1364
1432
1363
1371
1432
1364
1432
1371
1435
1373
1372
1365
1366
1373
1365
1433
1373
1366
1373
1433
1437
1378
1368
1367
1377
1378
1367
1378
1369
1368
1369
1378
1379
1380
1370
1369
1379
1380
1369
1434
1371
1370
1371
1434
1435
1380
1434
1370
1434
1380
1442
1382
1374
1373
1381
1382
1373
1444
1381
1373
1437
1444
1373
1382
1375
1374
1375
1382
1383
1438
1377
1376
1377
1438
1439
1387
1438
1376
1438
1387
1449
1440
1378
1377
1439
1440
1377
1440
1379
1378
1379
1440
1441
1442
1380
1379
1441
1442
1379
1445
1382
1381
1444
1445
1381
1445
1383
1382
1383
1445
1446
1389
1384
1383
1388
1389
1383
1452
1388
1383
1446
1452
1383
1448
1386
1385
1447
1448
1385
1455
1447
1385
1392
1455
1385
1448
1387
1386
1387
1448
1449
1452
1389
1388
1389
1452
1453
1454
1390
1389
1453
1454
1389
1393
1391
1390
1391
1393
1394
1454
1393
1390
1393
1454
1458
1399
1455
1392
1455
1399
1464
1459
1394
1393
1458
1459
1393
1459
1395
1394
1395
1459
1460
1461
1396
1395
1460
1461
1395
1461
1397
1396
1397
1461
1462
1463
1398
1397
1462
1463
1397
1463
1399
1398
1399
1463
1464
1407
1401
1400
1401
1407
1408
1401
1465
1400
1465
1401
1466
1465
1407
1400
1407
1465
1472
1467
1466
1401
1402
1467
1401
1403
1467
1402
1467
1403
1468
1469
1468
1403
1404
1469
1403
1409
1405
1404
1405
1409
1410
1405
1469
1404
1469
1405
1470
1473
1470
1405
1410
1473
1405
1407
1471
1406
1471
1407
1472
1471
1418
1406
1418
1471
1480
1411
1473
1410
1473
1411
1474
1475
1474
1411
1412
1475
1411
1413
1475
1412
1475
1413
1476
1477
1476
1413
1414
1477
1413
1415
1477
1414
1477
1415
1478
1479
1478
1415
1416
1479
1415
1417
1419
1416
1419
1417
1420
1419
1479
1416
1479
1419
1487
1480
1423
1418
1423
1480
1488
1425
1424
1419
1420
1425
1419
1492
1487
1419
1424
1492
1419
1421
1425
1420
1425
1421
1426
1427
1426
1421
1422
1427
1421
1496
1429
1423
1488
1496
1423
1425
1492
1424
1492
1425
1493
1494
1493
1425
1426
1494
1425
1427
1430
1426
1430
1427
1431
1430
1494
1426
1494
1430
1500
1429
1495
1428
1495
1429
1496
1495
1433
1428
1433
1495
1502
1431
1500
1430
1500
1431
1501
1435
1434
1431
1432
1435
1431
1504
1501
1431
1434
1504
1431
1507
1437
1433
1502
1507
1433
1442
1504
1434
1504
1442
1512
1443
1437
1436
1437
1443
1444
1437
1506
1436
1506
1437
1507
1506
1443
1436
1443
1506
1514
1508
1439
1438
1439
1508
1509
1449
1508
1438
1508
1449
1518
1510
1440
1439
1509
1510
1439
1510
1441
1440
1441
1510
1511
1512
1442
1441
1511
1512
1441
1515
1444
1443
1514
1515
1443
1450
1445
1444
1445
1450
1451
1515
1450
1444
1450
1515
1522
1452
1446
1445
1451
1452
1445
1517
1448
1447
1516
1517
1447
1525
1516
1447
1455
1525
1447
1517
1449
1448
1449
1517
1518
1522
1451
1450
1451
1522
1523
1524
1452
1451
1523
1524
1451
1456
1453
1452
1453
1456
1457
1524
1456
1452
1456
1524
1527
1458
1454
1453
1457
1458
1453
1535
1525
1455
1464
1535
1455
1527
1457
1456
1457
1527
1528
1529
1458
1457
1528
1529
1457
1529
1459
1458
1459
1529
1530
1531
1460
1459
1530
1531
1459
1531
1461
1460
1461
1531
1532
1533
1462
1461
1532
1533
1461
1533
1463
1462
1463
1533
1534
1535
1464
1463
1534
1535
1463
1545
1544
1465
1466
1545
1465
1551
1472
1465
1544
1551
1465
1467
1545
1466
1545
1467
1546
1547
1546
1467
1468
1547
1467
1469
1547
1468
1547
1469
1548
1549
1548
1469
1470
1549
1469
1473
1549
1470
1549
1473
1556
1551
1550
1471
1472
1551
1471
1557
1480
1471
1550
1557
1471
1482
1481
1473
1474
1482
1473
1560
1556
1473
1481
1560
1473
1475
1482
1474
1482
1475
1483
1484
1483
1475
1476
1484
1475
1477
1484
1476
1484
1477
1485
1486
1485
1477
1478
1486
1477
1479
1486
1478
1486
1479
1487
1557
1488
1480
1488
1557
1564
1561
1560
1481
1482
1561
1481
1483
1561
1482
1561
1483
1562
1563
1562
1483
1484
1563
1483
1485
1489
1484
1489
1485
1490
1489
1563
1484
1563
1489
1565
1491
1490
1485
1486
1491
1485
1487
1491
1486
1491
1487
1492
1564
1496
1488
1496
1564
1570
1566
1565
1489
1490
1566
1489
1491
1566
1490
1566
1491
1567
1498
1497
1491
1492
1498
1491
1571
1567
1491
1497
1571
1491
1493
1498
1492
1498
1493
1499
1500
1499
1493
1494
1500
1493
1570
1569
1495
1496
1570
1495
1577
1502
1495
1569
1577
1495
1572
1571
1497
1498
1572
1497
1499
1572
1498
1572
1499
1573
1574
1573
1499
1500
1574
1499
1501
1503
1500
1503
1501
1504
1503
1574
1500
1574
1503
1580
1577
1507
1502
1507
1577
1584
1581
1580
1503
1504
1581
1503
1512
1581
1504
1581
1512
1586
1514
1506
1505
1513
1514
1505
1583
1582
1505
1506
1583
1505
1587
1513
1505
1582
1587
1505
1507
1583
1506
1583
1507
1584
1518
1509
1508
1509
1518
1519
1520
1510
1509
1519
1520
1509
1520
1511
1510
1511
1520
1521
1586
1512
1511
1585
1586
1511
1594
1585
1511
1521
1594
1511
1588
1514
1513
1587
1588
1513
1588
1515
1514
1515
1588
1589
1597
1522
1515
1589
1597
1515
1525
1517
1516
1517
1525
1526
1591
1518
1517
1590
1591
1517
1601
1590
1517
1526
1601
1517
1591
1519
1518
1519
1591
1592
1593
1520
1519
1592
1593
1519
1593
1521
1520
1521
1593
1594
1597
1523
1522
1523
1597
1598
1599
1524
1523
1598
1599
1523
1599
1527
1524
1527
1599
1603
1601
1526
1525
1600
1601
1525
1608
1600
1525
1535
1608
1525
1604
1528
1527
1603
1604
1527
1604
1529
1528
1529
1604
1605
1537
1530
1529
1536
1537
1529
1611
1536
1529
1605
1611
1529
1537
1531
1530
1531
1537
1538
1539
1532
1531
1538
1539
1531
1539
1533
1532
1533
1539
1540
1607
1534
1533
1606
1607
1533
1614
1606
1533
1540
1614
1533
1607
1535
1534
1535
1607
1608
1611
1537
1536
1537
1611
1612
1542
1538
1537
1541
1542
1537
1617
1541
1537
1612
1617
1537
1542
1539
1538
1539
1542
1543
1614
1540
1539
1613
1614
1539
1619
1613
1539
1543
1619
1539
1618
1542
1541
1617
1618
1541
1618
1543
1542
1543
1618
1619
1545
1551
1544
1551
1545
1552
1553
1552
1545
1546
1553
1545
1547
1553
1546
1553
1547
1554
1555
1554
1547
1548
1555
1547
1549
1555
1548
1555
1549
1556
1551
1621
1550
1621
1551
1622
1621
1557
1550
1557
1621
1626
1623
1622
1551
1552
1623
1551
1553
1623
1552
1623
1553
1624
1625
1624
1553
1554
1625
1553
1555
1558
1554
1558
1555
1559
1558
1625
1554
1625
1558
1630
1560
1559
1555
1556
1560
1555
1636
1564
1557
1626
1636
1557
1559
1630
1558
1630
1559
1631
1632
1631
1559
1560
1632
1559
1561
1632
1560
1632
1561
1633
1634
1633
1561
1562
1634
1561
1563
1634
1562
1634
1563
1635
1637
1635
1563
1565
1637
1563
1636
1570
1564
1570
1636
1642
1638
1637
1565
1566
1638
1565
1567
1638
1566
1638
1567
1639
1644
1639
1567
1571
1644
1567
1576
1569
1568
1569
1576
1577
1569
1640
1568
1640
1569
1641
1640
1576
1568
1576
1640
1647
1642
1641
1569
1570
1642
1569
1645
1644
1571
1572
1645
1571
1573
1578
1572
1578
1573
1579
1578
1645
1572
1645
1578
1649
1580
1579
1573
1574
1580
1573
1583
1576
1575
1582
1583
1575
1647
1646
1575
1576
1647
1575
1652
1582
1575
1646
1652
1575
1583
1577
1576
1577
1583
1584
1579
1649
1578
1649
1579
1650
1651
1650
1579
1580
1651
1579
1581
1585
1580
1585
1581
1586
1585
1651
1580
1651
1585
1654
1652
1587
1582
1587
1652
1655
1660
1654
1585
1594
1660
1585
1596
1588
1587
1595
1596
1587
1661
1595
1587
1655
1661
1587
1596
1589
1588
1589
1596
1597
1656
1591
1590
1591
1656
1657
1601
1656
1590
1656
1601
1666
1658
1592
1591
1657
1658
1591
1658
1593
1592
1593
1658
1659
1660
1594
1593
1659
1660
1593
1662
1596
1595
1661
1662
1595
1662
1597
1596
1597
1662
1663
1664
1598
1597
1663
1664
1597
1602
1599
1598
1599
1602
1603
1664
1602
1598
1602
1664
1671
1665
1601
1600
1601
1665
1666
1608
1665
1600
1665
1608
1674
1671
1603
1602
1603
1671
1672
1610
1604
1603
1609
1610
1603
1676
1609
1603
1672
1676
1603
1610
1605
1604
1605
1610
1611
1614
1607
1606
1607
1614
1615
1674
1608
1607
1673
1674
1607
1680
1673
1607
1615
1680
1607
1677
1610
1609
1676
1677
1609
1677
1611
1610
1611
1677
1678
1617
1612
1611
1616
1617
1611
1682
1616
1611
1678
1682
1611
1620
1614
1613
1619
1620
1613
1679
1615
1614
1615
1679
1680
1620
1679
1614
1679
1620
1686
1682
1617
1616
1617
1682
1683
1684
1618
1617
1683
1684
1617
1684
1619
1618
1619
1684
1685
1686
1620
1619
1685
1686
1619
1627
1626
1621
1622
1627
1621
1623
1627
1622
1627
1623
1628
1629
1628
1623
1624
1629
1623
1625
1629
1624
1629
1625
1630
1627
1693
1626
1693
1627
1694
1693
1636
1626
1636
1693
1703
1695
1694
1627
1628
1695
1627
1629
1695
1628
1695
1629
1696
1697
1696
1629
1630
1697
1629
1631
1697
1630
1697
1631
1698
1699
1698
1631
1632
1699
1631
1633
1699
1632
1699
1633
1700
1701
1700
1633
1634
1701
1633
1635
1701
1634
1701
1635
1702
1707
1702
1635
1637
1707
1635
1703
1642
1636
1642
1703
1711
1708
1707
1637
1638
1708
1637
1639
1643
1638
1643
1639
1644
1643
1708
1638
1708
1643
1715
1641
1709
1640
1709
1641
1710
1709
1647
1640
1647
1709
1718
1711
1710
1641
1642
1711
1641
1716
1715
1643
1644
1716
1643
1645
1648
1644
1648
1645
1649
1648
1716
1644
1716
1648
1721
1647
1717
1646
1717
1647
1718
1717
1652
1646
1652
1717
1724
1649
1721
1648
1721
1649
1722
1723
1722
1649
1650
1723
1649
1651
1653
1650
1653
1651
1654
1653
1723
1650
1723
1653
1727
1724
1655
1652
1655
1724
1729
1728
1727
1653
1654
1728
1653
1660
1728
1654
1728
1660
1731
1732
1661
1655
1729
1732
1655
1666
1657
1656
1657
1666
1667
1668
1658
1657
1667
1668
1657
1668
1659
1658
1659
1668
1669
1731
1660
1659
1730
1731
1659
1739
1730
1659
1669
1739
1659
1733
1662
1661
1732
1733
1661
1733
1663
1662
1663
1733
1734
1671
1664
1663
1670
1671
1663
1741
1670
1663
1734
1741
1663
1736
1666
1665
1735
1736
1665
1744
1735
1665
1674
1744
1665
1736
1667
1666
1667
1736
1737
1738
1668
1667
1737
1738
1667
1738
1669
1668
1669
1738
1739
1741
1671
1670
1671
1741
1742
1676
1672
1671
1675
1676
1671
1749
1675
1671
1742
1749
1671
1744
1674
1673
1743
1744
1673
1752
1743
1673
1680
1752
1673
1750
1676
1675
1749
1750
1675
1750
1677
1676
1677
1750
1751
1682
1678
1677
1681
1682
1677
1756
1681
1677
1751
1756
1677
1687
1680
1679
1686
1687
1679
1687
1752
1680
1752
1687
1759
1757
1682
1681
1756
1757
1681
1688
1683
1682
1683
1688
1689
1757
1688
1682
1688
1757
1761
1690
1684
1683
1689
1690
1683
1690
1685
1684
1685
1690
1691
1692
1686
1685
1691
1692
1685
1758
1687
1686
1687
1758
1759
1692
1758
1686
1758
1692
1765
1761
1689
1688
1689
1761
1762
1763
1690
1689
1762
1763
1689
1763
1691
1690
1691
1763
1764
1765
1692
1691
1764
1765
1691
1704
1703
1693
1694
1704
1693
1695
1766
1694
1766
1695
1767
1766
1704
1694
1704
1766
1774
1768
1767
1695
1696
1768
1695
1697
1768
1696
1768
1697
1769
1770
1769
1697
1698
1770
1697
1699
1770
1698
1770
1699
1771
1772
1771
1699
1700
1772
1699
1701
1705
1700
1705
1701
1706
1705
1772
1700
1772
1705
1780
1707
1706
1701
1702
1707
1701
1774
1773
1703
1704
1774
1703
1782
1711
1703
1773
1782
1703
1713
1712
1705
1706
1713
1705
1786
1780
1705
1712
1786
1705
1707
1713
1706
1713
1707
1714
1715
1714
1707
1708
1715
1707
1719
1718
1709
1710
1719
1709
1711
1781
1710
1781
1711
1782
1781
1719
1710
1719
1781
1791
1713
1786
1712
1786
1713
1787
1788
1787
1713
1714
1788
1713
1715
1788
1714
1788
1715
1789
1721
1720
1715
1716
1721
1715
1793
1789
1715
1720
1793
1715
1725
1724
1717
1718
1725
1717
1719
1790
1718
1790
1719
1791
1790
1725
1718
1725
1790
1797
1721
1793
1720
1793
1721
1794
1795
1794
1721
1722
1795
1721
1723
1726
1722
1726
1723
1727
1726
1795
1722
1795
1726
1801
1725
1796
1724
1796
1725
1797
1796
1729
1724
1729
1796
1803
1727
1801
1726
1801
1727
1802
1731
1730
1727
1728
1731
1727
1805
1802
1727
1730
1805
1727
1806
1732
1729
1803
1806
1729
1739
1805
1730
1805
1739
1809
1806
1733
1732
1733
1806
1807
1741
1734
1733
1740
1741
1733
1812
1740
1733
1807
1812
1733
1745
1736
1735
1744
1745
1735
1745
1737
1736
1737
1745
1746
1747
1738
1737
1746
1747
1737
1808
1739
1738
1739
1808
1809
1747
1808
1738
1808
1747
1816
1812
1741
1740
1741
1812
1813
1749
1742
1741
1748
1749
1741
1821
1748
1741
1813
1821
1741
1753
1744
1743
1752
1753
1743
1753
1745
1744
1745
1753
1754
1815
1746
1745
1814
1815
1745
1825
1814
1745
1754
1825
1745
1815
1747
1746
1747
1815
1816
1821
1749
1748
1749
1821
1822
1823
1750
1749
1822
1823
1749
1755
1751
1750
1751
1755
1756
1823
1755
1750
1755
1823
1833
1759
1753
1752
1753
1759
1760
1825
1754
1753
1824
1825
1753
1838
1824
1753
1760
1838
1753
1834
1756
1755
1833
1834
1755
1834
1757
1756
1757
1834
1835
1845
1761
1757
1835
1845
1757
1836
1759
1758
1759
1836
1837
1765
1836
1758
1836
1765
1849
1838
1760
1759
1837
1838
1759
1846
1762
1761
1845
1846
1761
1846
1763
1762
1763
1846
1847
1848
1764
1763
1847
1848
1763
1848
1765
1764
1765
1848
1849
1767
1774
1766
1774
1767
1775
1776
1775
1767
1768
1776
1767
1769
1776
1768
1776
1769
1777
1778
1777
1769
1770
1778
1769
1771
1778
1770
1778
1771
1779
1780
1779
1771
1772
1780
1771
1783
1782
1773
1774
1783
1773
1775
1783
1774
1783
1775
1784
1785
1784
1775
1776
1785
1775
1777
1857
1776
1857
1777
1858
1857
1785
1776
1785
1857
1866
1859
1858
1777
1778
1859
1777
1779
1859
1778
1859
1779
1860
1861
1860
1779
1780
1861
1779
1786
1861
1780
1861
1786
1867
1792
1791
1781
1782
1792
1781
1783
1863
1782
1863
1783
1864
1863
1792
1782
1792
1863
1872
1865
1864
1783
1784
1865
1783
1785
1865
1784
1865
1785
1866
1787
1867
1786
1867
1787
1868
1869
1868
1787
1788
1869
1787
1789
1869
1788
1869
1789
1870
1874
1870
1789
1793
1874
1789
1791
1797
1790
1797
1791
1798
1872
1871
1791
1792
1872
1791
1877
1798
1791
1871
1877
1791
1800
1799
1793
1794
1800
1793
1879
1874
1793
1799
1879
1793
1795
1800
1794
1800
1795
1801
1797
1875
1796
1875
1797
1876
1875
1803
1796
1803
1875
1882
1877
1876
1797
1798
1877
1797
1880
1879
1799
1800
1880
1799
1801
1880
1800
1880
1801
1881
1805
1804
1801
1802
1805
1801
1887
1881
1801
1804
1887
1801
1889
1806
1803
1882
1889
1803
1805
1887
1804
1887
1805
1888
1891
1888
1805
1809
1891
1805
1889
1807
1806
1807
1889
1890
1894
1812
1807
1890
1894
1807
1816
1809
1808
1809
1816
1817
1818
1810
1809
1817
1818
1809
1892
1891
1809
1810
1892
1809
1818
1811
1810
1811
1818
1819
1811
1892
1810
1892
1811
1893
1896
1893
1811
1819
1896
1811
1820
1813
1812
1813
1820
1821
1894
1820
1812
1820
1894
1897
1825
1815
1814
1815
1825
1826
1827
1816
1815
1826
1827
1815
1827
1817
1816
1817
1827
1828
1829
1818
1817
1828
1829
1817
1829
1819
1818
1819
1829
1830
1902
1896
1819
1830
1902
1819
1897
1821
1820
1821
1897
1898
1832
1822
1821
1831
1832
1821
1903
1831
1821
1898
1903
1821
1832
1823
1822
1823
1832
1833
1838
1825
1824
1825
1838
1839
1900
1826
1825
1899
1900
1825
1908
1899
1825
1839
1908
1825
1900
1827
1826
1827
1900
1901
1841
1828
1827
1840
1841
1827
1910
1840
1827
1901
1910
1827
1841
1829
1828
1829
1841
1842
1843
1830
1829
1842
1843
1829
1843
1902
1830
1902
1843
1913
1904
1832
1831
1903
1904
1831
1904
1833
1832
1833
1904
1905
1906
1834
1833
1905
1906
1833
1844
1835
1834
1835
1844
1845
1906
1844
1834
1844
1906
1915
1849
1837
1836
1837
1849
1850
1851
1838
1837
1850
1851
1837
1907
1839
1838
1839
1907
1908
1851
1907
1838
1907
1851
1919
1910
1841
1840
1841
1910
1911
1912
1842
1841
1911
1912
1841
1912
1843
1842
1843
1912
1913
1915
1845
1844
1845
1915
1916
1853
1846
1845
1852
1853
1845
1926
1852
1845
1916
1926
1845
1853
1847
1846
1847
1853
1854
1855
1848
1847
1854
1855
1847
1855
1849
1848
1849
1855
1856
1918
1850
1849
1917
1918
1849
1930
1917
1849
1856
1930
1849
1918
1851
1850
1851
1918
1919
1926
1853
1852
1853
1926
1927
1928
1854
1853
1927
1928
1853
1928
1855
1854
1855
1928
1929
1930
1856
1855
1929
1930
1855
1934
1933
1857
1858
1934
1857
1942
1866
1857
1933
1942
1857
1859
1934
1858
1934
1859
1935
1936
1935
1859
1860
1936
1859
1861
1936
1860
1936
1861
1937
1868
1862
1861
1867
1868
1861
1938
1937
1861
1862
1938
1861
1868
1938
1862
1938
1868
1947
1940
1939
1863
1864
1940
1863
1950
1872
1863
1939
1950
1863
1865
1940
1864
1940
1865
1941
1942
1941
1865
1866
1942
1865
1869
1947
1868
1947
1869
1948
1874
1873
1869
1870
1874
1869
1952
1948
1869
1873
1952
1869
1950
1949
1871
1872
1950
1871
1953
1877
1871
1949
1953
1871
1879
1878
1873
1874
1879
1873
1955
1952
1873
1878
1955
1873
1883
1882
1875
1876
1883
1875
1877
1883
1876
1883
1877
1884
1961
1884
1877
1953
1961
1877
1879
1955
1878
1955
1879
1956
1886
1885
1879
1880
1886
1879
1963
1956
1879
1885
1963
1879
1881
1886
1880
1886
1881
1887
1883
1889
1882
1889
1883
1890
1961
1960
1883
1884
1961
1883
1968
1890
1883
1960
1968
1883
1964
1963
1885
1886
1964
1885
1887
1964
1886
1964
1887
1965
1966
1965
1887
1888
1966
1887
1891
1966
1888
1966
1891
1969
1968
1894
1890
1894
1968
1972
1970
1969
1891
1892
1970
1891
1893
1895
1892
1895
1893
1896
1895
1970
1892
1970
1895
1973
1972
1897
1894
1897
1972
1975
1974
1973
1895
1896
1974
1895
1902
1974
1896
1974
1902
1977
1976
1898
1897
1975
1976
1897
1976
1903
1898
1903
1976
1979
1909
1900
1899
1908
1909
1899
1909
1901
1900
1901
1909
1910
1913
1977
1902
1977
1913
1983
1980
1904
1903
1979
1980
1903
1980
1905
1904
1905
1980
1981
1915
1906
1905
1914
1915
1905
1986
1914
1905
1981
1986
1905
1920
1908
1907
1919
1920
1907
1920
1909
1908
1909
1920
1921
1922
1910
1909
1921
1922
1909
1922
1911
1910
1911
1922
1923
1924
1912
1911
1923
1924
1911
1982
1913
1912
1913
1982
1983
1924
1982
1912
1982
1924
1993
1986
1915
1914
1915
1986
1987
1926
1916
1915
1925
1926
1915
1997
1925
1915
1987
1997
1915
1931
1918
1917
1930
1931
1917
1931
1919
1918
1919
1931
1932
1989
1920
1919
1988
1989
1919
2004
1988
1919
1932
2004
1919
1989
1921
1920
1921
1989
1990
1991
1922
1921
1990
1991
1921
1991
1923
1922
1923
1991
1992
1993
1924
1923
1992
1993
1923
1998
1926
1925
1997
1998
1925
1998
1927
1926
1927
1998
1999
2000
1928
1927
1999
2000
1927
2000
1929
1928
1929
2000
2001
2002
1930
1929
2001
2002
1929
2002
1931
1930
1931
2002
2003
2004
1932
1931
2003
2004
1931
1943
1942
1933
1934
1943
1933
1935
1943
1934
1943
1935
1944
1945
1944
1935
1936
1945
1935
1937
1945
1936
1945
1937
1946
1947
1946
1937
1938
1947
1937
1951
1950
1939
1940
1951
1939
1941
2011
1940
2011
1941
2012
2011
1951
1940
1951
2011
2021
2013
2012
1941
1942
2013
1941
1943
2013
1942
2013
1943
2014
2015
2014
1943
1944
2015
1943
1945
2015
1944
2015
1945
2016
2017
2016
1945
1946
2017
1945
1947
2017
1946
2017
1947
2018
2019
2018
1947
1948
2019
1947
1952
2019
1948
2019
1952
2023
1954
1953
1949
1950
1954
1949
1951
2020
1950
2020
1951
2021
2020
1954
1950
1954
2020
2028
1955
2023
1952
2023
1955
2030
1962
1961
1953
1954
1962
1953
2028
1962
1954
1962
2028
2040
2031
2030
1955
1956
2031
1955
1963
1957
1956
1957
1963
1964
1957
2031
1956
2031
1957
2032
1965
1958
1957
1964
1965
1957
2033
2032
1957
1958
2033
1957
1965
1959
1958
1959
1965
1966
1959
2033
1958
2033
1959
2034
2041
2034
1959
1966
2041
1959
1961
2038
1960
2038
1961
2039
2038
1968
1960
1968
2038
2045
2040
2039
1961
1962
2040
1961
1969
1967
1966
1967
1969
1970
1967
2041
1966
2041
1967
2042
2047
2042
1967
1970
2047
1967
2045
1972
1968
1972
2045
2050
1973
1971
1970
1971
1973
1974
1971
2047
1970
2047
1971
2048
2051
2048
1971
1974
2051
1971
2050
1975
1972
1975
2050
2052
1977
2051
1974
2051
1977
2053
1979
1976
1975
1978
1979
1975
2054
1978
1975
2052
2054
1975
2057
2053
1977
1983
2057
1977
2054
1979
1978
1979
2054
2055
1985
1980
1979
1984
1985
1979
2060
1984
1979
2055
2060
1979
1985
1981
1980
1981
1985
1986
2056
1983
1982
1983
2056
2057
1993
2056
1982
2056
1993
2066
1994
1985
1984
1985
1994
1995
2060
1994
1984
1994
2060
2069
1996
1986
1985
1995
1996
1985
1996
1987
1986
1987
1996
1997
2061
1989
1988
1989
2061
2062
2004
2061
1988
2061
2004
2075
2063
1990
1989
2062
2063
1989
2063
1991
1990
1991
2063
2064
2065
1992
1991
2064
2065
1991
2065
1993
1992
1993
2065
2066
2069
1995
1994
1995
2069
2070
2071
1996
1995
2070
2071
1995
2005
1997
1996
1997
2005
2006
2071
2005
1996
2005
2071
2083
2007
1998
1997
2006
2007
1997
2007
1999
1998
1999
2007
2008
2009
2000
1999
2008
2009
1999
2009
2001
2000
2001
2009
2010
2073
2002
2001
2072
2073
2001
2088
2072
2001
2010
2088
2001
2073
2003
2002
2003
2073
2074
2075
2004
2003
2074
2075
2003
2084
2006
2005
2083
2084
2005
2084
2007
2006
2007
2084
2085
2086
2008
2007
2085
2086
2007
2086
2009
2008
2009
2086
2087
2088
2010
2009
2087
2088
2009
2022
2021
2011
2012
2022
2011
2013
2109
2012
2109
2013
2110
2109
2022
2012
2022
2109
2122
2111
2110
2013
2014
2111
2013
2015
2111
2014
2111
2015
2112
2113
2112
2015
2016
2113
2015
2017
2113
2016
2113
2017
2114
2115
2114
2017
2018
2115
2017
2019
2115
2018
2115
2019
2116
2125
2116
2019
2023
2125
2019
2021
2028
2020
2028
2021
2029
2122
2121
2021
2022
2122
2021
2133
2029
2021
2121
2133
2021
2031
2024
2023
2030
2031
2023
2126
2125
2023
2024
2126
2023
2031
2025
2024
2025
2031
2032
2025
2126
2024
2126
2025
2127
2033
2026
2025
2032
2033
2025
2128
2127
2025
2026
2128
2025
2033
2027
2026
2027
2033
2034
2027
2128
2026
2128
2027
2129
2136
2129
2027
2034
2136
2027
2029
2132
2028
2132
2029
2133
2132
2040
2028
2040
2132
2141
2041
2035
2034
2035
2041
2042
2035
2136
2034
2136
2035
2137
2043
2036
2035
2042
2043
2035
2138
2137
2035
2036
2138
2035
2043
2037
2036
2037
2043
2044
2037
2138
2036
2138
2037
2139
2142
2139
2037
2044
2142
2037
2039
2045
2038
2045
2039
2046
2141
2140
2039
2040
2141
2039
2144
2046
2039
2140
2144
2039
2047
2043
2042
2043
2047
2048
2049
2044
2043
2048
2049
2043
2049
2142
2044
2142
2049
2147
2144
2143
2045
2046
2144
2045
2148
2050
2045
2143
2148
2045
2146
2049
2048
2049
2146
2147
2051
2146
2048
2146
2051
2149
2148
2052
2050
2052
2148
2151
2152
2149
2051
2053
2152
2051
2151
2054
2052
2054
2151
2154
2155
2152
2053
2057
2155
2053
2059
2055
2054
2055
2059
2060
2154
2059
2054
2059
2154
2157
2066
2057
2056
2057
2066
2067
2068
2058
2057
2067
2068
2057
2156
2155
2057
2058
2156
2057
2068
2156
2058
2156
2068
2161
2158
2060
2059
2157
2158
2059
2158
2069
2060
2069
2158
2163
2076
2062
2061
2075
2076
2061
2076
2063
2062
2063
2076
2077
2078
2064
2063
2077
2078
2063
2078
2065
2064
2065
2078
2079
2080
2066
2065
2079
2080
2065
2080
2067
2066
2067
2080
2081
2161
2068
2067
2160
2161
2067
2166
2160
2067
2081
2166
2067
2164
2070
2069
2163
2164
2069
2082
2071
2070
2071
2082
2083
2164
2082
2070
2082
2164
2169
2088
2073
2072
2073
2088
2089
2090
2074
2073
2089
2090
2073
2090
2075
2074
2075
2090
2091
2092
2076
2075
2091
2092
2075
2092
2077
2076
2077
2092
2093
2094
2078
2077
2093
2094
2077
2094
2079
2078
2079
2094
2095
2096
2080
2079
2095
2096
2079
2165
2081
2080
2081
2165
2166
2096
2165
2080
2165
2096
2178
2169
2083
2082
2083
2169
2170
2098
2084
2083
2097
2098
2083
2180
2097
2083
2170
2180
2083
2098
2085
2084
2085
2098
2099
2100
2086
2085
2099
2100
2085
2100
2087
2086
2087
2100
2101
2102
2088
2087
2101
2102
2087
2102
2089
2088
2089
2102
2103
2172
2090
2089
2171
2172
2089
2183
2171
2089
2103
2183
2089
2172
2091
2090
2091
2172
2173
2174
2092
2091
2173
2174
2091
2174
2093
2092
2093
2174
2175
2176
2094
2093
2175
2176
2093
2176
2095
2094
2095
2176
2177
2178
2096
2095
2177
2178
2095
2181
2098
2097
2180
2181
2097
2104
2099
2098
2099
2104
2105
2181
2104
2098
2104
2181
2189
2106
2100
2099
2105
2106
2099
2106
2101
2100
2101
2106
2107
2108
2102
2101
2107
2108
2101
2182
2103
2102
2103
2182
2183
2108
2182
2102
2182
2108
2193
2189
2105
2104
2105
2189
2190
2191
2106
2105
2190
2191
2105
2191
2107
2106
2107
2191
2192
2193
2108
2107
2192
2193
2107
2123
2122
2109
2110
2123
2109
2111
2123
2110
2123
2111
2124
2197
2196
2111
2112
2197
2111
2207
2124
2111
2196
2207
2111
2113
2197
2112
2197
2113
2198
2199
2198
2113
2114
2199
2113
2115
2199
2114
2199
2115
2200
2201
2200
2115
2116
2201
2115
2125
2117
2116
2117
2125
2126
2117
2201
2116
2201
2117
2202
2127
2118
2117
2126
2127
2117
2203
2202
2117
2118
2203
2117
2127
2119
2118
2119
2127
2128
2119
2203
2118
2203
2119
2204
2129
2120
2119
2128
2129
2119
2205
2204
2119
2120
2205
2119
2129
2205
2120
2205
2129
2209
2134
2133
2121
2122
2134
2121
2123
2134
2122
2134
2123
2135
2207
2206
2123
2124
2207
2123
2215
2135
2123
2206
2215
2123
2137
2130
2129
2136
2137
2129
2210
2209
2129
2130
2210
2129
2137
2131
2130
2131
2137
2138
2131
2210
2130
2210
2131
2211
2216
2211
2131
2138
2216
2131
2133
2212
2132
2212
2133
2213
2212
2141
2132
2141
2212
2218
2214
2213
2133
2134
2214
2133
2135
2214
2134
2214
2135
2215
2139
2216
2138
2216
2139
2217
2220
2217
2139
2142
2220
2139
2141
2144
2140
2144
2141
2145
2223
2145
2141
2218
2223
2141
2147
2220
2142
2220
2147
2224
2222
2221
2143
2144
2222
2143
2225
2148
2143
2221
2225
2143
2145
2222
2144
2222
2145
2223
2149
2147
2146
2147
2149
2150
2226
2224
2147
2150
2226
2147
2225
2151
2148
2151
2225
2227
2153
2150
2149
2152
2153
2149
2153
2226
2150
2226
2153
2228
2229
2154
2151
2227
2229
2151
2155
2153
2152
2153
2155
2156
2230
2228
2153
2156
2230
2153
2229
2157
2154
2157
2229
2231
2161
2230
2156
2230
2161
2234
2232
2158
2157
2231
2232
2157
2159
2163
2158
2163
2159
2164
2232
2159
2158
2159
2232
2233
2238
2164
2159
2233
2238
2159
2166
2161
2160
2161
2166
2167
2168
2162
2161
2167
2168
2161
2235
2234
2161
2162
2235
2161
2168
2235
2162
2235
2168
2242
2238
2169
2164
2169
2238
2244
2240
2166
2165
2239
2240
2165
2249
2239
2165
2178
2249
2165
2240
2167
2166
2167
2240
2241
2242
2168
2167
2241
2242
2167
2180
2170
2169
2179
2180
2169
2250
2179
2169
2244
2250
2169
2184
2172
2171
2183
2184
2171
2184
2173
2172
2173
2184
2185
2186
2174
2173
2185
2186
2173
2245
2175
2174
2175
2245
2246
2186
2245
2174
2245
2186
2253
2247
2176
2175
2246
2247
2175
2247
2177
2176
2177
2247
2248
2249
2178
2177
2248
2249
2177
2188
2180
2179
2187
2188
2179
2254
2187
2179
2250
2254
2179
2188
2181
2180
2181
2188
2189
2193
2183
2182
2183
2193
2194
2195
2184
2183
2194
2195
2183
2251
2185
2184
2185
2251
2252
2195
2251
2184
2251
2195
2262
2253
2186
2185
2252
2253
2185
2255
2188
2187
2254
2255
2187
2255
2189
2188
2189
2255
2256
2257
2190
2189
2256
2257
2189
2257
2191
2190
2191
2257
2258
2259
2192
2191
2258
2259
2191
2259
2193
2192
2193
2259
2260
2261
2194
2193
2260
2261
2193
2261
2195
2194
2195
2261
2262
2197
2207
2196
2207
2197
2208
2268
2267
2197
2198
2268
2197
2278
2208
2197
2267
2278
2197
2199
2268
2198
2268
2199
2269
2270
2269
2199
2200
2270
2199
2201
2270
2200
2270
2201
2271
2272
2271
2201
2202
2272
2201
2203
2272
2202
2272
2203
2273
2274
2273
2203
2204
2274
2203
2205
2274
2204
2274
2205
2275
2280
2275
2205
2209
2280
2205
2207
2276
2206
2276
2207
2277
2276
2215
2206
2215
2276
2286
2278
2277
2207
2208
2278
2207
2281
2280
2209
2210
2281
2209
2211
2281
2210
2281
2211
2282
2288
2282
2211
2216
2288
2211
2213
2218
2212
2218
2213
2219
2285
2284
2213
2214
2285
2213
2292
2219
2213
2284
2292
2213
2215
2285
2214
2285
2215
2286
2217
2288
2216
2288
2217
2289
2294
2289
2217
2220
2294
2217
2219
2291
2218
2291
2219
2292
2291
2223
2218
2223
2291
2298
2224
2294
2220
2294
2224
2301
2297
2296
2221
2222
2297
2221
2304
2225
2221
2296
2304
2221
2223
2297
2222
2297
2223
2298
2226
2301
2224
2301
2226
2307
2310
2227
2225
2304
2310
2225
2228
2307
2226
2307
2228
2311
2314
2229
2227
2310
2314
2227
2230
2311
2228
2311
2230
2315
2317
2231
2229
2314
2317
2229
2234
2315
2230
2315
2234
2318
2237
2232
2231
2236
2237
2231
2321
2236
2231
2317
2321
2231
2237
2233
2232
2233
2237
2238
2235
2318
2234
2318
2235
2319
2326
2319
2235
2242
2326
2235
2321
2237
2236
2237
2321
2322
2244
2238
2237
2243
2244
2237
2328
2243
2237
2322
2328
2237
2324
2240
2239
2323
2324
2239
2334
2323
2239
2249
2334
2239
2324
2241
2240
2241
2324
2325
2326
2242
2241
2325
2326
2241
2329
2244
2243
2328
2329
2243
2329
2250
2244
2250
2329
2336
2331
2246
2245
2330
2331
2245
2339
2330
2245
2253
2339
2245
2331
2247
2246
2247
2331
2332
2333
2248
2247
2332
2333
2247
2333
2249
2248
2249
2333
2334
2336
2254
2250
2254
2336
2344
2338
2252
2251
2337
2338
2251
2351
2337
2251
2262
2351
2251
2338
2253
2252
2253
2338
2339
2344
2255
2254
2255
2344
2345
2264
2256
2255
2263
2264
2255
2353
2263
2255
2345
2353
2255
2264
2257
2256
2257
2264
2265
2266
2258
2257
2265
2266
2257
2347
2259
2258
2259
2347
2348
2266
2347
2258
2347
2266
2356
2349
2260
2259
2348
2349
2259
2349
2261
2260
2261
2349
2350
2351
2262
2261
2350
2351
2261
2354
2264
2263
2353
2354
2263
2354
2265
2264
2265
2354
2355
2356
2266
2265
2355
2356
2265
2279
2278
2267
2268
2279
2267
2269
2357
2268
2357
2269
2358
2357
2279
2268
2279
2357
2368
2359
2358
2269
2270
2359
2269
2271
2359
2270
2359
2271
2360
2361
2360
2271
2272
2361
2271
2273
2361
2272
2361
2273
2362
2363
2362
2273
2274
2363
2273
2275
2363
2274
2363
2275
2364
2374
2364
2275
2280
2374
2275
2277
2286
2276
2286
2277
2287
2367
2366
2277
2278
2367
2277
2380
2287
2277
2366
2380
2277
2279
2367
2278
2367
2279
2368
2281
2374
2280
2374
2281
2375
2376
2375
2281
2282
2376
2281
2288
2283
2282
2283
2288
2289
2283
2376
2282
2376
2283
2377
2383
2377
2283
2289
2383
2283
2285
2292
2284
2292
2285
2293
2379
2378
2285
2286
2379
2285
2385
2293
2285
2378
2385
2285
2287
2379
2286
2379
2287
2380
2295
2290
2289
2294
2295
2289
2384
2383
2289
2290
2384
2289
2295
2384
2290
2384
2295
2386
2299
2298
2291
2292
2299
2291
2293
2299
2292
2299
2293
2300
2390
2300
2293
2385
2390
2293
2301
2295
2294
2295
2301
2302
2391
2386
2295
2302
2391
2295
2297
2304
2296
2304
2297
2305
2306
2305
2297
2298
2306
2297
2299
2388
2298
2388
2299
2389
2388
2306
2298
2306
2388
2396
2390
2389
2299
2300
2390
2299
2308
2302
2301
2307
2308
2301
2308
2303
2302
2303
2308
2309
2303
2391
2302
2391
2303
2392
2397
2392
2303
2309
2397
2303
2305
2394
2304
2394
2305
2395
2394
2310
2304
2310
2394
2399
2396
2395
2305
2306
2396
2305
2312
2308
2307
2311
2312
2307
2312
2309
2308
2309
2312
2313
2403
2397
2309
2313
2403
2309
2399
2314
2310
2314
2399
2405
2316
2312
2311
2315
2316
2311
2402
2313
2312
2313
2402
2403
2316
2402
2312
2402
2316
2407
2405
2317
2314
2317
2405
2410
2319
2316
2315
2318
2319
2315
2319
2407
2316
2407
2319
2412
2414
2321
2317
2410
2414
2317
2327
2320
2319
2326
2327
2319
2413
2412
2319
2320
2413
2319
2327
2413
2320
2413
2327
2419
2415
2322
2321
2414
2415
2321
2415
2328
2322
2328
2415
2420
2335
2324
2323
2334
2335
2323
2416
2325
2324
2325
2416
2417
2335
2416
2324
2416
2335
2423
2418
2326
2325
2417
2418
2325
2418
2327
2326
2327
2418
2419
2420
2329
2328
2329
2420
2421
2427
2336
2329
2421
2427
2329
2339
2331
2330
2331
2339
2340
2341
2332
2331
2340
2341
2331
2341
2333
2332
2333
2341
2342
2343
2334
2333
2342
2343
2333
2422
2335
2334
2335
2422
2423
2343
2422
2334
2422
2343
2433
2427
2344
2336
2344
2427
2435
2352
2338
2337
2351
2352
2337
2428
2339
2338
2339
2428
2429
2352
2428
2338
2428
2352
2443
2430
2340
2339
2429
2430
2339
2430
2341
2340
2341
2430
2431
2432
2342
2341
2431
2432
2341
2432
2343
2342
2343
2432
2433
2435
2345
2344
2345
2435
2436
2354
2353
2345
2346
2354
2345
2437
2346
2345
2436
2437
2345
2437
2354
2346
2354
2437
2446
2439
2348
2347
2438
2439
2347
2448
2438
2347
2356
2448
2347
2439
2349
2348
2349
2439
2440
2441
2350
2349
2440
2441
2349
2441
2351
2350
2351
2441
2442
2443
2352
2351
2442
2443
2351
2446
2355
2354
2355
2446
2447
2448
2356
2355
2447
2448
2355
2369
2368
2357
2358
2369
2357
2359
2369
2358
2369
2359
2370
2371
2370
2359
2360
2371
2359
2361
2371
2360
2371
2361
2372
2373
2372
2361
2362
2373
2361
2363
2454
2362
2454
2363
2455
2454
2373
2362
2373
2454
2463
2456
2455
2363
2364
2456
2363
2374
2365
2364
2365
2374
2375
2365
2456
2364
2456
2365
2457
2465
2457
2365
2375
2465
2365
2367
2380
2366
2380
2367
2381
2382
2381
2367
2368
2382
2367
2369
2458
2368
2458
2369
2459
2458
2382
2368
2382
2458
2473
2460
2459
2369
2370
2460
2369
2371
2460
2370
2460
2371
2461
2462
2461
2371
2372
2462
2371
2373
2462
2372
2462
2373
2463
2466
2465
2375
2376
2466
2375
2377
2466
2376
2466
2377
2467
2480
2467
2377
2383
2480
2377
2379
2469
2378
2469
2379
2470
2469
2385
2378
2385
2469
2483
2471
2470
2379
2380
2471
2379
2381
2471
2380
2471
2381
2472
2473
2472
2381
2382
2473
2381
2481
2480
2383
2384
2481
2383
2386
2481
2384
2481
2386
2489
2493
2390
2385
2483
2493
2385
2391
2387
2386
2387
2391
2392
2387
2489
2386
2489
2387
2490
2495
2490
2387
2392
2495
2387
2389
2491
2388
2491
2389
2492
2491
2396
2388
2396
2491
2497
2493
2492
2389
2390
2493
2389
2397
2393
2392
2393
2397
2398
2393
2495
2392
2495
2393
2496
2498
2496
2393
2398
2498
2393
2395
2399
2394
2399
2395
2400
2401
2400
2395
2396
2401
2395
2497
2401
2396
2401
2497
2500
2404
2398
2397
2403
2404
2397
2404
2498
2398
2498
2404
2501
2406
2405
2399
2400
2406
2399
2401
2499
2400
2499
2401
2500
2499
2406
2400
2406
2499
2502
2407
2403
2402
2403
2407
2408
2409
2404
2403
2408
2409
2403
2409
2501
2404
2501
2409
2505
2411
2410
2405
2406
2411
2405
2502
2411
2406
2411
2502
2506
2413
2408
2407
2412
2413
2407
2504
2409
2408
2409
2504
2505
2413
2504
2408
2504
2413
2508
2411
2414
2410
2414
2411
2415
2510
2415
2411
2506
2510
2411
2512
2508
2413
2419
2512
2413
2514
2420
2415
2510
2514
2415
2423
2417
2416
2417
2423
2424
2425
2418
2417
2424
2425
2417
2425
2419
2418
2419
2425
2426
2519
2512
2419
2426
2519
2419
2514
2421
2420
2421
2514
2515
2520
2427
2421
2515
2520
2421
2433
2423
2422
2423
2433
2434
2517
2424
2423
2516
2517
2423
2525
2516
2423
2434
2525
2423
2517
2425
2424
2425
2517
2518
2519
2426
2425
2518
2519
2425
2529
2435
2427
2520
2529
2427
2443
2429
2428
2429
2443
2444
2445
2430
2429
2444
2445
2429
2521
2431
2430
2431
2521
2522
2445
2521
2430
2521
2445
2534
2523
2432
2431
2522
2523
2431
2523
2433
2432
2433
2523
2524
2525
2434
2433
2524
2525
2433
2530
2436
2435
2529
2530
2435
2530
2437
2436
2437
2530
2531
2538
2446
2437
2531
2538
2437
2448
2439
2438
2439
2448
2449
2450
2440
2439
2449
2450
2439
2450
2441
2440
2441
2450
2451
2452
2442
2441
2451
2452
2441
2452
2443
2442
2443
2452
2453
2533
2444
2443
2532
2533
2443
2545
2532
2443
2453
2545
2443
2533
2445
2444
2445
2533
2534
2538
2447
2446
2447
2538
2539
2540
2448
2447
2539
2540
2447
2540
2449
2448
2449
2540
2541
2542
2450
2449
2541
2542
2449
2542
2451
2450
2451
2542
2543
2544
2452
2451
2543
2544
2451
2544
2453
2452
2453
2544
2545
2455
2463
2454
2463
2455
2464
2553
2552
2455
2456
2553
2455
2555
2464
2455
2552
2555
2455
2457
2553
2456
2553
2457
2554
2557
2554
2457
2465
2557
2457
2459
2473
2458
2473
2459
2474
2475
2474
2459
2460
2475
2459
2461
2475
2460
2475
2461
2476
2477
2476
2461
2462
2477
2461
2463
2477
2462
2477
2463
2478
2479
2478
2463
2464
2479
2463
2555
2479
2464
2479
2555
2569
2558
2557
2465
2466
2558
2465
2467
2558
2466
2558
2467
2559
2481
2468
2467
2480
2481
2467
2560
2559
2467
2468
2560
2467
2481
2560
2468
2560
2481
2574
2484
2483
2469
2470
2484
2469
2471
2484
2470
2484
2471
2485
2486
2485
2471
2472
2486
2471
2473
2562
2472
2562
2473
2563
2562
2486
2472
2486
2562
2579
2564
2563
2473
2474
2564
2473
2475
2564
2474
2564
2475
2565
2566
2565
2475
2476
2566
2475
2477
2487
2476
2487
2477
2488
2487
2566
2476
2566
2487
2581
2568
2567
2477
2478
2568
2477
2582
2488
2477
2567
2582
2477
2479
2568
2478
2568
2479
2569
2490
2482
2481
2489
2490
2481
2575
2574
2481
2482
2575
2481
2490
2575
2482
2575
2490
2588
2494
2493
2483
2484
2494
2483
2485
2577
2484
2577
2485
2578
2577
2494
2484
2494
2577
2594
2579
2578
2485
2486
2579
2485
2582
2581
2487
2488
2582
2487
2495
2588
2490
2588
2495
2595
2592
2591
2491
2492
2592
2491
2598
2497
2491
2591
2598
2491
2493
2592
2492
2592
2493
2593
2594
2593
2493
2494
2594
2493
2596
2595
2495
2496
2596
2495
2498
2596
2496
2596
2498
2601
2605
2500
2497
2598
2605
2497
2501
2601
2498
2601
2501
2606
2605
2604
2499
2500
2605
2499
2609
2502
2499
2604
2609
2499
2611
2606
2501
2505
2611
2501
2503
2506
2502
2506
2503
2507
2609
2503
2502
2503
2609
2610
2614
2507
2503
2610
2614
2503
2508
2505
2504
2505
2508
2509
2615
2611
2505
2509
2615
2505
2507
2510
2506
2510
2507
2511
2618
2511
2507
2614
2618
2507
2512
2509
2508
2509
2512
2513
2620
2615
2509
2513
2620
2509
2511
2514
2510
2514
2511
2515
2623
2515
2511
2618
2623
2511
2619
2513
2512
2513
2619
2620
2519
2619
2512
2619
2519
2624
2627
2520
2515
2623
2627
2515
2525
2517
2516
2517
2525
2526
2527
2518
2517
2526
2527
2517
2527
2519
2518
2519
2527
2528
2632
2624
2519
2528
2632
2519
2627
2529
2520
2529
2627
2634
2535
2522
2521
2534
2535
2521
2535
2523
2522
2523
2535
2536
2537
2524
2523
2536
2537
2523
2628
2525
2524
2525
2628
2629
2537
2628
2524
2628
2537
2641
2630
2526
2525
2629
2630
2525
2630
2527
2526
2527
2630
2631
2632
2528
2527
2631
2632
2527
2635
2530
2529
2634
2635
2529
2635
2531
2530
2531
2635
2636
2643
2538
2531
2636
2643
2531
2545
2533
2532
2533
2545
2546
2638
2534
2533
2637
2638
2533
2648
2637
2533
2546
2648
2533
2638
2535
2534
2535
2638
2639
2640
2536
2535
2639
2640
2535
2640
2537
2536
2537
2640
2641
2643
2539
2538
2539
2643
2644
2645
2540
2539
2644
2645
2539
2645
2541
2540
2541
2645
2646
2548
2542
2541
2547
2548
2541
2653
2547
2541
2646
2653
2541
2548
2543
2542
2543
2548
2549
2550
2544
2543
2549
2550
2543
2550
2545
2544
2545
2550
2551
2648
2546
2545
2647
2648
2545
2657
2647
2545
2551
2657
2545
2654
2548
2547
2653
2654
2547
2654
2549
2548
2549
2654
2655
2656
2550
2549
2655
2656
2549
2656
2551
2550
2551
2656
2657
2553
2555
2552
2555
2553
2556
2557
2556
2553
2554
2557
2553
2570
2569
2555
2556
2570
2555
2557
2570
2556
2570
2557
2571
2572
2571
2557
2558
2572
2557
2559
2572
2558
2572
2559
2573
2661
2660
2559
2560
2661
2559
2670
2573
2559
2660
2670
2559
2574
2561
2560
2561
2574
2575
2561
2661
2560
2661
2561
2662
2671
2662
2561
2575
2671
2561
2563
2579
2562
2579
2563
2580
2664
2663
2563
2564
2664
2563
2677
2580
2563
2663
2677
2563
2565
2664
2564
2664
2565
2665
2666
2665
2565
2566
2666
2565
2581
2567
2566
2567
2581
2582
2567
2666
2566
2666
2567
2667
2668
2667
2567
2568
2668
2567
2569
2668
2568
2668
2569
2669
2584
2583
2569
2570
2584
2569
2683
2669
2569
2583
2683
2569
2571
2584
2570
2584
2571
2585
2586
2585
2571
2572
2586
2571
2573
2586
2572
2586
2573
2587
2687
2587
2573
2670
2687
2573
2589
2576
2575
2588
2589
2575
2672
2671
2575
2576
2672
2575
2589
2672
2576
2672
2589
2688
2675
2674
2577
2578
2675
2577
2692
2594
2577
2674
2692
2577
2579
2675
2578
2675
2579
2676
2677
2676
2579
2580
2677
2579
2684
2683
2583
2584
2684
2583
2585
2684
2584
2684
2585
2685
2686
2685
2585
2586
2686
2585
2587
2686
2586
2686
2587
2687
2595
2589
2588
2589
2595
2596
2597
2590
2589
2596
2597
2589
2689
2688
2589
2590
2689
2589
2597
2689
2590
2689
2597
2706
2599
2598
2591
2592
2599
2591
2593
2599
2592
2599
2593
2600
2692
2691
2593
2594
2692
2593
2710
2600
2593
2691
2710
2593
2601
2597
2596
2597
2601
2602
2722
2706
2597
2602
2722
2597
2599
2708
2598
2708
2599
2709
2708
2605
2598
2605
2708
2725
2710
2709
2599
2600
2710
2599
2607
2602
2601
2606
2607
2601
2607
2603
2602
2603
2607
2608
2603
2722
2602
2722
2603
2723
2728
2723
2603
2608
2728
2603
2605
2609
2604
2609
2605
2610
2730
2610
2605
2725
2730
2605
2611
2607
2606
2607
2611
2612
2613
2608
2607
2612
2613
2607
2613
2728
2608
2728
2613
2732
2730
2614
2610
2614
2730
2734
2616
2612
2611
2615
2616
2611
2616
2613
2612
2613
2616
2617
2735
2732
2613
2617
2735
2613
2734
2618
2614
2618
2734
2737
2621
2616
2615
2620
2621
2615
2621
2617
2616
2617
2621
2622
2739
2735
2617
2622
2739
2617
2737
2623
2618
2623
2737
2741
2625
2620
2619
2624
2625
2619
2625
2621
2620
2621
2625
2626
2739
2622
2621
2738
2739
2621
2744
2738
2621
2626
2744
2621
2745
2627
2623
2741
2745
2623
2632
2625
2624
2625
2632
2633
2744
2626
2625
2743
2744
2625
2752
2743
2625
2633
2752
2625
2754
2634
2627
2745
2754
2627
2747
2629
2628
2629
2747
2748
2641
2747
2628
2747
2641
2758
2749
2630
2629
2748
2749
2629
2749
2631
2630
2631
2749
2750
2751
2632
2631
2750
2751
2631
2751
2633
2632
2633
2751
2752
2754
2635
2634
2635
2754
2755
2643
2636
2635
2642
2643
2635
2760
2642
2635
2755
2760
2635
2649
2638
2637
2648
2649
2637
2649
2639
2638
2639
2649
2650
2757
2640
2639
2756
2757
2639
2764
2756
2639
2650
2764
2639
2757
2641
2640
2641
2757
2758
2760
2643
2642
2643
2760
2761
2762
2644
2643
2761
2762
2643
2651
2645
2644
2645
2651
2652
2762
2651
2644
2651
2762
2767
2653
2646
2645
2652
2653
2645
2658
2648
2647
2657
2658
2647
2658
2649
2648
2649
2658
2659
2764
2650
2649
2763
2764
2649
2775
2763
2649
2659
2775
2649
2768
2652
2651
2767
2768
2651
2768
2653
2652
2653
2768
2769
2770
2654
2653
2769
2770
2653
2770
2655
2654
2655
2770
2771
2772
2656
2655
2771
2772
2655
2772
2657
2656
2657
2772
2773
2774
2658
2657
2773
2774
2657
2774
2659
2658
2659
2774
2775
2661
2777
2660
2777
2661
2778
2777
2670
2660
2670
2777
2780
2779
2778
2661
2662
2779
2661
2671
2779
2662
2779
2671
2782
2678
2677
2663
2664
2678
2663
2665
2678
2664
2678
2665
2679
2680
2679
2665
2666
2680
2665
2667
2680
2666
2680
2667
2681
2682
2681
2667
2668
2682
2667
2669
2682
2668
2682
2669
2683
2780
2687
2670
2687
2780
2785
2783
2782
2671
2672
2783
2671
2688
2673
2672
2673
2688
2689
2673
2783
2672
2783
2673
2784
2789
2784
2673
2689
2789
2673
2675
2692
2674
2692
2675
2693
2694
2693
2675
2676
2694
2675
2677
2694
2676
2694
2677
2695
2696
2695
2677
2678
2696
2677
2679
2696
2678
2696
2679
2697
2698
2697
2679
2680
2698
2679
2681
2698
2680
2698
2681
2699
2700
2699
2681
2682
2700
2681
2683
2700
2682
2700
2683
2701
2702
2701
2683
2684
2702
2683
2685
2702
2684
2702
2685
2703
2704
2703
2685
2686
2704
2685
2687
2704
2686
2704
2687
2705
2796
2705
2687
2785
2796
2687
2707
2690
2689
2706
2707
2689
2790
2789
2689
2690
2790
2689
2707
2790
2690
2790
2707
2801
2711
2710
2691
2692
2711
2691
2693
2791
2692
2791
2693
2792
2791
2711
2692
2711
2791
2803
2793
2792
2693
2694
2793
2693
2695
2793
2694
2793
2695
2794
2713
2712
2695
2696
2713
2695
2806
2794
2695
2712
2806
2695
2697
2713
2696
2713
2697
2714
2715
2714
2697
2698
2715
2697
2699
2715
2698
2715
2699
2716
2717
2716
2699
2700
2717
2699
2701
2717
2700
2717
2701
2718
2719
2718
2701
2702
2719
2701
2703
2719
2702
2719
2703
2720
2721
2720
2703
2704
2721
2703
2705
2795
2704
2795
2705
2796
2795
2721
2704
2721
2795
2815
2722
2707
2706
2707
2722
2723
2818
2801
2707
2723
2818
2707
2709
2725
2708
2725
2709
2726
2727
2726
2709
2710
2727
2709
2711
2802
2710
2802
2711
2803
2802
2727
2710
2727
2802
2821
2713
2806
2712
2806
2713
2807
2808
2807
2713
2714
2808
2713
2715
2808
2714
2808
2715
2809
2810
2809
2715
2716
2810
2715
2717
2810
2716
2810
2717
2811
2812
2811
2717
2718
2812
2717
2719
2812
2718
2812
2719
2813
2814
2813
2719
2720
2814
2719
2721
2814
2720
2814
2721
2815
2729
2724
2723
2728
2729
2723
2819
2818
2723
2724
2819
2723
2729
2819
2724
2819
2729
2828
2731
2730
2725
2726
2731
2725
2727
2820
2726
2820
2727
2821
2820
2731
2726
2731
2820
2830
2732
2729
2728
2729
2732
2733
2836
2828
2729
2733
2836
2729
2731
2829
2730
2829
2731
2830
2829
2734
2730
2734
2829
2837
2735
2733
2732
2733
2735
2736
2840
2836
2733
2736
2840
2733
2837
2737
2734
2737
2837
2841
2740
2736
2735
2739
2740
2735
2740
2840
2736
2840
2740
2846
2847
2741
2737
2841
2847
2737
2844
2739
2738
2739
2844
2845
2744
2844
2738
2844
2744
2849
2846
2740
2739
2845
2846
2739
2746
2745
2741
2742
2746
2741
2848
2742
2741
2847
2848
2741
2848
2746
2742
2746
2848
2852
2753
2744
2743
2752
2753
2743
2753
2849
2744
2849
2753
2859
2755
2754
2745
2746
2755
2745
2852
2755
2746
2755
2852
2862
2759
2748
2747
2758
2759
2747
2854
2749
2748
2749
2854
2855
2759
2854
2748
2854
2759
2865
2856
2750
2749
2855
2856
2749
2856
2751
2750
2751
2856
2857
2858
2752
2751
2857
2858
2751
2858
2753
2752
2753
2858
2859
2866
2760
2755
2862
2866
2755
2764
2757
2756
2757
2764
2765
2766
2758
2757
2765
2766
2757
2864
2759
2758
2759
2864
2865
2766
2864
2758
2864
2766
2871
2866
2761
2760
2761
2866
2867
2868
2762
2761
2867
2868
2761
2868
2767
2762
2767
2868
2872
2776
2764
2763
2775
2776
2763
2869
2765
2764
2765
2869
2870
2776
2869
2764
2869
2776
2881
2871
2766
2765
2870
2871
2765
2873
2768
2767
2872
2873
2767
2873
2769
2768
2769
2873
2874
2875
2770
2769
2874
2875
2769
2875
2771
2770
2771
2875
2876
2877
2772
2771
2876
2877
2771
2877
2773
2772
2773
2877
2878
2879
2774
2773
2878
2879
2773
2879
2775
2774
2775
2879
2880
2881
2776
2775
2880
2881
2775
2781
2780
2777
2778
2781
2777
2779
2781
2778
2781
2779
2782
2781
2785
2780
2785
2781
2786
2787
2786
2781
2782
2787
2781
2783
2787
2782
2787
2783
2788
2789
2788
2783
2784
2789
2783
2797
2796
2785
2786
2797
2785
2787
2797
2786
2797
2787
2798
2799
2798
2787
2788
2799
2787
2789
2799
2788
2799
2789
2800
2801
2800
2789
2790
2801
2789
2804
2803
2791
2792
2804
2791
2793
2804
2792
2804
2793
2805
2806
2805
2793
2794
2806
2793
2816
2815
2795
2796
2816
2795
2797
2816
2796
2816
2797
2817
2892
2891
2797
2798
2892
2797
2905
2817
2797
2891
2905
2797
2799
2892
2798
2892
2799
2893
2894
2893
2799
2800
2894
2799
2801
2894
2800
2894
2801
2895
2909
2895
2801
2818
2909
2801
2803
2821
2802
2821
2803
2822
2823
2822
2803
2804
2823
2803
2805
2823
2804
2823
2805
2824
2825
2824
2805
2806
2825
2805
2807
2825
2806
2825
2807
2826
2827
2826
2807
2808
2827
2807
2809
2896
2808
2896
2809
2897
2896
2827
2808
2827
2896
2915
2898
2897
2809
2810
2898
2809
2811
2898
2810
2898
2811
2899
2900
2899
2811
2812
2900
2811
2813
2900
2812
2900
2813
2901
2902
2901
2813
2814
2902
2813
2815
2902
2814
2902
2815
2903
2904
2903
2815
2816
2904
2815
2817
2904
2816
2904
2817
2905
2819
2909
2818
2909
2819
2910
2924
2910
2819
2828
2924
2819
2821
2830
2820
2830
2821
2831
2912
2911
2821
2822
2912
2821
2925
2831
2821
2911
2925
2821
2823
2832
2822
2832
2823
2833
2832
2912
2822
2912
2832
2926
2834
2833
2823
2824
2834
2823
2825
2834
2824
2834
2825
2835
2914
2913
2825
2826
2914
2825
2929
2835
2825
2913
2929
2825
2827
2914
2826
2914
2827
2915
2836
2924
2828
2924
2836
2938
2838
2837
2829
2830
2838
2829
2831
2838
2830
2838
2831
2839
2939
2839
2831
2925
2939
2831
2833
2926
2832
2926
2833
2927
2928
2927
2833
2834
2928
2833
2835
2928
2834
2928
2835
2929
2840
2938
2836
2938
2840
2945
2842
2841
2837
2838
2842
2837
2839
2842
2838
2842
2839
2843
2947
2843
2839
2939
2947
2839
2846
2945
2840
2945
2846
2950
2848
2847
2841
2842
2848
2841
2843
2946
2842
2946
2843
2947
2946
2848
2842
2848
2946
2951
2849
2845
2844
2845
2849
2850
2851
2846
2845
2850
2851
2845
2851
2950
2846
2950
2851
2954
2951
2852
2848
2852
2951
2955
2860
2850
2849
2859
2860
2849
2860
2851
2850
2851
2860
2861
2964
2954
2851
2861
2964
2851
2853
2862
2852
2862
2853
2863
2955
2853
2852
2853
2955
2956
2965
2863
2853
2956
2965
2853
2957
2855
2854
2855
2957
2958
2865
2957
2854
2957
2865
2967
2959
2856
2855
2958
2959
2855
2959
2857
2856
2857
2959
2960
2961
2858
2857
2960
2961
2857
2961
2859
2858
2859
2961
2962
2963
2860
2859
2962
2963
2859
2963
2861
2860
2861
2963
2964
2863
2866
2862
2866
2863
2867
2970
2867
2863
2965
2970
2863
2966
2865
2864
2865
2966
2967
2871
2966
2864
2966
2871
2973
2971
2868
2867
2970
2971
2867
2971
2872
2868
2872
2971
2977
2882
2870
2869
2881
2882
2869
2972
2871
2870
2871
2972
2973
2882
2972
2870
2972
2882
2981
2977
2873
2872
2873
2977
2978
2979
2874
2873
2978
2979
2873
2883
2875
2874
2875
2883
2884
2979
2883
2874
2883
2979
2985
2885
2876
2875
2884
2885
2875
2885
2877
2876
2877
2885
2886
2887
2878
2877
2886
2887
2877
2887
2879
2878
2879
2887
2888
2889
2880
2879
2888
2889
2879
2889
2881
2880
2881
2889
2890
2981
2882
2881
2980
2981
2881
2992
2980
2881
2890
2992
2881
2986
2884
2883
2985
2986
2883
2986
2885
2884
2885
2986
2987
2988
2886
2885
2987
2988
2885
2988
2887
2886
2887
2988
2989
2990
2888
2887
2989
2990
2887
2990
2889
2888
2889
2990
2991
2992
2890
2889
2991
2992
2889
2906
2905
2891
2892
2906
2891
2893
2906
2892
2906
2893
2907
2908
2907
2893
2894
2908
2893
2895
2993
2894
2993
2895
2994
2993
2908
2894
2908
2993
2999
3000
2994
2895
2909
3000
2895
2897
2915
2896
2915
2897
2916
2917
2916
2897
2898
2917
2897
2899
2917
2898
2917
2899
2918
2919
2918
2899
2900
2919
2899
2901
2919
2900
2919
2901
2920
2921
2920
2901
2902
2921
2901
2903
2921
2902
2921
2903
2922
2923
2922
2903
2904
2923
2903
2905
2995
2904
2995
2905
2996
2995
2923
2904
2923
2995
3006
2997
2996
2905
2906
2997
2905
2907
2997
2906
2997
2907
2998
2999
2998
2907
2908
2999
2907
3001
3000
2909
2910
3001
2909
2924
3001
2910
3001
2924
3012
2926
2925
2911
2912
2926
2911
3003
3002
2913
2914
3003
2913
3014
2929
2913
3002
3014
2913
2915
3003
2914
3003
2915
3004
2931
2930
2915
2916
2931
2915
3016
3004
2915
2930
3016
2915
2917
2931
2916
2931
2917
2932
2933
2932
2917
2918
2933
2917
2919
2933
2918
2933
2919
2934
2935
2934
2919
2920
2935
2919
2921
2935
2920
2935
2921
2936
2937
2936
2921
2922
2937
2921
2923
3005
2922
3005
2923
3006
3005
2937
2922
2937
3005
3023
2938
3012
2924
3012
2938
3030
2940
2939
2925
2926
2940
2925
2927
2940
2926
2940
2927
2941
2942
2941
2927
2928
2942
2927
2929
3013
2928
3013
2929
3014
3013
2942
2928
2942
3013
3032
2931
3016
2930
3016
2931
3017
3018
3017
2931
2932
3018
2931
2933
2943
2932
2943
2933
2944
2943
3018
2932
3018
2943
3037
3020
3019
2933
2934
3020
2933
3038
2944
2933
3019
3038
2933
2935
3020
2934
3020
2935
3021
3022
3021
2935
2936
3022
2935
2937
3022
2936
3022
2937
3023
2945
3030
2938
3030
2945
3046
2948
2947
2939
2940
2948
2939
2941
2948
2940
2948
2941
2949
3032
3031
2941
2942
3032
2941
3048
2949
2941
3031
3048
2941
3038
3037
2943
2944
3038
2943
3061
3046
2945
2950
3061
2945
2947
2951
2946
2951
2947
2952
2953
2952
2947
2948
2953
2947
2949
3047
2948
3047
2949
3048
3047
2953
2948
2953
3047
3063
2954
3061
2950
3061
2954
3070
2956
2955
2951
2952
2956
2951
2953
3062
2952
3062
2953
3063
3062
2956
2952
2956
3062
3071
2964
3070
2954
3070
2964
3080
3071
2965
2956
2965
3071
3081
2968
2958
2957
2967
2968
2957
2968
2959
2958
2959
2968
2969
3076
2960
2959
3075
3076
2959
3085
3075
2959
2969
3085
2959
3076
2961
2960
2961
3076
3077
3078
2962
2961
3077
3078
2961
3078
2963
2962
2963
3078
3079
3080
2964
2963
3079
3080
2963
3086
2970
2965
3081
3086
2965
2973
2967
2966
2967
2973
2974
2975
2968
2967
2974
2975
2967
3084
2969
2968
2969
3084
3085
2975
3084
2968
3084
2975
3091
2976
2971
2970
2971
2976
2977
3086
2976
2970
2976
3086
3092
2981
2973
2972
2973
2981
2982
2983
2974
2973
2982
2983
2973
2983
2975
2974
2975
2983
2984
3100
3091
2975
2984
3100
2975
3092
2977
2976
2977
3092
3093
3094
2978
2977
3093
3094
2977
3094
2979
2978
2979
3094
3095
3101
2985
2979
3095
3101
2979
3096
2981
2980
2981
3096
3097
2992
3096
2980
3096
2992
3108
3098
2982
2981
3097
3098
2981
3098
2983
2982
2983
3098
3099
3100
2984
2983
3099
3100
2983
3102
2986
2985
3101
3102
2985
3102
2987
2986
2987
3102
3103
3104
2988
2987
3103
3104
2987
3104
2989
2988
2989
3104
3105
3106
2990
2989
3105
3106
2989
3106
2991
2990
2991
3106
3107
3108
2992
2991
3107
3108
2991
3000
2999
2993
2994
3000
2993
3007
3006
2995
2996
3007
2995
2997
3007
2996
3007
2997
3008
3009
3008
2997
2998
3009
2997
2999
3009
2998
3009
2999
3010
3011
3010
2999
3000
3011
2999
3001
3011
3000
3011
3001
3012
3003
3014
3002
3014
3003
3015
3016
3015
3003
3004
3016
3003
3024
3023
3005
3006
3024
3005
3007
3024
3006
3024
3007
3025
3026
3025
3007
3008
3026
3007
3009
3026
3008
3026
3009
3027
3028
3027
3009
3010
3028
3009
3011
3028
3010
3028
3011
3029
3030
3029
3011
3012
3030
3011
3033
3032
3013
3014
3033
3013
3015
3033
3014
3033
3015
3034
3035
3034
3015
3016
3035
3015
3017
3035
3016
3035
3017
3036
3037
3036
3017
3018
3037
3017
3039
3038
3019
3020
3039
3019
3021
3039
3020
3039
3021
3040
3110
3109
3021
3022
3110
3021
3116
3040
3021
3109
3116
3021
3023
3110
3022
3110
3023
3111
3112
3111
3023
3024
3112
3023
3025
3112
3024
3112
3025
3113
3042
3041
3025
3026
3042
3025
3120
3113
3025
3041
3120
3025
3027
3042
3026
3042
3027
3043
3044
3043
3027
3028
3044
3027
3029
3044
3028
3044
3029
3045
3046
3045
3029
3030
3046
3029
3049
3048
3031
3032
3049
3031
3033
3049
3032
3049
3033
3050
3051
3050
3033
3034
3051
3033
3035
3051
3034
3051
3035
3052
3053
3052
3035
3036
3053
3035
3037
3053
3036
3053
3037
3054
3055
3054
3037
3038
3055
3037
3039
3114
3038
3114
3039
3115
3114
3055
3038
3055
3114
3128
3116
3115
3039
3040
3116
3039
3057
3056
3041
3042
3057
3041
3134
3120
3041
3056
3134
3041
3043
3057
3042
3057
3043
3058
3059
3058
3043
3044
3059
3043
3045
3059
3044
3059
3045
3060
3061
3060
3045
3046
3061
3045
3064
3063
3047
3048
3064
3047
3049
3121
3048
3121
3049
3122
3121
3064
3048
3064
3121
3135
3123
3122
3049
3050
3123
3049
3051
3123
3050
3123
3051
3124
3125
3124
3051
3052
3125
3051
3053
3125
3052
3125
3053
3126
3127
3126
3053
3054
3127
3053
3055
3127
3054
3127
3055
3128
3057
3065
3056
3065
3057
3066
3065
3134
3056
3134
3065
3148
3067
3066
3057
3058
3067
3057
3059
3067
3058
3067
3059
3068
3069
3068
3059
3060
3069
3059
3061
3069
3060
3069
3061
3070
3063
3071
3062
3071
3063
3072
3073
3072
3063
3064
3073
3063
3135
3073
3064
3073
3135
3150
3149
3148
3065
3066
3149
3065
3067
3076
3066
3076
3067
3077
3076
3149
3066
3149
3076
3164
3078
3077
3067
3068
3078
3067
3069
3078
3068
3078
3069
3079
3080
3079
3069
3070
3080
3069
3082
3081
3071
3072
3082
3071
3073
3082
3072
3082
3073
3083
3165
3083
3073
3150
3165
3073
3075
3084
3074
3084
3075
3085
3162
3075
3074
3075
3162
3163
3084
3162
3074
3162
3084
3177
3164
3076
3075
3163
3164
3075
3087
3086
3081
3082
3087
3081
3083
3087
3082
3087
3083
3088
3178
3088
3083
3165
3178
3083
3091
3177
3084
3177
3091
3190
3087
3092
3086
3092
3087
3093
3094
3093
3087
3088
3094
3087
3178
3094
3088
3094
3178
3191
3099
3098
3089
3090
3099
3089
3189
3090
3089
3188
3189
3089
3201
3188
3089
3098
3201
3089
3091
3099
3090
3099
3091
3100
3189
3091
3090
3091
3189
3190
3191
3095
3094
3095
3191
3192
3202
3101
3095
3192
3202
3095
3199
3097
3096
3097
3199
3200
3108
3199
3096
3199
3108
3209
3201
3098
3097
3200
3201
3097
3203
3102
3101
3202
3203
3101
3203
3103
3102
3103
3203
3204
3205
3104
3103
3204
3205
3103
3205
3105
3104
3105
3205
3206
3207
3106
3105
3206
3207
3105
3207
3107
3106
3107
3207
3208
3209
3108
3107
3208
3209
3107
3117
3116
3109
3110
3117
3109
3111
3117
3110
3117
3111
3118
3119
3118
3111
3112
3119
3111
3113
3119
3112
3119
3113
3120
3115
3128
3114
3128
3115
3129
3130
3129
3115
3116
3130
3115
3117
3130
3116
3130
3117
3131
3132
3131
3117
3118
3132
3117
3119
3132
3118
3132
3119
3133
3134
3133
3119
3120
3134
3119
3136
3135
3121
3122
3136
3121
3123
3136
3122
3136
3123
3137
3138
3137
3123
3124
3138
3123
3125
3138
3124
3138
3125
3139
3140
3139
3125
3126
3140
3125
3127
3140
3126
3140
3127
3141
3142
3141
3127
3128
3142
3127
3129
3142
3128
3142
3129
3143
3144
3143
3129
3130
3144
3129
3131
3144
3130
3144
3131
3145
3146
3145
3131
3132
3146
3131
3133
3146
3132
3146
3133
3147
3148
3147
3133
3134
3148
3133
3151
3150
3135
3136
3151
3135
3137
3151
3136
3151
3137
3152
3153
3152
3137
3138
3153
3137
3139
3153
3138
3153
3139
3154
3155
3154
3139
3140
3155
3139
3141
3155
3140
3155
3141
3156
3157
3156
3141
3142
3157
3141
3143
3157
3142
3157
3143
3158
3159
3158
3143
3144
3159
3143
3145
3159
3144
3159
3145
3160
3161
3160
3145
3146
3161
3145
3147
3161
3146
3161
3147
3162
3163
3162
3147
3148
3163
3147
3149
3210
3148
3210
3149
3211
3210
3163
3148
3163
3210
3214
3215
3211
3149
3164
3215
3149
3151
3165
3150
3165
3151
3166
3167
3166
3151
3152
3167
3151
3153
3167
3152
3167
3153
3168
3169
3168
3153
3154
3169
3153
3155
3169
3154
3169
3155
3170
3171
3170
3155
3156
3171
3155
3157
3171
3156
3171
3157
3172
3173
3172
3157
3158
3173
3157
3159
3173
3158
3173
3159
3174
3175
3174
3159
3160
3175
3159
3161
3175
3160
3175
3161
3176
3213
3212
3161
3162
3213
3161
3217
3176
3161
3212
3217
3161
3177
3213
3162
3213
3177
3218
3215
3164
3163
3214
3215
3163
3179
3178
3165
3166
3179
3165
3167
3179
3166
3179
3167
3180
3181
3180
3167
3168
3181
3167
3169
3181
3168
3181
3169
3182
3183
3182
3169
3170
3183
3169
3171
3183
3170
3183
3171
3184
3185
3184
3171
3172
3185
3171
3173
3185
3172
3185
3173
3186
3187
3186
3173
3174
3187
3173
3175
3187
3174
3187
3175
3188
3217
3216
3175
3176
3217
3175
3219
3188
3175
3216
3219
3175
3221
3218
3177
3190
3221
3177
3179
3191
3178
3191
3179
3192
3193
3192
3179
3180
3193
3179
3181
3193
3180
3193
3181
3194
3195
3194
3181
3182
3195
3181
3183
3195
3182
3195
3183
3196
3197
3196
3183
3184
3197
3183
3185
3197
3184
3197
3185
3198
3199
3198
3185
3186
3199
3185
3187
3199
3186
3199
3187
3200
3201
3200
3187
3188
3201
3187
3219
3189
3188
3189
3219
3220
3221
3190
3189
3220
3221
3189
3193
3202
3192
3202
3193
3203
3204
3203
3193
3194
3204
3193
3195
3204
3194
3204
3195
3205
3206
3205
3195
3196
3206
3195
3197
3206
3196
3206
3197
3207
3208
3207
3197
3198
3208
3197
3199
3208
3198
3208
3199
3209
3211
3214
3210
3214
3211
3215
3213
3222
3212
3222
3213
3223
3222
3217
3212
3217
3222
3224
3225
3223
3213
3218
3225
3213
3217
3219
3216
3219
3217
3220
3221
3220
3217
3218
3221
3217
3225
3218
3217
3224
3225
3217
3223
3224
3222
3224
3223
3225
