16.83
-18.33
44.31
16.69
-18.35
44.33
16.83
-18.39
43.96
16.55
-18.44
44.00
16.77
-18.46
43.31
16.33
-18.59
43.33
15.87
-18.55
43.05
16.71
-18.54
42.49
16.26
-18.74
42.47
15.68
-18.68
42.38
15.23
-18.55
42.08
16.63
-18.60
41.68
16.20
-18.82
41.66
15.67
-18.81
41.60
15.16
-18.60
41.52
16.50
-18.63
41.01
16.15
-18.82
41.00
15.65
-18.80
40.97
15.17
-18.63
40.95
16.41
-18.68
40.66
16.11
-18.70
40.60
15.63
-18.64
40.56
15.22
-18.56
40.60
16.83
-18.00
44.37
16.57
-18.02
44.44
16.97
-18.00
43.98
16.25
-18.14
44.15
15.85
-17.94
43.97
17.02
-18.03
43.32
16.07
-18.37
43.65
15.59
-18.16
43.36
15.10
-17.93
42.98
16.99
-18.06
42.51
15.39
-18.39
42.71
14.95
-18.14
42.36
16.86
-18.10
41.70
14.69
-18.15
41.56
14.40
-17.82
41.27
16.59
-18.17
40.94
16.19
-17.99
40.55
15.76
-17.91
40.39
14.77
-18.27
40.91
14.48
-17.89
40.84
16.43
-18.48
40.61
16.11
-18.41
40.46
15.55
-18.25
40.38
14.96
-18.21
40.51
14.60
-17.99
40.56
16.78
-17.41
44.46
16.39
-17.35
44.60
15.97
-17.07
44.61
17.01
-17.34
44.04
16.13
-17.66
44.39
15.71
-17.36
44.25
17.13
-17.33
43.35
15.28
-17.47
43.69
14.84
-17.37
43.17
17.12
-17.35
42.55
14.51
-17.43
42.45
14.19
-17.06
42.12
16.96
-17.37
41.76
14.42
-17.66
41.83
14.22
-17.29
41.51
16.65
-17.39
41.11
16.15
-17.34
40.68
15.49
-17.38
40.45
14.85
-17.26
40.52
14.41
-17.34
40.83
15.28
-17.84
40.34
14.87
-17.79
40.41
14.56
-17.74
40.54
16.73
-16.79
44.54
16.36
-16.42
44.79
15.78
-16.40
44.81
16.93
-16.47
44.17
16.67
-16.11
44.59
15.28
-16.54
44.39
14.78
-16.18
44.14
17.11
-16.49
43.38
15.03
-16.86
43.88
14.54
-16.53
43.49
14.10
-16.11
43.10
17.11
-16.50
42.57
14.31
-16.80
42.79
13.99
-16.38
42.42
16.95
-16.54
41.82
13.97
-16.43
41.61
16.64
-16.60
41.23
16.12
-16.50
40.83
15.41
-16.46
40.57
14.75
-16.45
40.61
14.22
-16.41
40.95
15.23
-14.48
46.29
15.06
-14.44
46.30
15.82
-14.85
45.68
15.42
-14.77
45.92
15.02
-14.63
45.96
16.11
-15.35
45.17
15.46
-15.49
45.24
14.87
-15.00
45.33
16.89
-15.56
44.08
16.59
-15.41
44.65
15.09
-15.84
44.74
14.54
-15.41
44.49
14.05
-15.08
44.03
17.04
-15.60
43.36
14.30
-15.79
43.80
13.86
-15.39
43.37
17.01
-15.62
42.58
13.56
-15.41
42.47
13.20
-14.90
42.18
16.82
-15.66
41.81
16.50
-15.27
41.48
13.63
-15.55
41.64
13.25
-14.92
41.66
16.58
-15.94
41.31
16.11
-15.58
41.03
15.25
-15.49
40.62
14.61
-15.63
40.59
13.96
-15.35
40.90
13.42
-14.86
41.20
14.89
-15.18
40.44
14.54
-15.19
40.44
14.20
-15.12
40.55
15.21
-14.07
46.37
14.94
-14.05
46.36
15.87
-14.36
45.74
15.53
-14.19
46.09
14.72
-14.16
46.03
16.18
-14.50
45.23
14.47
-14.33
45.45
16.81
-14.78
44.01
16.53
-14.61
44.59
14.18
-14.52
44.79
13.77
-14.41
44.20
16.90
-14.80
43.36
13.42
-14.50
43.45
13.04
-14.07
43.08
16.83
-14.76
42.61
16.55
-14.33
42.28
13.27
-14.75
42.79
12.95
-14.30
42.44
16.74
-14.99
42.02
16.39
-14.63
41.71
12.92
-14.27
41.72
15.89
-14.72
41.16
15.15
-14.64
40.76
14.48
-14.37
40.66
13.86
-14.46
40.78
13.20
-14.25
41.18
14.86
-14.87
40.47
14.51
-14.81
40.45
14.17
-14.80
40.52
15.13
-13.40
46.38
14.77
-13.39
46.40
15.85
-13.84
45.72
15.54
-13.45
46.02
14.46
-13.50
46.08
16.06
-13.68
45.21
15.78
-13.21
45.57
14.13
-13.58
45.51
13.76
-13.19
45.18
16.69
-14.22
43.94
16.39
-13.81
44.34
13.93
-13.87
44.95
13.50
-13.49
44.49
13.05
-13.09
44.01
16.72
-14.17
43.42
16.40
-13.63
43.48
13.23
-13.79
43.77
12.83
-13.37
43.35
16.66
-14.17
42.86
16.27
-13.68
42.58
15.81
-13.15
42.25
12.49
-13.38
42.47
12.10
-12.90
42.14
16.03
-13.93
41.80
15.57
-13.39
41.70
12.49
-13.50
41.72
11.97
-12.93
41.60
11.70
-12.84
41.37
15.74
-14.12
41.32
15.18
-13.76
41.16
14.42
-13.61
40.93
13.64
-13.46
40.94
12.78
-13.32
41.20
12.06
-12.89
41.29
11.74
-12.83
41.25
14.97
-12.61
46.38
14.54
-12.52
46.43
14.21
-12.10
46.37
15.31
-12.56
46.00
14.24
-12.80
46.14
13.98
-12.21
46.06
15.95
-13.06
44.99
15.64
-12.52
45.30
14.01
-12.95
45.75
13.68
-12.48
45.47
16.06
-13.01
44.35
15.74
-12.29
44.42
13.28
-12.55
44.77
12.86
-12.39
44.17
16.06
-12.95
43.56
15.70
-12.26
43.52
12.46
-12.43
43.40
12.11
-12.06
42.97
15.97
-13.00
42.88
15.49
-12.43
42.52
15.00
-12.01
42.06
12.27
-12.73
42.75
11.99
-12.32
42.38
15.16
-12.77
41.75
14.61
-12.19
41.57
14.03
-11.98
41.28
11.83
-12.37
41.65
11.66
-12.65
41.38
14.92
-13.11
41.32
14.39
-12.84
41.18
13.60
-12.43
41.08
12.72
-12.42
41.11
12.02
-12.38
41.27
11.72
-12.65
41.25
14.84
-11.98
46.37
14.51
-11.69
46.44
14.16
-11.58
46.38
15.01
-11.66
46.01
14.67
-11.31
46.24
13.84
-11.47
46.03
15.30
-11.54
45.30
13.37
-11.49
45.43
12.97
-11.12
45.00
15.44
-11.42
44.45
13.11
-11.84
44.90
12.72
-11.48
44.45
15.42
-11.39
43.56
12.32
-11.54
43.71
12.00
-11.39
43.12
15.22
-11.41
42.72
14.88
-11.39
42.15
11.82
-11.45
42.43
14.46
-11.34
41.69
13.91
-11.30
41.32
11.80
-11.48
41.76
13.32
-11.43
41.09
12.63
-11.46
41.08
12.06
-11.47
41.30
14.36
-11.12
46.36
14.12
-11.10
46.34
14.85
-10.94
45.84
14.46
-10.62
46.03
13.88
-10.65
46.02
15.03
-10.59
45.28
14.73
-10.20
45.61
13.33
-10.54
45.56
12.86
-10.41
45.06
15.22
-10.48
44.45
12.40
-10.46
44.40
12.02
-10.10
43.93
15.24
-10.45
43.56
12.17
-10.83
43.83
11.84
-10.46
43.34
15.04
-10.44
42.68
14.81
-10.76
42.20
11.65
-10.55
42.50
14.79
-10.09
42.20
14.46
-10.42
41.81
13.84
-10.42
41.34
11.67
-10.57
41.79
13.20
-10.46
41.07
12.54
-10.49
41.02
11.96
-10.51
41.26
14.22
-9.53
45.78
13.71
-9.58
45.84
14.94
-9.83
45.05
14.66
-9.42
45.36
13.23
-9.62
45.59
12.78
-9.50
45.18
15.07
-9.47
44.44
14.86
-9.09
44.89
12.30
-9.46
44.61
11.87
-9.37
44.02
15.15
-9.47
43.56
11.49
-9.40
43.27
11.14
-8.91
42.91
15.04
-9.45
42.78
11.36
-9.67
42.47
11.03
-8.98
42.36
14.77
-9.37
42.19
14.36
-9.44
41.70
13.79
-9.47
41.27
11.40
-9.69
41.74
11.01
-8.98
41.70
13.13
-9.49
40.97
12.41
-9.48
40.87
11.68
-9.45
41.10
11.16
-8.94
41.19
14.04
-8.54
45.66
13.49
-8.55
45.74
13.08
-8.18
45.62
14.47
-8.47
45.31
13.15
-8.89
45.60
12.75
-8.52
45.33
15.01
-8.48
44.21
14.78
-8.39
44.80
12.20
-8.52
44.77
11.71
-8.48
44.18
15.10
-8.51
43.48
11.32
-8.51
43.58
10.97
-8.30
43.06
15.02
-8.51
42.78
10.72
-8.26
42.38
14.76
-8.49
42.17
14.33
-8.49
41.65
13.76
-8.49
41.18
10.60
-8.22
41.60
10.27
-7.76
41.27
13.09
-8.49
40.80
12.33
-8.46
40.56
11.58
-8.55
40.66
10.88
-8.28
40.88
10.36
-7.73
40.80
12.02
-7.92
40.28
11.48
-7.90
40.28
10.88
-7.77
40.36
10.46
-7.59
40.42
13.93
-7.65
45.60
13.47
-7.59
45.72
13.01
-7.50
45.62
14.31
-7.54
45.25
12.55
-7.54
45.32
14.94
-7.58
44.10
14.68
-7.52
44.71
12.06
-7.61
44.85
11.51
-7.50
44.27
11.08
-7.11
43.88
15.05
-7.60
43.43
11.20
-7.83
43.74
10.80
-7.43
43.31
14.99
-7.60
42.76
10.39
-7.45
42.48
10.06
-7.01
42.10
14.74
-7.58
42.16
14.32
-7.54
41.64
13.76
-7.51
41.12
10.29
-7.66
41.84
10.01
-7.19
41.47
13.06
-7.49
40.61
12.56
-7.77
40.41
10.03
-7.12
40.76
12.69
-7.18
40.32
12.22
-7.32
40.17
11.49
-7.23
40.02
10.82
-7.16
40.05
10.30
-7.11
40.27
13.84
-6.97
45.56
13.44
-6.73
45.66
12.96
-6.72
45.60
14.09
-6.58
45.22
13.65
-6.29
45.49
12.42
-6.57
45.31
11.98
-6.13
45.05
14.85
-6.75
44.00
14.56
-6.60
44.57
12.01
-6.88
44.95
11.57
-6.46
44.61
10.99
-6.36
44.00
14.97
-6.77
43.39
10.48
-6.41
43.31
10.09
-6.04
42.89
14.92
-6.77
42.76
10.23
-6.74
42.72
9.89
-6.31
42.31
14.70
-6.75
42.21
14.32
-6.59
41.71
13.77
-6.51
41.15
9.61
-6.24
41.44
9.32
-5.80
41.10
13.12
-6.45
40.57
12.73
-6.09
40.24
9.66
-6.30
40.61
9.33
-5.82
40.70
12.72
-6.69
40.27
12.27
-6.41
40.03
11.47
-6.42
39.78
10.72
-6.40
39.75
10.08
-6.38
40.02
13.27
-6.14
45.63
12.96
-6.14
45.61
13.98
-5.56
44.98
13.38
-5.60
45.42
12.66
-5.59
45.44
11.98
-5.36
45.14
14.77
-6.11
43.89
14.48
-5.61
44.25
11.43
-5.42
44.68
10.89
-5.42
44.13
14.83
-6.05
43.37
14.62
-5.34
43.45
10.40
-5.42
43.53
9.97
-5.34
42.98
14.79
-6.05
42.77
14.57
-5.34
42.71
9.64
-5.40
42.36
14.65
-6.11
42.29
14.33
-5.60
41.97
13.79
-5.52
41.25
9.38
-5.44
41.70
9.18
-5.25
41.14
13.24
-5.46
40.66
12.73
-5.37
40.19
9.50
-5.75
40.18
9.19
-5.27
40.41
12.14
-5.46
39.79
11.42
-5.57
39.48
10.61
-5.53
39.29
9.80
-5.57
39.57
9.28
-5.01
39.61
10.27
-5.00
38.80
9.75
-5.04
38.91
9.35
-4.76
38.96
10.10
-4.67
38.51
9.73
-4.68
38.53
9.44
-4.61
38.60
12.32
-3.80
45.62
12.05
-3.79
45.54
13.88
-4.50
44.87
13.31
-4.47
45.31
12.59
-4.31
45.48
11.91
-4.26
45.27
14.28
-4.50
44.22
11.33
-4.41
44.76
10.81
-4.45
44.21
14.44
-4.43
43.46
10.32
-4.46
43.64
9.86
-4.44
43.05
14.39
-4.43
42.69
9.43
-4.44
42.35
9.13
-4.08
41.89
14.15
-4.51
41.96
13.75
-4.51
41.28
9.24
-4.78
41.81
9.02
-4.40
41.33
13.27
-4.49
40.68
12.75
-4.46
40.11
8.92
-4.37
40.45
12.10
-4.45
39.52
11.43
-4.81
39.17
10.91
-5.01
39.02
8.97
-4.29
39.62
11.76
-4.00
39.06
11.23
-4.19
38.76
10.69
-4.63
38.70
9.15
-4.23
38.93
10.84
-4.00
38.44
10.35
-4.24
38.40
9.78
-4.26
38.37
9.39
-4.27
38.53
12.35
-3.24
45.65
11.99
-3.24
45.56
13.83
-3.49
44.83
13.33
-3.47
45.29
12.77
-3.39
45.55
11.66
-3.37
45.26
14.18
-3.49
44.20
11.22
-3.45
44.79
10.74
-3.48
44.26
14.33
-3.47
43.45
10.27
-3.48
43.71
9.81
-3.47
43.13
14.28
-3.48
42.67
9.39
-3.45
42.53
9.05
-3.36
41.94
14.07
-3.51
41.92
13.73
-3.54
41.26
8.82
-3.42
41.26
13.31
-3.53
40.65
12.85
-3.53
40.07
8.69
-3.43
40.43
12.35
-3.47
39.49
8.77
-3.46
39.58
11.86
-3.37
38.97
11.31
-3.45
38.58
10.10
-3.18
38.22
9.61
-3.26
38.36
9.10
-3.47
38.78
10.87
-3.53
38.34
10.33
-3.57
38.24
9.75
-3.75
38.31
9.37
-3.85
38.48
12.36
-2.50
45.66
11.97
-2.50
45.56
13.80
-2.51
44.81
13.33
-2.51
45.27
12.81
-2.51
45.55
11.60
-2.50
45.26
14.13
-2.50
44.18
11.17
-2.50
44.81
10.72
-2.50
44.29
14.28
-2.49
43.43
10.25
-2.49
43.74
9.79
-2.49
43.19
14.24
-2.50
42.62
9.35
-2.47
42.61
8.96
-2.45
41.99
14.04
-2.54
41.83
13.74
-2.64
41.19
8.65
-2.45
41.27
13.38
-2.59
40.58
12.96
-2.64
40.01
8.41
-2.39
40.40
8.15
-1.89
40.01
12.51
-2.56
39.42
8.49
-2.58
39.54
8.15
-1.93
39.47
11.93
-2.53
38.81
11.18
-2.73
38.36
10.37
-2.72
38.16
9.56
-2.61
38.28
8.78
-2.49
38.72
8.23
-1.91
38.88
10.90
-3.12
38.26
10.55
-3.13
38.18
12.34
-1.76
45.63
11.98
-1.76
45.54
13.77
-1.54
44.77
13.29
-1.57
45.22
12.75
-1.63
45.50
11.64
-1.63
45.25
14.10
-1.52
44.16
11.19
-1.56
44.81
10.72
-1.52
44.30
14.25
-1.51
43.40
10.24
-1.51
43.76
9.77
-1.50
43.22
14.23
-1.50
42.54
9.31
-1.49
42.65
8.89
-1.49
42.04
14.03
-1.51
41.61
13.77
-1.89
41.08
8.51
-1.49
41.36
13.84
-1.16
40.96
13.49
-1.55
40.43
13.08
-1.93
39.94
8.24
-1.51
40.70
8.00
-1.28
40.13
13.19
-1.20
39.77
12.76
-1.60
39.36
7.87
-1.24
39.40
12.09
-1.48
38.53
11.24
-1.83
38.07
10.38
-1.98
37.88
9.52
-1.98
37.91
8.68
-1.80
38.13
7.89
-1.24
38.46
7.44
-0.76
38.02
11.80
-0.98
37.93
11.20
-1.11
37.56
10.35
-1.37
37.39
9.48
-1.48
37.38
8.65
-1.39
37.45
7.92
-1.10
37.54
7.41
-0.70
37.46
10.94
-0.74
37.08
10.25
-0.82
36.81
9.41
-1.04
36.80
8.62
-1.05
36.82
7.93
-0.90
36.86
7.44
-0.60
36.86
9.86
-0.57
36.39
9.30
-0.65
36.33
8.58
-0.67
36.31
7.94
-0.60
36.36
7.53
-0.49
36.45
12.29
-1.22
45.57
12.03
-1.22
45.51
13.72
-0.60
44.72
13.21
-0.63
45.13
12.53
-0.75
45.37
11.85
-0.75
45.24
14.06
-0.57
44.13
11.25
-0.62
44.80
10.74
-0.54
44.31
14.23
-0.52
43.38
10.24
-0.51
43.78
9.76
-0.50
43.24
14.25
-0.50
42.52
9.28
-0.50
42.68
8.82
-0.49
42.07
14.14
-0.48
41.63
8.35
-0.48
41.36
8.03
-0.10
40.92
13.94
-0.42
40.85
13.64
-0.57
40.22
8.13
-0.82
40.83
7.85
-0.43
40.36
13.29
-0.45
39.52
12.89
-0.84
39.13
7.58
-0.44
39.53
13.05
-0.11
38.94
12.59
-0.46
38.51
7.42
-0.45
38.78
7.18
-0.22
38.17
12.04
-0.29
37.72
11.53
-0.56
37.39
7.09
-0.14
37.47
11.77
0.04
37.22
11.27
-0.20
36.95
10.60
-0.19
36.52
7.15
-0.09
36.80
10.00
-0.11
36.16
9.31
-0.11
35.97
8.57
-0.14
35.91
7.89
-0.12
36.01
7.39
-0.07
36.28
13.66
0.26
44.65
13.17
0.34
44.97
12.50
0.36
45.14
11.82
0.36
45.05
13.98
0.33
44.12
11.26
0.33
44.75
10.76
0.45
44.33
14.17
0.46
43.37
10.25
0.48
43.81
9.75
0.50
43.27
14.26
0.50
42.48
9.26
0.50
42.72
8.79
0.51
42.15
14.21
0.52
41.56
8.34
0.54
41.55
7.94
0.62
40.97
14.03
0.53
40.60
13.78
0.14
40.11
7.60
0.54
40.31
13.89
0.86
39.93
13.59
0.46
39.52
7.30
0.46
39.53
7.04
0.87
39.10
13.23
0.58
38.82
12.81
0.46
38.26
7.19
0.18
38.92
6.97
0.58
38.43
12.38
0.57
37.64
6.86
0.62
37.52
11.92
0.66
37.08
11.37
0.59
36.64
10.77
0.52
36.27
6.93
0.63
36.71
10.16
0.61
35.92
9.37
0.62
35.62
8.55
0.53
35.53
7.81
0.52
35.65
7.22
0.61
36.02
13.60
0.92
44.57
13.16
1.31
44.74
12.45
1.39
44.94
11.68
1.43
44.89
11.21
1.82
44.69
13.83
1.14
44.15
13.52
1.73
44.31
11.24
1.09
44.71
10.83
1.47
44.40
14.03
1.53
43.42
13.75
1.97
43.87
10.25
1.49
43.84
9.74
1.50
43.29
14.23
1.52
42.45
9.25
1.50
42.75
8.77
1.51
42.20
14.28
1.52
41.52
8.30
1.52
41.63
7.85
1.55
41.03
14.18
1.55
40.59
7.41
1.55
40.31
7.10
1.92
39.87
13.97
1.61
39.70
13.68
1.20
39.26
7.19
1.19
39.73
6.94
1.61
39.29
13.79
1.92
39.08
13.41
1.54
38.59
12.98
1.16
38.12
6.74
1.53
38.41
13.11
1.87
37.96
12.67
1.51
37.56
6.63
1.50
37.50
12.07
1.52
36.89
11.43
1.45
36.36
10.90
1.15
36.09
6.67
1.50
36.56
11.07
1.85
35.97
10.44
1.52
35.70
9.45
1.56
35.16
8.50
1.24
35.06
7.69
1.20
35.16
6.95
1.47
35.56
9.00
2.06
34.49
8.33
1.77
34.42
7.59
1.70
34.46
6.90
1.89
34.58
8.75
2.33
34.00
8.21
2.23
33.70
7.48
2.06
33.72
6.76
2.19
33.72
6.38
2.45
33.42
7.89
2.43
33.13
7.37
2.34
33.06
6.78
2.37
33.03
6.40
2.52
33.00
12.95
2.07
44.67
12.41
2.39
44.78
11.72
2.40
44.82
11.19
2.50
44.65
13.20
2.48
44.33
12.76
2.78
44.54
10.73
2.47
44.31
13.96
2.55
43.16
13.60
2.63
43.79
10.23
2.48
43.82
9.74
2.49
43.29
14.22
2.52
42.35
9.25
2.50
42.76
8.76
2.50
42.23
14.34
2.53
41.46
8.28
2.51
41.69
7.81
2.53
41.12
14.31
2.54
40.57
7.38
2.55
40.51
7.02
2.64
39.93
14.16
2.57
39.71
6.74
2.56
39.24
13.92
2.63
38.99
13.58
2.53
38.37
6.51
2.49
38.40
13.20
2.58
37.76
12.75
2.43
37.26
6.38
2.40
37.49
12.19
2.51
36.64
11.66
2.18
36.28
6.29
2.44
36.51
6.04
2.99
36.12
11.84
2.91
36.19
11.31
2.59
35.89
10.57
2.51
35.42
9.89
2.47
34.95
6.39
2.28
35.52
6.03
2.95
35.40
9.43
2.70
34.40
6.40
2.35
34.64
6.03
2.91
34.53
9.00
2.82
33.81
8.52
2.78
33.33
6.38
2.41
33.97
6.10
2.82
33.60
8.03
2.91
32.70
7.34
2.72
32.47
6.69
2.70
32.44
6.14
2.92
32.64
7.79
3.23
32.10
7.24
3.17
31.79
6.57
3.04
31.77
5.96
3.19
31.72
5.68
3.23
31.40
6.93
3.40
31.34
6.46
3.34
31.30
5.96
3.33
31.30
5.69
3.27
31.26
12.16
3.21
44.66
11.65
3.20
44.72
11.18
3.25
44.58
13.08
3.16
44.16
12.62
3.43
44.37
10.76
3.38
44.25
13.86
3.50
43.02
13.36
3.53
43.70
12.87
3.86
44.00
10.26
3.44
43.78
9.76
3.47
43.27
14.21
3.52
42.27
9.26
3.49
42.76
8.76
3.50
42.24
14.42
3.55
41.41
8.27
3.50
41.72
7.79
3.51
41.18
14.45
3.53
40.51
7.33
3.53
40.60
6.93
3.55
39.98
14.32
3.51
39.64
6.57
3.53
39.25
14.06
3.50
38.85
13.72
3.41
38.20
6.28
3.48
38.40
6.04
4.00
38.03
13.31
3.49
37.52
12.89
3.15
37.13
6.15
3.20
37.53
5.94
3.86
37.36
13.04
3.87
37.03
12.56
3.54
36.65
6.09
3.08
36.84
5.87
3.63
36.45
11.96
3.63
36.09
11.34
3.55
35.63
10.63
3.49
35.12
10.10
3.16
34.81
5.75
3.66
35.45
10.27
3.85
34.68
9.80
3.54
34.31
5.71
3.62
34.50
9.23
3.60
33.54
8.78
3.31
33.14
5.71
3.59
33.54
8.98
3.93
32.97
8.52
3.65
32.58
5.71
3.62
32.57
8.03
3.76
31.89
7.53
3.72
31.45
5.70
3.66
31.64
5.61
3.39
31.37
7.08
3.85
31.06
6.49
3.82
30.95
5.90
3.74
31.12
5.66
3.42
31.20
11.98
3.74
44.56
11.60
3.84
44.55
11.22
3.82
44.49
12.20
4.08
44.29
11.62
4.50
44.22
10.95
4.28
44.14
13.80
4.41
42.88
13.28
4.51
43.41
12.59
4.58
43.87
12.02
4.88
43.98
10.35
4.39
43.70
9.82
4.42
43.23
14.19
4.52
42.22
9.31
4.47
42.74
8.79
4.49
42.24
14.74
5.15
41.00
14.53
4.66
41.34
8.27
4.50
41.73
7.78
4.50
41.21
14.79
5.11
40.60
14.64
4.57
40.42
7.30
4.51
40.65
6.85
4.53
40.03
14.49
4.45
39.52
6.41
4.55
39.29
6.12
4.95
38.85
14.21
4.49
38.60
13.87
4.11
38.11
6.19
4.23
38.67
5.96
4.68
38.26
14.01
4.84
37.96
13.64
4.44
37.57
5.75
4.67
37.38
13.20
4.60
36.96
12.66
4.54
36.44
5.59
4.59
36.43
12.06
4.54
35.93
11.44
4.49
35.44
10.86
4.41
35.01
5.49
4.48
35.45
10.42
4.54
34.54
9.96
4.42
34.08
5.44
4.41
34.48
9.54
4.50
33.46
5.42
4.39
33.51
9.14
4.60
32.81
8.70
4.48
32.24
5.45
4.44
32.54
8.21
4.58
31.53
7.71
4.28
31.18
5.55
4.55
31.58
7.89
4.93
30.93
7.34
4.64
30.64
6.57
4.55
30.47
5.89
4.70
30.68
7.11
5.13
30.03
6.58
5.18
29.74
6.06
5.25
29.82
6.36
5.48
29.24
6.10
5.52
29.29
11.41
5.28
43.93
10.91
5.20
43.86
13.76
5.14
42.79
13.29
5.50
43.10
12.54
5.52
43.54
11.87
5.51
43.77
10.43
5.32
43.54
9.90
5.32
43.15
14.08
5.50
42.30
13.70
5.85
42.68
9.40
5.44
42.71
8.84
5.48
42.22
14.76
5.70
40.99
14.50
5.58
41.57
8.30
5.49
41.73
7.78
5.50
41.22
14.87
5.67
40.33
14.77
5.15
40.07
7.29
5.50
40.69
6.82
5.51
40.12
14.88
5.89
39.59
14.70
5.25
39.45
6.40
5.55
39.50
6.07
5.65
38.92
14.80
6.03
39.02
14.52
5.57
38.62
5.81
5.61
38.23
14.11
5.61
37.76
13.74
5.20
37.38
5.57
5.60
37.39
13.83
5.92
37.23
13.41
5.55
36.88
12.78
5.51
36.29
5.33
5.63
36.37
5.11
6.11
35.89
12.16
5.49
35.75
11.48
5.46
35.19
10.98
5.12
34.86
5.24
5.32
35.40
5.03
6.02
35.26
11.12
5.82
34.73
10.61
5.47
34.34
10.12
5.10
33.95
5.19
5.21
34.46
4.97
5.96
34.42
10.26
5.81
33.76
9.83
5.42
33.39
5.18
5.19
33.51
4.96
5.95
33.52
9.32
5.52
32.57
8.89
5.17
32.10
5.20
5.26
32.55
4.98
5.98
32.63
9.05
5.89
31.98
8.61
5.56
31.50
5.26
5.50
31.55
5.03
6.03
31.92
8.07
5.65
30.67
7.61
5.30
30.34
5.50
5.57
30.57
7.82
5.97
30.09
7.38
5.69
29.78
6.86
5.70
29.30
5.71
5.77
29.68
6.44
5.91
28.81
5.95
5.97
28.91
6.28
6.24
28.24
6.00
6.27
28.27
11.28
5.82
43.74
10.92
5.79
43.68
13.09
6.47
42.97
12.38
6.42
43.31
11.54
6.29
43.50
10.63
6.28
43.34
10.03
6.04
43.08
14.08
6.42
42.12
13.64
6.56
42.56
10.13
6.77
42.98
9.60
6.45
42.71
8.92
6.47
42.19
14.76
6.47
40.96
14.46
6.48
41.54
8.33
6.48
41.70
7.80
6.48
41.21
14.91
6.57
40.32
7.30
6.48
40.69
6.83
6.49
40.15
14.97
6.66
39.58
6.40
6.51
39.57
6.04
6.54
38.96
14.88
6.67
38.89
14.66
6.49
38.33
5.74
6.54
38.27
14.33
6.56
37.69
5.48
6.55
37.50
13.93
6.62
37.11
13.44
6.51
36.62
12.87
6.45
36.10
5.24
6.60
36.68
5.03
6.75
35.99
12.29
6.43
35.57
11.74
6.37
35.09
4.89
6.76
35.25
11.30
6.51
34.60
10.82
6.40
34.13
4.80
6.75
34.40
10.38
6.53
33.51
9.95
6.16
33.17
4.77
6.73
33.49
10.11
6.87
32.99
9.68
6.52
32.59
4.80
6.71
32.56
9.21
6.60
31.88
8.78
6.54
31.25
5.11
6.17
31.19
4.90
6.65
31.60
8.34
6.57
30.53
5.18
6.39
30.44
4.95
6.84
30.84
7.95
6.63
29.85
7.48
6.49
29.22
7.04
6.15
28.98
5.39
6.43
29.53
7.21
6.88
28.45
6.78
6.37
28.47
5.58
6.55
28.66
6.94
7.12
27.69
6.44
6.69
27.73
5.80
6.74
27.76
6.79
7.32
27.02
6.36
7.17
26.60
5.73
7.09
26.62
6.10
7.31
25.49
5.48
7.24
25.51
5.02
7.41
25.12
5.97
7.36
24.50
5.41
7.25
24.48
4.82
7.40
24.34
4.49
7.45
23.98
5.91
7.42
23.61
5.38
7.30
23.62
4.84
7.35
23.65
4.46
7.52
23.62
5.89
7.54
22.83
5.39
7.54
22.80
4.82
7.55
23.09
4.47
7.62
23.25
5.92
7.66
22.32
5.69
7.68
22.29
12.97
7.35
42.81
12.31
7.36
43.09
11.57
7.33
43.21
10.83
7.36
43.11
14.04
7.13
41.99
13.57
7.47
42.33
10.20
7.52
42.84
9.58
7.47
42.51
8.95
7.45
42.09
14.71
7.15
40.93
14.36
7.48
41.43
13.93
7.84
41.86
8.38
7.45
41.64
7.84
7.44
41.16
14.87
7.52
40.36
14.64
7.86
40.85
7.34
7.45
40.66
6.86
7.44
40.14
14.99
7.55
39.50
6.42
7.46
39.58
6.05
7.47
38.98
14.93
7.55
38.66
14.75
7.18
38.20
5.73
7.49
38.30
14.81
7.88
38.10
14.53
7.52
37.66
5.44
7.51
37.56
14.03
7.51
36.97
13.51
7.42
36.40
12.97
7.33
35.91
5.18
7.54
36.80
4.96
7.59
36.06
12.40
7.40
35.30
11.89
7.07
34.95
4.79
7.61
35.27
12.07
7.78
34.75
11.55
7.40
34.39
11.04
7.08
34.01
4.67
7.61
34.40
11.26
7.77
33.82
10.78
7.41
33.49
4.61
7.59
33.47
10.32
7.53
32.87
9.83
7.45
32.32
4.61
7.55
32.51
9.37
7.45
31.71
8.94
7.44
31.08
4.67
7.51
31.52
8.55
7.48
30.38
5.02
6.98
30.10
4.78
7.49
30.48
8.13
7.53
29.57
7.75
7.20
29.08
5.10
7.07
29.40
4.81
7.72
29.47
7.97
7.89
28.96
7.62
7.62
28.45
5.20
7.17
28.53
4.86
7.84
28.50
7.30
7.73
27.57
5.29
7.27
27.61
4.90
7.89
27.54
7.04
7.76
26.79
6.74
7.64
26.18
5.26
7.39
26.66
4.88
7.89
26.56
6.55
7.67
25.36
5.17
7.43
25.89
4.79
7.79
25.53
6.44
7.71
24.46
4.46
7.87
24.53
4.34
7.70
24.04
6.36
7.76
23.57
4.20
8.14
24.07
4.19
7.99
23.66
6.29
7.86
22.72
5.20
8.03
22.34
4.68
8.03
22.75
4.29
8.06
23.13
6.15
8.03
21.99
5.72
8.12
21.88
6.19
8.33
21.45
5.97
8.38
21.40
12.83
8.04
42.71
12.29
8.26
42.87
11.59
8.20
43.00
10.94
8.22
42.93
13.18
8.45
42.32
12.61
8.72
42.59
10.34
8.38
42.68
9.63
8.41
42.33
9.01
8.35
41.97
14.23
8.44
41.28
13.77
8.56
41.76
8.46
8.41
41.54
7.91
8.35
41.08
14.84
8.49
40.14
14.56
8.57
40.74
7.42
8.41
40.58
6.93
8.35
40.08
14.99
8.49
39.42
6.50
8.42
39.53
6.10
8.36
38.96
14.99
8.50
38.68
5.77
8.45
38.33
14.85
8.57
38.04
14.55
8.50
37.43
5.44
8.47
37.59
14.10
8.46
36.74
13.55
8.32
36.12
13.11
8.01
35.78
5.16
8.47
36.86
4.92
8.51
36.11
13.28
8.66
35.62
12.82
8.33
35.27
4.72
8.53
35.29
12.28
8.52
34.51
11.76
8.14
34.16
4.56
8.54
34.40
11.98
8.88
33.89
11.45
8.50
33.55
10.93
8.10
33.24
4.45
8.52
33.43
11.12
8.83
32.94
10.59
8.38
32.67
10.00
8.25
32.11
4.42
8.43
32.47
9.55
8.28
31.54
9.13
8.26
30.96
4.43
8.37
31.49
8.79
8.36
30.30
4.47
8.39
30.50
8.43
8.43
29.56
4.51
8.49
29.50
8.15
8.52
28.86
7.84
8.46
28.18
4.54
8.60
28.50
7.57
8.47
27.37
4.57
8.61
27.51
7.30
8.45
26.40
6.98
8.06
25.97
4.56
8.59
26.54
7.24
8.70
25.41
6.90
8.15
25.30
4.46
8.56
25.59
7.18
8.82
24.47
6.83
8.22
24.44
4.26
8.59
24.74
7.12
8.90
23.52
6.76
8.28
23.53
4.03
8.71
24.11
3.86
8.85
23.52
3.62
9.27
23.27
7.04
8.96
22.59
6.68
8.36
22.64
5.05
8.75
22.07
4.51
8.77
22.52
4.01
8.88
22.97
3.67
9.28
23.05
6.91
9.05
21.75
6.56
8.50
21.83
5.56
8.79
21.58
6.76
9.17
21.08
6.41
8.77
21.15
6.01
8.91
21.09
6.68
9.30
20.69
6.46
9.18
20.67
6.22
9.18
20.69
12.05
8.86
42.76
11.54
8.87
42.81
11.03
8.83
42.78
13.02
9.40
42.06
12.29
9.36
42.46
11.49
9.48
42.54
10.63
9.28
42.49
9.68
9.38
42.08
9.08
9.07
41.83
14.12
9.14
41.15
13.67
9.48
41.49
9.20
9.78
41.70
8.60
9.44
41.38
8.01
9.10
40.99
14.76
9.36
40.01
14.39
9.48
40.64
14.00
9.85
41.01
8.14
9.83
40.87
7.56
9.47
40.44
7.02
9.10
40.00
14.94
9.39
39.35
7.13
9.84
39.88
6.63
9.46
39.43
6.18
9.10
38.94
14.97
9.39
38.65
6.27
9.83
38.87
5.90
9.47
38.39
14.87
9.37
38.00
14.62
9.45
37.34
5.46
9.45
37.58
14.19
9.48
36.47
13.75
9.04
36.01
5.15
9.38
36.89
4.90
9.46
36.18
13.93
9.92
35.71
13.48
9.31
35.46
13.02
9.03
35.06
4.67
9.50
35.34
13.74
10.18
35.20
13.36
9.89
34.88
12.77
9.45
34.44
4.48
9.53
34.41
12.19
9.61
33.62
11.66
9.24
33.26
4.29
9.58
33.36
4.12
10.05
32.87
11.88
9.94
33.01
11.31
9.61
32.61
10.60
9.16
32.18
10.11
8.86
31.88
4.22
9.28
32.40
4.05
9.99
32.25
10.98
9.99
31.96
10.43
9.76
31.55
9.79
9.11
31.32
9.31
8.89
30.87
4.20
9.19
31.46
4.00
9.95
31.42
10.10
10.01
30.98
9.66
9.69
30.69
9.12
9.23
30.26
4.21
9.19
30.50
3.98
9.95
30.51
8.71
9.24
29.46
4.22
9.27
29.53
3.99
9.98
29.61
8.38
9.27
28.69
8.07
9.18
28.03
4.22
9.46
28.50
4.02
10.01
28.87
7.86
9.21
27.28
4.29
9.37
27.48
7.70
9.27
26.40
4.30
9.34
26.53
7.60
9.40
25.45
4.23
9.32
25.63
7.53
9.50
24.49
4.08
9.33
24.83
7.48
9.60
23.51
3.89
9.39
24.22
3.69
9.61
23.74
3.53
9.79
23.33
7.36
9.63
22.57
4.96
9.59
21.93
4.42
9.62
22.37
3.93
9.69
22.74
3.61
9.81
23.01
7.19
9.68
21.72
5.48
9.60
21.44
6.97
9.72
21.03
5.93
9.61
20.95
6.75
9.64
20.62
6.49
9.59
20.51
6.21
9.58
20.60
12.85
10.24
41.86
12.21
10.22
42.14
11.46
10.26
42.23
10.68
10.22
42.17
9.94
10.26
41.92
13.36
10.39
41.40
9.39
10.47
41.57
8.81
10.40
41.21
14.70
10.04
39.87
14.37
10.46
40.23
13.85
10.54
40.86
8.31
10.55
40.75
7.75
10.50
40.26
14.83
10.27
39.32
14.63
10.72
39.64
7.24
10.56
39.73
6.76
10.43
39.27
14.91
10.27
38.58
14.84
10.71
38.17
6.36
10.55
38.75
5.90
10.47
38.16
14.88
10.04
38.02
14.75
10.44
37.52
5.42
10.46
37.41
5.16
10.80
36.90
14.49
10.55
36.57
5.15
10.11
36.89
4.94
10.47
36.34
14.22
10.73
35.74
4.67
10.49
35.41
13.88
10.78
35.05
13.40
10.65
34.44
12.95
10.22
34.13
4.45
10.51
34.49
13.12
10.93
33.90
12.64
10.57
33.53
4.24
10.56
33.60
4.07
10.63
32.94
12.11
10.62
32.82
11.61
10.48
32.30
3.95
10.72
32.25
11.19
10.59
31.73
10.70
10.50
31.25
3.86
10.74
31.40
10.28
10.55
30.68
9.72
10.34
30.11
9.25
9.86
29.91
3.81
10.74
30.48
9.44
10.55
29.30
8.99
9.94
29.28
3.82
10.72
29.52
9.22
10.75
28.44
8.68
10.03
28.36
8.29
9.71
27.91
4.05
10.05
28.13
3.88
10.63
28.50
9.10
10.99
27.57
8.62
10.40
27.43
8.19
9.85
27.27
4.07
10.08
27.40
3.87
10.79
27.48
8.97
11.10
26.84
8.57
10.68
26.46
8.09
9.98
26.41
4.07
10.09
26.51
3.86
10.85
26.52
8.39
10.69
25.49
7.98
10.07
25.47
4.02
10.07
25.63
3.81
10.83
25.62
8.28
10.74
24.60
7.91
10.18
24.52
3.91
10.03
24.86
3.71
10.74
24.79
8.21
10.80
23.88
7.88
10.36
23.52
3.80
9.96
24.33
3.59
10.47
24.03
3.46
10.58
23.42
7.69
10.34
22.55
4.94
10.52
21.89
4.39
10.53
22.31
3.89
10.56
22.67
3.56
10.60
23.00
7.46
10.40
21.71
5.49
10.50
21.40
7.07
10.46
20.98
6.59
10.62
20.77
6.06
10.44
20.90
6.79
10.04
20.62
6.53
10.06
20.53
6.25
10.02
20.59
12.69
10.83
41.70
12.17
10.92
41.85
11.45
10.98
41.92
10.70
10.95
41.87
10.10
10.89
41.74
12.97
11.25
41.29
12.24
11.53
41.49
11.45
11.66
41.56
10.61
11.61
41.51
9.69
11.37
41.32
9.02
11.09
41.07
14.14
11.43
40.07
13.57
11.42
40.72
9.18
11.78
40.87
8.60
11.45
40.61
7.94
11.38
40.07
14.79
10.86
39.13
14.58
11.38
39.32
7.36
11.46
39.48
6.88
11.12
39.14
14.86
10.86
38.72
14.79
11.38
38.42
7.03
11.83
38.98
6.55
11.46
38.64
6.00
11.37
38.04
14.80
11.41
37.52
5.56
11.44
37.43
5.21
11.46
36.87
14.83
12.13
36.40
14.72
11.58
36.61
4.96
11.45
36.24
14.75
12.18
35.99
14.49
11.73
35.70
4.70
11.47
35.40
14.07
11.62
34.89
13.65
11.50
34.30
4.46
11.50
34.50
13.28
11.59
33.75
12.80
11.50
33.18
4.22
11.54
33.54
4.06
11.24
32.96
12.26
11.49
32.43
11.78
11.12
32.05
4.07
11.91
32.95
3.94
11.59
32.36
11.97
11.80
31.77
11.46
11.39
31.40
10.93
11.07
30.99
3.79
11.60
31.40
11.18
11.66
30.72
10.63
11.30
30.31
10.07
10.94
29.92
3.71
11.61
30.46
10.40
11.62
29.42
9.89
11.13
29.29
3.68
11.60
29.49
10.22
11.86
28.64
9.73
11.36
28.48
3.70
11.60
28.50
10.10
12.06
28.00
9.63
11.69
27.53
3.70
11.65
27.50
9.26
11.63
26.46
8.86
11.18
26.11
3.68
11.68
26.53
9.17
11.79
25.44
8.76
11.24
25.39
3.63
11.67
25.61
9.07
11.88
24.49
8.65
11.28
24.50
3.55
11.61
24.76
8.97
11.95
23.55
8.49
11.28
23.53
8.13
10.87
23.17
3.44
11.51
24.03
3.39
11.49
23.44
8.89
12.07
22.66
8.45
11.50
22.61
8.03
10.96
22.50
4.94
11.49
21.91
4.38
11.48
22.32
3.87
11.48
22.66
3.52
11.48
23.01
8.75
12.20
21.93
8.32
11.71
21.87
7.83
11.15
21.76
5.50
11.49
21.47
8.59
12.34
21.49
8.17
12.07
21.34
7.46
11.55
21.13
6.72
11.54
20.92
6.09
11.49
21.07
12.85
11.96
41.03
12.27
12.19
41.14
11.48
12.44
41.17
10.64
12.35
41.17
9.90
12.30
41.00
13.91
12.39
39.94
13.22
12.39
40.56
12.45
12.77
40.79
11.82
12.91
40.89
9.31
12.48
40.63
8.63
12.39
40.19
8.10
12.07
39.91
14.38
12.43
39.22
8.28
12.79
39.73
7.76
12.41
39.43
14.87
12.98
37.88
14.72
12.50
38.33
7.19
12.54
38.82
6.57
12.41
38.26
6.08
12.08
37.88
14.93
12.87
37.35
14.85
12.23
37.53
6.26
12.80
37.75
5.73
12.44
37.29
5.31
12.10
36.83
14.92
12.68
36.62
14.86
12.15
36.92
5.41
12.78
36.67
5.09
12.38
36.25
14.83
12.74
35.92
14.58
12.59
35.32
4.81
12.43
35.40
14.17
12.53
34.56
13.79
12.16
34.16
4.56
12.48
34.52
13.93
12.84
33.98
13.52
12.45
33.62
13.03
12.34
32.99
4.32
12.53
33.66
12.61
12.41
32.29
4.11
12.62
32.92
3.92
12.55
32.19
12.18
12.50
31.45
11.70
12.06
31.09
3.76
12.53
31.34
11.96
12.86
30.61
11.45
12.26
30.41
10.98
11.92
30.05
3.65
12.53
30.43
11.82
13.11
29.99
11.40
12.80
29.55
10.86
12.19
29.42
3.61
12.54
29.48
11.10
12.96
28.71
10.66
12.41
28.64
3.59
12.54
28.49
10.89
13.07
28.11
10.46
12.66
27.81
10.00
12.41
27.14
3.59
12.57
27.50
9.72
12.36
26.32
3.57
12.58
26.53
9.58
12.43
25.42
3.53
12.57
25.59
9.49
12.51
24.49
3.46
12.53
24.73
9.41
12.59
23.55
3.39
12.46
24.00
3.37
12.38
23.44
9.31
12.70
22.66
4.95
12.47
21.98
4.38
12.42
22.37
3.87
12.37
22.71
3.51
12.35
23.04
9.09
12.78
21.91
5.53
12.48
21.54
8.75
12.84
21.39
8.20
12.75
21.11
7.50
12.57
20.96
6.77
12.51
20.94
6.12
12.48
21.15
11.19
12.99
40.93
10.60
12.98
40.89
10.02
12.91
40.77
13.77
13.27
39.78
13.16
13.32
40.21
12.39
13.50
40.45
11.49
13.48
40.64
10.56
13.58
40.55
9.59
13.39
40.35
8.89
13.12
40.04
14.20
13.38
39.20
9.08
13.80
39.90
8.47
13.54
39.54
7.89
13.16
39.18
14.84
13.56
37.91
14.59
13.47
38.48
8.04
13.87
38.97
7.44
13.50
38.57
6.84
13.15
38.17
14.96
13.62
37.30
7.05
13.86
37.99
6.53
13.53
37.65
5.95
13.39
37.07
14.99
13.58
36.54
5.50
13.51
36.38
5.16
13.10
36.02
14.92
13.55
35.78
14.71
13.42
35.14
5.28
13.81
35.76
4.98
13.38
35.37
14.42
13.47
34.46
4.70
13.44
34.50
14.05
13.52
33.77
13.58
13.32
33.17
13.19
12.98
32.82
4.44
13.48
33.65
13.37
13.59
32.60
12.99
13.24
32.24
4.19
13.50
32.85
3.96
13.47
32.10
12.64
13.35
31.42
3.78
13.48
31.29
12.39
13.57
30.59
3.66
13.49
30.41
12.09
13.66
29.82
11.72
13.52
29.23
3.59
13.50
29.47
11.43
13.57
28.54
3.55
13.51
28.49
11.11
13.62
27.81
10.65
13.35
27.15
10.23
12.92
26.85
3.54
13.52
27.50
10.48
13.53
26.28
10.08
12.98
26.23
3.52
13.53
26.52
10.37
13.64
25.41
9.97
13.05
25.40
3.49
13.52
25.57
10.29
13.71
24.51
9.89
13.13
24.49
3.46
13.48
24.67
10.22
13.78
23.64
9.83
13.23
23.57
3.45
13.37
23.90
3.41
13.17
23.42
10.14
13.84
22.95
9.76
13.43
22.64
4.98
13.45
22.10
4.38
13.31
22.50
3.87
13.18
22.82
3.53
13.10
23.08
9.44
13.47
21.86
5.58
13.46
21.63
8.99
13.60
21.30
8.31
13.58
21.00
7.55
13.51
20.90
6.81
13.45
20.97
6.16
13.43
21.22
13.65
13.89
39.65
13.15
14.07
39.89
12.38
14.35
40.07
11.48
14.34
40.24
10.59
14.41
40.21
9.76
14.37
40.05
13.91
14.28
39.16
13.28
14.63
39.50
12.72
14.79
39.72
9.19
14.42
39.76
8.70
14.44
39.35
14.77
14.16
37.90
14.44
14.42
38.37
8.20
14.53
38.78
7.68
14.41
38.30
14.88
14.50
37.33
14.65
14.81
37.82
7.21
14.53
37.74
6.61
14.40
37.20
6.12
14.07
36.88
15.01
14.50
36.45
6.35
14.76
36.66
5.88
14.40
36.31
14.98
14.50
35.52
14.82
14.11
35.02
5.44
14.52
35.49
5.08
14.10
35.11
14.91
14.83
34.84
14.66
14.40
34.38
5.23
14.81
34.82
4.91
14.38
34.43
14.26
14.45
33.42
13.81
13.99
32.99
4.60
14.42
33.56
14.06
14.81
32.50
13.58
14.16
32.34
13.19
13.83
32.00
4.30
14.42
32.73
4.04
14.35
32.02
13.91
15.04
31.72
13.49
14.54
31.58
13.04
14.04
31.38
3.86
14.41
31.27
13.78
15.19
31.17
13.42
14.89
30.88
12.87
14.40
30.47
3.72
14.44
30.39
12.40
14.44
29.46
11.96
14.06
29.03
3.62
14.46
29.46
12.17
14.76
28.59
11.76
14.22
28.40
3.57
14.48
28.49
11.97
14.93
27.94
11.50
14.47
27.45
11.00
13.99
26.97
3.54
14.49
27.50
11.30
14.72
26.38
10.88
14.12
26.28
3.51
14.50
26.51
11.18
14.83
25.44
10.77
14.23
25.42
3.50
14.50
25.52
11.10
14.89
24.49
10.69
14.29
24.50
3.53
14.47
24.56
11.03
14.94
23.55
10.60
14.33
23.57
4.70
15.00
22.73
4.25
14.79
23.07
3.70
14.31
23.60
3.50
13.72
23.36
10.92
15.01
22.66
10.41
14.35
22.65
10.01
13.96
22.31
5.01
14.51
22.31
4.36
14.13
22.73
3.84
13.83
23.06
3.57
13.58
23.14
10.79
15.16
21.92
10.32
14.66
21.88
9.81
14.15
21.77
5.69
14.43
21.72
10.62
15.31
21.49
10.16
15.04
21.36
9.38
14.56
21.22
8.45
14.51
20.95
7.59
14.47
20.91
6.83
14.35
21.03
6.22
14.31
21.29
12.08
14.93
39.86
11.43
15.04
39.92
10.58
15.22
39.86
9.73
15.16
39.76
9.35
15.39
39.53
13.77
14.98
38.91
13.22
15.29
39.11
12.40
15.33
39.48
11.56
15.55
39.56
10.90
15.64
39.59
9.28
14.97
39.63
8.98
15.22
39.25
14.06
15.31
38.36
13.55
15.60
38.64
8.42
15.34
38.48
7.87
15.06
38.08
14.80
15.38
37.10
14.47
15.49
37.69
8.15
15.75
37.84
7.53
15.40
37.45
6.91
15.09
37.03
14.97
15.44
36.35
7.21
15.79
36.81
6.62
15.46
36.42
6.09
15.10
36.06
15.03
15.50
35.49
6.34
15.80
35.78
5.85
15.42
35.40
14.98
15.57
34.61
14.80
15.15
34.15
5.40
15.52
34.53
5.03
15.10
34.13
14.92
15.86
33.95
14.69
15.48
33.44
5.18
15.81
33.83
4.83
15.37
33.43
14.47
15.59
32.50
4.44
15.39
32.47
4.14
15.04
31.94
14.25
15.65
31.65
4.27
15.73
31.77
4.02
15.33
31.30
13.99
15.66
30.92
13.54
15.45
30.33
13.10
15.05
30.06
3.85
15.38
30.39
13.36
15.64
29.70
12.91
15.29
29.36
3.72
15.40
29.44
12.57
15.42
28.54
3.64
15.42
28.48
12.27
15.54
27.76
11.90
15.35
27.13
3.59
15.45
27.49
11.69
15.40
26.32
3.55
15.47
26.49
11.57
15.47
25.42
3.53
15.49
25.50
11.50
15.52
24.49
3.56
15.56
24.49
3.50
15.85
24.20
11.45
15.57
23.54
4.82
15.67
22.79
4.25
15.68
23.25
3.79
15.61
23.75
3.57
15.86
23.96
11.37
15.65
22.63
5.33
15.51
22.31
4.09
15.90
23.34
3.93
15.88
23.50
11.18
15.77
21.86
7.15
15.94
21.22
6.63
15.76
21.40
5.99
15.43
21.72
10.80
15.82
21.37
10.19
15.73
21.12
9.40
15.55
21.00
8.51
15.47
20.94
7.57
15.48
21.02
6.81
15.15
21.15
6.31
14.97
21.35
10.30
15.69
39.59
9.79
15.69
39.52
9.43
15.67
39.44
12.96
15.81
38.85
12.34
15.93
39.00
11.50
16.07
39.09
10.60
16.05
39.22
9.81
16.05
39.10
9.27
15.79
39.08
13.87
15.96
38.06
13.25
16.12
38.38
12.42
16.43
38.47
11.51
16.66
38.47
10.58
16.60
38.56
9.70
16.53
38.39
8.96
16.05
38.40
14.66
16.06
36.95
14.17
16.40
37.38
13.33
16.72
37.78
12.53
16.92
37.97
11.86
17.02
38.05
9.28
16.79
37.79
8.54
16.45
37.55
7.86
16.12
37.18
14.84
16.37
36.32
14.53
16.76
36.71
8.19
16.80
36.87
7.53
16.48
36.53
6.91
16.16
36.15
15.01
16.46
35.45
7.23
16.82
35.89
6.61
16.51
35.48
6.07
16.12
35.10
15.06
16.49
34.58
6.28
16.79
34.78
5.81
16.41
34.41
15.02
16.51
33.80
14.90
16.33
33.18
5.37
16.50
33.52
4.98
16.08
33.12
14.96
16.97
32.08
14.80
16.43
32.38
5.17
16.77
32.80
4.78
16.34
32.41
14.89
17.01
31.43
14.59
16.36
31.50
4.44
16.41
31.50
4.14
16.03
31.06
14.77
17.06
30.65
14.31
16.38
30.54
13.84
16.00
30.09
4.33
16.72
30.78
4.06
16.28
30.35
14.68
17.21
30.03
14.26
16.87
29.60
13.62
16.18
29.41
13.16
15.86
29.07
3.89
16.27
29.42
13.99
17.07
28.77
13.49
16.56
28.63
12.97
16.07
28.41
3.79
16.32
28.47
13.80
17.23
28.24
13.38
16.95
27.94
12.71
16.42
27.41
12.20
15.95
26.95
3.72
16.40
27.49
12.44
16.66
26.36
12.05
16.04
26.27
3.66
16.40
26.49
12.31
16.77
25.43
11.94
16.12
25.41
3.63
16.40
25.51
12.28
16.82
24.50
11.89
16.17
24.48
3.66
16.36
24.54
3.53
16.11
24.22
12.31
16.88
23.55
11.88
16.23
23.53
4.97
16.46
22.90
4.36
16.40
23.36
3.89
16.32
23.84
3.60
16.11
23.98
12.71
17.37
22.18
12.41
17.02
22.56
11.84
16.34
22.58
5.52
16.41
22.43
4.12
16.15
23.37
3.96
16.12
23.53
12.69
17.42
21.74
12.29
17.09
21.71
11.65
16.54
21.70
7.30
16.54
21.38
6.67
16.49
21.63
6.07
16.38
21.96
12.66
17.52
21.45
12.43
17.39
21.40
11.07
16.57
21.23
10.32
16.56
21.02
9.46
16.49
20.98
8.61
16.36
21.01
7.86
16.34
21.14
11.20
17.07
38.08
10.57
17.06
38.06
9.95
17.00
37.96
13.93
17.29
36.98
13.25
17.38
37.32
12.44
17.46
37.52
11.52
17.43
37.67
10.59
17.48
37.55
9.64
17.34
37.38
8.90
17.09
37.16
14.78
17.10
36.05
14.41
17.45
36.38
9.26
17.67
36.79
8.55
17.43
36.52
7.87
17.13
36.24
14.90
17.42
35.38
14.63
17.78
35.82
8.22
17.79
35.89
7.58
17.44
35.65
6.94
17.32
35.11
15.06
17.40
34.44
6.48
17.42
34.42
6.01
17.07
34.08
15.10
17.34
33.44
15.02
16.88
33.10
6.29
17.75
33.76
5.81
17.36
33.39
15.11
17.48
32.42
15.00
16.93
32.64
5.39
17.43
32.46
4.97
16.99
32.10
15.13
17.68
31.48
5.20
17.78
31.56
4.78
17.16
31.41
15.06
17.74
30.63
5.01
17.93
30.84
4.59
17.42
30.45
4.22
16.92
30.07
14.91
17.75
29.87
14.61
17.58
29.29
4.42
17.65
29.46
4.11
17.01
29.36
14.33
17.64
28.64
4.30
17.83
28.58
4.01
17.14
28.48
14.01
17.72
28.03
13.54
17.57
27.50
13.07
17.32
27.00
4.19
17.93
27.85
3.94
17.37
27.49
12.81
17.36
26.25
3.83
17.30
26.49
12.69
17.43
25.41
3.82
17.31
25.56
12.67
17.47
24.52
3.91
17.33
24.71
12.70
17.49
23.65
5.22
17.32
23.05
4.62
17.31
23.53
4.16
17.29
24.04
12.95
17.78
22.34
12.79
17.56
22.88
8.65
18.27
21.75
8.24
18.13
21.90
7.75
17.93
21.98
5.73
17.20
22.56
12.92
17.87
21.79
12.12
17.24
21.36
11.76
17.05
21.32
8.92
18.01
21.46
8.35
17.65
21.55
7.56
17.35
21.68
6.77
17.19
21.89
6.19
17.12
22.16
12.70
17.88
21.39
12.22
17.67
21.19
11.41
17.43
21.07
10.46
17.49
20.97
9.46
17.52
21.11
8.61
17.12
21.21
8.01
16.94
21.30
13.73
17.85
36.74
13.18
17.96
36.92
12.41
18.03
37.05
11.53
18.04
37.10
10.66
18.01
37.02
9.96
17.87
36.96
13.96
18.23
36.24
13.22
18.47
36.46
12.42
18.57
36.57
11.54
18.60
36.57
10.58
18.58
36.42
9.63
18.20
36.43
8.90
18.05
36.15
14.79
18.27
35.07
14.42
18.40
35.61
10.21
18.94
35.94
9.50
18.77
35.77
8.56
18.46
35.47
7.71
18.11
35.11
7.18
17.85
34.85
14.99
18.30
34.32
8.22
18.87
34.78
7.59
18.64
34.43
6.95
18.10
34.30
15.12
18.38
33.41
7.25
18.85
33.79
6.63
18.44
33.45
6.09
18.01
33.10
15.23
18.47
32.43
6.34
18.74
32.58
5.86
18.19
32.42
15.32
18.54
31.44
6.12
18.92
31.95
5.68
18.56
31.52
15.30
18.54
30.53
5.26
18.56
30.50
4.86
18.10
30.13
15.12
18.55
29.57
14.82
18.11
29.12
5.11
18.85
29.59
4.75
18.30
29.43
14.95
18.85
28.68
14.63
18.26
28.54
4.99
19.02
28.92
4.65
18.59
28.52
14.75
18.99
28.02
14.33
18.48
27.76
13.75
18.27
27.03
13.30
17.87
26.76
4.39
18.56
27.49
4.10
18.01
27.13
13.59
18.53
26.24
13.16
17.98
26.18
4.31
18.76
26.50
4.04
18.06
26.42
13.54
18.72
25.42
13.09
18.08
25.40
4.31
18.82
25.65
4.05
18.13
25.59
13.81
19.22
24.12
13.57
18.84
24.47
13.08
18.13
24.52
4.40
18.83
24.99
4.20
18.26
24.77
13.79
19.20
23.68
13.50
18.74
23.51
13.08
18.09
23.67
7.70
19.01
22.77
7.20
18.81
22.90
6.48
18.59
23.06
5.63
18.19
23.24
4.86
18.13
23.73
4.39
18.10
24.17
13.29
18.43
22.63
13.06
18.02
23.04
8.69
18.70
21.87
8.09
18.71
22.27
7.40
18.29
22.37
6.66
18.13
22.57
6.06
17.81
22.66
13.17
18.53
21.85
9.14
18.66
21.48
7.22
17.81
22.07
6.72
17.71
22.20
6.30
17.59
22.32
12.84
18.61
21.31
12.24
18.54
21.00
11.45
18.46
20.86
10.58
18.47
20.88
9.75
18.52
21.10
13.80
18.85
35.85
13.21
19.01
36.01
12.43
19.10
36.10
11.61
19.10
36.11
10.92
19.05
36.06
14.62
18.88
34.88
14.10
19.21
35.21
13.27
19.49
35.49
12.43
19.59
35.61
11.54
19.57
35.63
10.59
19.41
35.59
9.64
19.41
35.20
8.91
19.13
35.04
14.81
19.07
34.27
14.44
19.63
34.40
9.27
19.74
34.65
8.56
19.47
34.41
7.90
19.20
34.11
14.99
19.38
33.40
14.69
19.85
33.77
8.24
19.77
33.75
7.58
19.44
33.45
6.99
19.10
33.13
15.23
19.44
32.38
7.30
19.67
32.78
6.80
19.38
32.47
15.64
19.82
30.91
15.46
19.51
31.31
6.40
19.42
31.74
6.00
19.29
31.15
15.67
19.79
30.50
15.51
19.35
30.51
5.71
19.35
30.38
15.64
19.84
30.08
15.43
19.56
29.69
5.48
19.51
29.53
15.18
19.64
28.64
5.22
19.64
28.64
4.87
19.25
28.20
14.88
19.66
27.65
14.44
19.16
27.18
14.06
18.86
26.84
5.10
19.88
27.95
4.79
19.51
27.45
14.77
19.96
26.88
14.44
19.62
26.47
14.01
19.11
26.28
4.63
19.53
26.46
14.31
19.71
25.82
13.99
19.36
25.52
4.65
19.51
25.55
14.06
19.62
24.22
13.95
19.41
24.77
7.44
19.70
23.36
7.05
19.68
23.52
6.41
19.64
23.71
5.66
19.55
24.02
4.86
19.31
24.61
4.47
18.76
24.51
14.02
19.66
23.43
13.75
19.18
23.14
7.67
19.49
23.00
7.12
19.29
23.27
6.42
19.14
23.47
5.64
18.95
23.71
4.93
18.78
24.06
4.54
18.59
24.22
13.96
19.84
22.60
13.65
19.17
22.53
8.71
19.19
21.92
8.25
19.46
22.31
13.78
19.94
21.89
13.47
19.29
21.83
9.08
19.43
21.52
8.62
19.80
21.84
13.55
20.02
21.43
13.09
19.57
21.23
12.31
19.47
20.84
11.47
19.41
20.70
10.60
19.41
20.76
9.77
19.44
21.04
13.81
19.88
34.85
13.21
20.03
35.01
12.41
20.11
35.11
11.54
20.09
35.11
10.67
20.00
35.04
9.98
19.92
34.86
13.98
20.30
34.23
13.22
20.52
34.47
12.40
20.61
34.57
11.52
20.59
34.58
10.63
20.48
34.49
9.67
20.28
34.28
8.93
20.05
34.03
14.89
20.08
33.07
14.49
20.46
33.43
9.32
20.58
33.66
8.61
20.34
33.35
7.91
20.00
33.08
15.06
20.35
32.32
14.72
20.74
32.75
8.28
20.67
32.45
7.58
20.16
32.40
7.03
19.88
32.08
15.61
20.13
30.90
15.37
20.38
31.28
8.07
20.97
31.65
7.44
20.53
31.56
6.76
20.05
31.36
6.28
19.79
30.95
15.66
20.17
30.49
15.48
20.59
30.47
7.87
21.16
31.05
7.38
20.90
30.84
6.72
20.57
30.44
6.14
19.99
30.33
15.65
20.15
30.07
15.47
20.44
29.67
6.40
20.78
29.59
5.91
20.21
29.52
15.29
20.52
28.59
6.16
20.91
28.98
5.70
20.51
28.61
15.10
20.55
27.57
5.34
20.49
27.76
5.04
20.29
27.13
14.92
20.58
26.53
14.64
20.12
26.15
4.92
20.27
26.35
14.82
20.79
25.54
14.49
20.13
25.47
14.22
19.78
25.29
4.98
20.28
25.50
14.74
20.87
24.66
14.40
20.19
24.55
14.19
19.80
24.87
7.43
19.90
23.36
7.07
20.00
23.48
6.48
20.10
23.67
5.83
20.19
24.01
5.28
20.31
24.60
14.70
20.96
23.98
14.43
20.51
23.57
7.60
19.96
23.03
7.20
20.27
23.16
6.62
20.52
23.38
6.02
20.74
23.74
5.57
20.70
24.17
14.23
20.61
22.67
7.96
20.12
22.43
7.43
20.57
22.64
6.84
20.94
22.92
6.33
20.98
23.30
13.93
20.64
21.88
9.05
20.10
21.34
8.45
20.50
21.68
7.73
20.94
22.08
7.24
21.14
22.39
13.59
20.58
21.33
13.05
20.49
20.95
12.30
20.36
20.63
11.45
20.30
20.48
10.56
20.30
20.55
9.61
20.37
20.86
8.97
20.81
21.10
13.75
20.87
33.83
13.18
21.02
33.96
12.39
21.11
34.01
11.52
21.07
34.03
10.68
20.95
33.97
10.01
20.79
33.87
13.98
21.20
33.20
13.24
21.48
33.39
12.40
21.64
33.37
11.49
21.53
33.44
10.61
21.36
33.37
9.73
21.06
33.29
9.07
20.88
33.02
14.89
21.01
32.04
14.48
21.34
32.42
12.09
22.00
32.95
11.43
21.96
32.88
10.60
21.83
32.70
9.70
21.60
32.44
8.93
21.18
32.37
15.01
21.27
31.31
14.62
21.66
31.72
9.33
21.79
31.78
8.70
21.50
31.52
15.21
21.32
30.42
8.18
21.60
30.67
7.51
21.32
30.33
7.02
21.10
30.06
15.27
21.34
29.53
8.02
21.88
30.01
7.50
21.68
29.74
6.87
21.37
29.42
15.23
21.41
28.53
6.43
21.40
28.72
5.99
21.23
28.15
15.16
21.43
27.52
5.64
21.19
27.31
5.25
20.82
26.92
15.07
21.47
26.52
5.60
21.42
26.40
5.21
20.89
26.30
14.98
21.55
25.55
5.64
21.49
25.54
5.26
20.94
25.51
14.89
21.54
24.62
6.21
21.83
24.26
5.82
21.51
24.65
5.43
20.96
24.74
14.77
21.49
23.76
14.58
21.15
23.33
6.38
21.70
23.66
5.97
21.25
23.90
5.59
20.99
24.24
14.66
21.67
23.22
14.39
21.44
22.74
6.73
21.50
22.98
6.29
21.25
23.35
13.91
21.46
21.80
13.51
21.77
21.31
8.38
21.19
21.38
7.89
21.54
21.74
7.26
21.54
22.31
13.57
21.17
21.27
13.03
21.45
20.82
12.24
21.17
20.42
11.39
21.09
20.22
10.56
21.07
20.23
9.73
21.20
20.44
8.91
21.53
20.85
8.33
21.75
21.24
12.62
21.78
20.43
12.09
21.75
20.20
11.26
21.77
19.93
10.56
21.66
19.89
9.91
21.81
20.03
9.34
21.85
20.35
10.91
21.98
19.66
10.54
21.96
19.64
10.19
21.99
19.70
13.79
21.73
32.81
13.29
21.92
32.88
12.72
22.00
32.95
13.99
21.96
32.24
13.29
22.34
32.25
12.42
22.33
32.50
11.55
22.38
32.34
10.70
22.34
32.04
9.99
22.07
31.96
14.76
21.87
31.03
14.25
22.27
31.37
13.63
22.57
31.65
10.34
22.60
31.35
9.63
22.22
31.35
9.03
21.96
31.12
14.90
21.99
30.35
14.47
22.54
30.42
10.15
22.82
30.76
9.53
22.60
30.47
8.78
22.13
30.47
14.98
22.11
29.49
14.61
22.72
29.55
9.17
22.79
29.64
8.39
22.34
29.62
7.64
22.10
29.19
7.09
21.85
28.97
15.00
22.31
28.49
14.72
22.81
28.84
8.97
22.98
29.00
8.38
22.74
28.81
7.62
22.50
28.41
6.83
22.00
28.29
6.29
21.73
27.92
15.05
22.25
27.49
7.37
22.66
27.73
6.84
22.39
27.39
6.18
21.86
27.28
15.02
22.27
26.53
7.15
22.85
26.07
6.75
22.52
26.42
6.11
21.98
26.43
14.93
22.38
25.53
14.74
22.86
25.17
7.14
22.83
25.37
6.60
22.42
25.48
6.08
21.98
25.59
14.85
22.22
24.59
14.64
22.80
24.48
7.18
22.75
24.50
6.55
22.24
24.55
6.11
21.94
24.92
14.74
22.11
23.79
14.48
22.66
23.66
7.33
22.66
23.59
6.80
22.18
23.64
14.63
22.04
23.25
14.30
22.30
22.86
7.56
22.52
22.74
7.07
22.05
22.88
13.88
22.25
22.02
13.40
22.36
21.44
8.50
22.58
21.46
7.93
22.28
21.89
7.37
21.97
22.31
12.86
22.29
20.83
12.25
22.59
20.55
11.68
22.72
20.36
9.47
22.58
20.53
8.90
22.32
20.88
8.33
22.13
21.28
12.58
22.11
20.44
12.09
22.22
20.24
11.28
22.37
20.00
10.56
22.45
19.92
9.88
22.34
20.08
9.33
22.19
20.37
10.92
22.19
19.68
10.54
22.20
19.65
10.18
22.19
19.72
13.00
22.75
31.83
12.39
22.80
31.88
11.66
22.79
31.81
11.08
22.73
31.71
13.86
22.81
31.01
13.26
22.98
31.25
12.44
23.15
31.23
11.64
23.14
31.18
10.91
22.94
31.19
13.96
23.06
30.32
13.27
23.43
30.36
12.44
23.52
30.49
11.57
23.51
30.36
10.63
23.20
30.39
9.97
23.01
30.11
14.10
23.31
29.43
13.56
23.59
29.71
11.25
23.72
29.72
10.57
23.57
29.45
9.77
23.20
29.45
14.80
22.86
28.12
14.43
23.28
28.44
10.21
23.76
28.59
9.38
23.37
28.56
8.56
23.12
28.19
7.95
22.89
27.99
14.84
22.90
27.41
14.47
23.44
27.45
10.05
23.95
27.91
9.41
23.78
27.57
8.55
23.40
27.39
7.72
22.99
27.34
7.21
22.77
27.15
14.84
22.91
26.58
14.50
23.46
26.51
9.21
23.94
26.79
8.55
23.66
26.42
7.64
23.14
26.40
7.17
22.84
26.67
14.81
22.90
25.87
14.51
23.35
25.52
8.38
23.69
25.43
7.72
23.23
25.43
14.30
23.39
24.55
8.38
23.68
24.51
7.77
23.22
24.50
14.03
23.36
23.62
13.54
23.74
23.25
8.49
23.62
23.59
7.89
23.15
23.59
13.87
23.03
22.77
13.27
23.58
22.56
12.66
23.88
22.24
9.36
23.74
22.30
8.74
23.50
22.65
8.07
23.02
22.73
13.68
22.80
22.15
13.13
23.06
21.76
12.33
23.60
21.66
11.47
23.68
21.41
10.58
23.64
21.42
9.67
23.51
21.64
8.81
23.07
21.75
8.22
22.81
22.08
12.79
22.83
21.15
12.23
23.06
20.97
11.42
23.11
20.70
10.56
23.17
20.75
9.74
23.00
20.82
9.10
22.83
21.10
11.09
22.80
20.25
10.55
22.82
20.24
10.03
22.75
20.31
13.01
23.77
29.87
12.46
23.83
29.90
11.89
23.82
29.88
13.77
23.72
29.03
13.22
23.90
29.26
12.45
24.04
29.24
11.64
23.98
29.29
11.01
23.90
29.07
13.87
23.82
28.32
13.20
24.15
28.36
12.43
24.30
28.42
11.61
24.26
28.42
10.84
24.07
28.42
13.92
23.97
27.41
13.18
24.42
27.34
12.38
24.57
27.56
11.51
24.57
27.48
10.56
24.29
27.55
9.88
24.15
27.16
13.99
24.01
26.47
13.40
24.48
26.42
11.18
24.74
26.86
10.53
24.59
26.73
9.72
24.34
26.36
9.06
24.06
26.05
13.98
23.99
25.54
13.41
24.51
25.52
9.58
24.47
25.41
8.97
24.10
25.36
13.85
23.97
24.64
13.21
24.52
24.57
12.63
24.84
24.22
9.60
24.51
24.56
8.98
24.11
24.52
13.73
23.87
23.95
13.19
24.21
23.63
12.35
24.71
23.55
11.54
24.81
23.35
10.69
24.70
23.40
9.84
24.47
23.67
9.09
24.06
23.68
12.95
24.08
22.90
12.28
24.35
22.58
11.56
24.50
22.55
10.66
24.38
22.64
9.78
24.12
22.72
9.17
23.92
22.99
12.04
24.19
22.07
11.51
24.22
22.00
10.68
24.08
22.01
10.02
23.93
22.09
12.83
24.74
26.87
12.34
24.82
26.93
11.79
24.82
26.93
12.87
24.81
26.29
12.26
24.96
26.27
11.50
24.95
26.34
10.73
24.85
26.11
10.17
24.70
25.95
12.87
24.87
25.54
12.24
25.08
25.46
11.53
25.12
25.45
10.78
25.01
25.39
10.14
24.80
25.35
12.81
24.90
24.89
12.24
25.15
24.58
11.58
25.24
24.59
10.81
25.07
24.65
10.16
24.84
24.66
12.04
25.16
24.05
11.54
25.17
24.01
10.79
24.98
24.02
10.23
24.81
24.10
12.03
24.49
22.31
11.79
24.54
22.30
11.96
24.44
22.14
11.76
24.45
22.12
12.01
25.39
24.32
11.80
25.42
24.32
11.96
25.39
24.14
11.77
25.40
24.13
