20.48
-35.49
30.60
20.19
-35.45
30.58
21.69
-35.49
29.88
21.26
-35.63
30.01
20.67
-35.63
30.20
20.15
-35.54
30.22
21.83
-35.56
29.35
21.28
-35.75
29.38
20.60
-35.74
29.43
20.10
-35.61
29.71
21.96
-35.61
28.67
21.38
-35.79
28.70
20.80
-35.78
28.67
21.93
-35.65
28.11
21.44
-35.75
28.08
20.95
-35.75
28.12
21.67
-34.81
30.76
21.23
-35.00
30.90
20.61
-35.17
30.88
20.00
-35.12
30.77
21.89
-35.07
30.20
21.33
-35.35
30.46
20.88
-35.45
30.56
19.71
-35.26
30.24
22.31
-35.11
29.43
20.15
-35.63
29.11
19.59
-35.36
29.41
18.97
-35.10
29.09
23.83
-34.64
27.80
23.33
-34.86
28.10
22.61
-35.19
28.55
20.28
-35.63
28.47
19.62
-35.38
28.47
18.93
-35.09
28.40
23.89
-34.79
27.23
23.22
-35.09
27.38
22.34
-35.40
27.61
21.48
-35.56
27.47
20.60
-35.54
27.66
19.72
-35.29
27.61
18.96
-35.01
27.59
23.93
-34.85
26.50
23.22
-35.11
26.55
22.39
-35.28
26.61
21.49
-35.33
26.59
20.59
-35.27
26.71
19.75
-35.09
26.77
19.02
-34.86
26.81
23.92
-34.82
25.76
23.24
-35.01
25.78
22.43
-35.09
25.77
21.51
-35.02
25.68
20.57
-34.95
25.90
19.74
-34.80
26.05
19.13
-34.68
26.24
23.86
-34.73
25.20
23.28
-34.82
25.13
22.53
-34.86
25.11
21.87
-34.83
25.12
21.60
-33.88
31.46
21.16
-33.91
31.62
20.50
-33.90
31.72
19.82
-33.89
31.75
21.80
-34.21
31.03
21.19
-34.45
31.28
20.47
-34.53
31.33
19.51
-34.41
31.22
18.51
-34.14
31.08
17.68
-33.87
30.96
17.07
-33.71
30.80
22.31
-34.32
30.33
19.17
-34.83
30.42
18.42
-34.51
30.32
17.60
-34.20
30.26
16.85
-33.91
30.26
23.28
-34.07
29.23
22.80
-34.42
29.57
19.05
-35.02
29.77
18.42
-34.78
29.43
17.47
-34.41
29.42
16.47
-34.07
29.46
15.56
-33.91
29.19
14.85
-33.77
29.06
12.58
-33.54
28.68
12.27
-33.46
28.60
24.71
-33.78
27.71
24.19
-34.13
28.00
23.54
-34.32
28.64
23.00
-34.69
28.93
18.23
-34.79
28.48
17.38
-34.48
28.50
16.45
-34.24
28.52
15.51
-34.07
28.48
14.53
-33.91
28.51
13.63
-33.84
28.36
12.84
-33.71
28.37
12.28
-33.53
28.26
24.94
-33.88
27.16
24.43
-34.36
27.23
18.21
-34.71
27.58
17.36
-34.40
27.59
16.43
-34.19
27.66
15.49
-34.05
27.71
14.54
-33.95
27.75
13.65
-33.87
27.74
12.89
-33.75
27.76
12.32
-33.55
27.75
25.11
-34.00
26.42
24.54
-34.47
26.45
18.32
-34.52
26.72
17.42
-34.13
26.65
16.42
-33.94
26.87
15.47
-33.83
27.01
14.53
-33.75
27.10
13.65
-33.68
27.16
12.90
-33.60
27.24
12.41
-33.49
27.34
25.68
-33.65
25.23
25.26
-33.99
25.57
24.54
-34.47
25.63
21.17
-34.73
25.17
20.47
-34.57
25.24
19.57
-34.34
25.39
18.66
-34.28
25.92
17.87
-33.98
26.02
25.70
-33.61
24.66
25.14
-34.00
24.75
24.29
-34.39
24.81
23.40
-34.50
24.57
22.52
-34.53
24.54
21.56
-34.49
24.65
20.61
-34.16
24.56
19.87
-34.03
24.78
25.70
-33.52
24.11
25.16
-33.79
24.06
24.36
-34.02
24.02
23.46
-34.11
23.93
22.55
-34.11
23.93
21.66
-34.03
23.99
20.95
-33.88
24.04
19.01
-32.86
32.48
18.57
-32.82
32.52
18.18
-32.74
32.49
21.71
-33.42
31.53
21.24
-33.29
31.79
20.49
-33.17
31.99
19.44
-33.25
32.13
18.59
-33.19
32.18
17.95
-32.93
32.18
22.07
-33.45
31.10
21.19
-32.90
31.86
20.87
-32.85
31.97
19.13
-33.80
31.73
18.45
-33.64
31.69
17.59
-33.32
31.59
16.71
-33.24
31.10
16.04
-32.90
30.96
23.08
-33.08
30.00
22.63
-33.45
30.40
16.28
-33.53
30.43
15.54
-33.09
30.40
14.80
-32.97
30.07
23.95
-33.04
29.02
23.46
-33.37
29.44
22.98
-33.77
29.82
16.05
-33.76
29.89
15.40
-33.56
29.75
14.48
-33.39
29.49
13.54
-33.30
29.27
12.75
-33.27
29.01
12.11
-33.09
28.78
24.87
-33.21
27.88
24.29
-33.33
28.49
23.78
-33.70
28.88
14.19
-33.69
28.95
13.58
-33.65
28.84
13.02
-33.60
28.75
11.87
-33.15
28.28
25.72
-32.84
26.80
25.34
-33.19
27.17
11.89
-33.17
27.68
25.85
-32.98
26.26
25.53
-33.48
26.44
17.11
-33.72
26.11
16.36
-33.50
26.17
15.42
-33.43
26.40
14.50
-33.37
26.54
13.60
-33.30
26.66
12.79
-33.22
26.83
12.15
-33.12
27.12
25.94
-33.17
25.48
25.62
-33.60
25.83
19.16
-33.90
25.02
18.47
-33.76
25.28
17.54
-33.49
25.52
16.77
-33.27
25.67
26.08
-33.07
24.60
20.22
-33.71
24.19
19.45
-33.55
24.42
18.55
-33.33
24.70
17.87
-33.17
24.92
26.61
-32.62
23.22
26.11
-33.00
23.67
25.29
-33.42
23.46
24.41
-33.62
23.37
23.49
-33.69
23.32
22.55
-33.66
23.34
21.62
-33.57
23.43
20.62
-33.39
23.60
19.83
-33.23
23.83
26.66
-32.57
22.83
26.13
-32.85
22.87
25.35
-33.10
22.79
24.45
-33.23
22.73
23.51
-33.27
22.72
22.56
-33.22
22.75
21.67
-33.12
22.85
20.93
-32.99
22.98
19.02
-32.45
32.58
18.53
-32.42
32.65
18.06
-32.39
32.56
21.77
-33.02
31.56
21.50
-32.96
31.73
20.33
-32.44
32.11
19.54
-32.45
32.34
17.51
-32.37
32.23
16.75
-32.09
31.95
16.22
-31.92
31.72
21.97
-32.66
31.26
21.38
-32.54
31.71
20.88
-32.44
31.95
17.22
-32.80
31.84
16.63
-32.63
31.58
15.91
-32.28
31.31
23.09
-32.42
30.08
22.57
-32.54
30.61
15.19
-32.35
30.76
14.37
-32.38
30.28
13.49
-32.15
30.05
12.70
-32.01
29.84
12.08
-31.89
29.65
24.04
-32.39
29.07
23.56
-32.44
29.55
14.09
-32.86
29.83
13.43
-32.75
29.67
12.62
-32.61
29.45
11.71
-32.28
29.13
10.87
-31.86
28.85
10.43
-31.62
28.65
24.98
-32.42
28.01
24.49
-32.44
28.56
11.40
-32.59
28.34
10.81
-32.13
28.29
10.37
-31.72
28.23
25.80
-32.26
26.87
25.43
-32.37
27.43
11.40
-32.63
27.60
10.81
-32.17
27.65
10.39
-31.77
27.66
26.04
-32.28
26.23
16.04
-33.09
25.80
15.34
-32.97
25.90
14.46
-32.88
26.04
13.55
-32.80
26.19
12.65
-32.67
26.39
11.69
-32.39
26.74
10.86
-31.98
27.06
10.48
-31.79
27.27
26.22
-32.33
25.46
17.15
-33.00
25.12
16.39
-32.81
25.30
15.42
-32.45
25.30
14.45
-32.37
25.52
13.54
-32.28
25.69
12.68
-32.16
25.87
11.99
-32.02
26.08
26.41
-32.30
24.65
19.09
-33.05
24.03
18.41
-32.85
24.19
17.52
-32.69
24.53
16.55
-32.28
24.56
15.80
-32.14
24.78
26.93
-32.13
23.18
26.62
-32.25
23.85
20.19
-32.87
23.19
19.43
-32.74
23.47
18.48
-32.31
23.51
17.58
-32.15
23.84
16.88
-31.95
23.99
27.73
-31.69
22.01
27.10
-32.10
22.41
26.27
-32.54
22.22
25.40
-32.77
22.13
24.48
-32.87
22.08
23.52
-32.86
22.08
22.56
-32.78
22.13
21.59
-32.63
22.25
20.54
-32.44
22.52
19.56
-32.22
22.81
18.85
-31.99
22.96
27.77
-31.69
21.51
27.14
-32.02
21.58
26.34
-32.28
21.48
25.43
-32.46
21.43
24.49
-32.52
21.41
23.54
-32.49
21.41
22.59
-32.35
21.44
21.63
-32.11
21.52
20.87
-32.01
21.83
27.76
-31.61
21.04
27.20
-31.80
20.94
26.38
-31.95
20.73
25.44
-32.13
20.76
24.51
-32.18
20.76
23.59
-32.12
20.76
22.67
-31.94
20.75
21.94
-31.82
20.94
26.08
-31.72
20.25
25.38
-31.78
20.20
24.51
-31.80
20.19
23.66
-31.77
20.22
22.99
-31.70
20.28
18.97
-32.02
32.59
18.51
-31.96
32.64
18.06
-31.97
32.59
20.82
-31.47
31.79
20.34
-31.67
32.01
19.36
-31.65
32.32
18.50
-31.45
32.43
17.66
-31.56
32.36
16.76
-31.39
32.09
16.06
-31.34
31.79
21.90
-31.78
31.14
21.25
-31.71
31.59
20.84
-31.93
31.88
15.54
-31.52
31.41
23.02
-31.61
30.05
22.45
-31.66
30.60
14.97
-31.60
30.99
14.29
-31.50
30.63
13.47
-31.39
30.33
12.66
-31.32
30.09
11.93
-31.31
29.83
24.05
-31.63
29.04
23.55
-31.59
29.51
11.36
-31.44
29.50
10.74
-31.26
29.18
10.25
-31.15
28.77
24.99
-31.62
28.05
24.50
-31.59
28.54
10.07
-31.20
28.21
25.81
-31.48
26.90
25.41
-31.52
27.50
10.23
-31.19
27.03
10.12
-31.25
27.50
26.11
-31.46
26.23
11.30
-31.77
26.33
10.64
-31.42
26.65
10.36
-31.52
27.13
26.35
-31.45
25.47
15.07
-32.00
24.93
14.37
-31.86
25.03
13.50
-31.76
25.20
12.61
-31.64
25.39
11.68
-31.44
25.67
10.99
-31.18
25.97
26.60
-31.43
24.69
16.16
-31.79
24.19
15.41
-31.69
24.43
14.44
-31.34
24.43
13.49
-31.27
24.67
12.65
-31.18
24.87
11.99
-31.08
25.07
27.27
-31.37
23.27
26.90
-31.40
23.94
18.14
-31.80
23.13
17.45
-31.65
23.33
16.51
-31.41
23.57
15.55
-31.20
23.82
14.82
-31.00
23.93
28.68
-30.76
21.81
28.17
-31.12
22.09
27.63
-31.37
22.66
20.14
-31.87
22.09
19.43
-31.68
22.30
18.50
-31.43
22.56
17.57
-31.19
22.80
16.87
-31.01
22.99
28.79
-30.80
21.38
28.27
-31.24
21.43
21.20
-31.65
21.18
20.45
-31.44
21.46
19.53
-31.16
21.75
18.84
-31.01
22.01
28.74
-30.81
20.91
28.16
-31.15
20.72
27.39
-31.44
20.47
26.76
-31.61
20.34
22.29
-31.55
20.41
21.57
-31.33
20.59
20.83
-31.09
20.84
27.98
-30.88
20.15
27.32
-31.04
19.96
26.42
-31.31
19.90
25.45
-31.33
19.73
24.51
-31.34
19.70
23.60
-31.32
19.76
22.68
-31.28
19.96
21.95
-31.02
20.04
20.77
-31.08
31.65
20.26
-30.93
31.78
19.39
-30.68
31.96
18.46
-30.66
32.16
17.56
-30.63
32.17
16.67
-30.58
32.04
15.81
-30.53
31.77
15.33
-30.17
31.61
21.78
-31.14
30.99
21.16
-30.91
31.29
20.45
-30.36
31.34
19.76
-30.20
31.57
15.27
-30.84
31.44
14.95
-30.32
31.32
22.88
-30.84
29.91
22.18
-30.80
30.46
21.43
-30.36
30.73
20.83
-30.04
30.87
14.86
-31.01
31.12
14.37
-30.63
30.87
13.46
-30.58
30.46
12.59
-30.56
30.18
11.70
-30.55
29.91
11.13
-30.27
29.73
23.99
-31.00
28.94
23.46
-30.74
29.30
11.21
-30.84
29.66
10.69
-30.51
29.41
10.00
-30.42
28.86
9.63
-30.07
28.69
24.89
-30.96
28.02
24.35
-30.67
28.41
23.76
-30.33
28.75
9.79
-30.55
28.24
9.53
-30.10
28.33
25.72
-30.66
26.87
25.22
-30.62
27.50
24.71
-30.29
27.87
10.09
-30.82
26.98
9.84
-30.45
27.46
9.55
-30.11
27.93
26.05
-30.58
26.22
10.35
-30.79
26.45
10.10
-30.26
26.57
26.34
-30.54
25.47
11.35
-30.89
25.33
10.76
-30.63
25.66
10.37
-30.11
25.79
26.65
-30.50
24.71
14.10
-30.87
24.05
13.40
-30.79
24.20
12.57
-30.69
24.41
11.71
-30.58
24.74
10.99
-30.11
24.92
10.55
-29.97
25.28
28.02
-30.06
22.95
27.56
-30.44
23.31
27.04
-30.47
24.00
16.16
-30.83
23.16
15.43
-30.67
23.34
14.46
-30.47
23.54
13.46
-30.32
23.72
12.60
-30.19
23.90
11.84
-30.06
24.12
11.33
-29.87
24.30
28.93
-30.20
21.92
28.35
-30.33
22.48
27.87
-30.74
22.83
18.15
-30.84
22.21
17.47
-30.66
22.38
16.54
-30.39
22.61
15.55
-30.16
22.85
14.82
-30.04
23.03
29.63
-29.80
21.08
29.24
-30.20
21.33
20.12
-30.80
21.06
19.41
-30.48
21.25
18.49
-30.43
21.71
17.63
-30.17
21.93
16.99
-30.02
22.11
29.61
-29.82
20.63
29.11
-30.33
20.66
28.59
-30.65
20.39
21.24
-30.74
20.23
20.51
-30.45
20.48
19.80
-30.13
20.73
29.55
-29.74
20.22
29.11
-30.00
20.06
28.35
-30.33
19.83
27.40
-30.40
19.41
26.42
-30.67
19.33
25.46
-30.78
19.25
24.51
-30.80
19.23
23.57
-30.77
19.28
22.64
-30.65
19.43
21.66
-30.37
19.64
20.91
-30.08
19.89
27.06
-30.00
18.93
26.34
-30.13
18.85
25.45
-30.21
18.78
24.51
-30.24
18.76
23.58
-30.21
18.81
22.71
-30.10
18.92
22.02
-29.94
19.07
19.07
-30.06
31.75
18.39
-29.96
31.87
17.50
-29.79
31.87
16.62
-29.84
31.88
15.88
-29.83
31.75
15.34
-29.75
31.57
20.15
-29.79
31.06
19.40
-29.62
31.28
18.50
-29.45
31.48
17.83
-29.37
31.57
14.91
-29.75
31.22
22.72
-30.31
29.73
22.20
-30.11
29.96
21.45
-29.78
30.19
20.55
-29.46
30.48
19.79
-29.25
30.72
14.32
-29.79
30.73
13.46
-29.82
30.34
12.59
-29.84
30.08
11.77
-29.85
29.88
11.13
-29.80
29.68
23.01
-30.06
29.25
22.34
-29.65
29.39
21.56
-29.25
29.51
20.87
-29.10
29.83
10.60
-29.82
29.34
9.99
-29.81
28.99
9.61
-29.73
28.73
24.09
-29.96
28.20
23.40
-29.65
28.49
22.53
-29.26
28.77
21.89
-29.00
28.93
9.67
-29.52
28.06
9.51
-29.69
28.34
25.63
-30.01
26.75
25.18
-29.73
27.07
24.44
-29.63
27.64
23.79
-29.33
27.86
9.78
-29.72
27.52
9.53
-29.82
27.95
25.85
-29.70
26.21
25.46
-29.37
26.53
10.07
-29.68
26.62
26.21
-29.62
25.46
10.62
-29.33
25.37
10.34
-29.60
25.78
26.58
-29.55
24.72
10.86
-29.49
24.81
10.51
-29.68
25.25
28.09
-29.36
23.02
27.55
-29.45
23.48
27.03
-29.51
24.05
14.11
-29.91
23.18
13.41
-29.79
23.29
12.62
-29.67
23.46
11.90
-29.57
23.69
11.35
-29.39
24.02
29.68
-29.13
21.66
29.28
-29.39
21.97
28.64
-29.40
22.54
16.18
-29.64
22.18
15.39
-29.55
22.43
14.45
-29.48
22.73
13.51
-29.25
22.88
12.68
-29.13
23.10
11.99
-29.10
23.37
11.58
-29.12
23.59
29.82
-29.27
21.23
29.50
-29.65
21.54
19.10
-29.85
20.97
18.39
-29.63
21.19
17.55
-29.56
21.53
16.80
-29.51
21.81
29.92
-29.26
20.57
20.19
-29.77
20.17
19.48
-29.46
20.45
18.74
-29.24
20.73
29.75
-29.28
19.99
29.23
-29.47
19.60
28.50
-29.62
19.23
27.78
-29.83
19.06
21.32
-29.70
19.29
20.59
-29.39
19.58
19.91
-29.12
19.90
28.16
-29.30
18.75
27.39
-29.45
18.58
26.39
-29.58
18.42
25.45
-29.65
18.32
24.51
-29.68
18.29
23.58
-29.64
18.34
22.67
-29.52
18.46
21.73
-29.28
18.70
21.02
-29.04
19.00
27.08
-29.01
18.10
26.36
-29.05
17.96
25.45
-29.08
17.84
24.51
-29.13
17.81
23.59
-29.10
17.85
22.75
-28.99
17.95
22.11
-28.89
18.14
17.16
-29.31
31.61
16.53
-29.31
31.59
15.86
-29.35
31.53
15.41
-29.41
31.46
19.06
-29.08
30.91
18.37
-28.98
31.04
17.48
-28.97
31.18
16.55
-28.92
31.10
15.76
-29.03
31.06
15.14
-29.28
31.07
20.15
-28.92
30.10
19.38
-28.74
30.30
18.43
-28.57
30.42
17.49
-28.47
30.35
16.51
-28.56
30.36
15.57
-28.75
30.34
14.60
-29.10
30.34
13.53
-29.21
29.96
12.59
-29.28
29.75
11.78
-29.34
29.61
11.20
-29.42
29.51
21.20
-28.79
29.16
20.48
-28.63
29.44
19.75
-28.47
29.69
17.17
-28.21
29.74
16.44
-28.25
29.51
15.48
-28.44
29.47
14.50
-28.65
29.42
13.51
-28.79
29.28
12.56
-28.89
29.16
11.66
-29.03
29.09
10.80
-29.29
29.06
10.04
-29.41
28.80
9.67
-29.47
28.72
23.12
-29.05
28.05
22.44
-28.80
28.21
21.55
-28.56
28.50
20.81
-28.39
28.78
16.17
-28.11
28.81
15.44
-28.19
28.53
14.44
-28.38
28.53
13.49
-28.51
28.46
12.53
-28.63
28.38
11.61
-28.78
28.34
10.75
-29.01
28.31
9.98
-29.28
28.26
9.63
-29.43
28.48
24.94
-29.12
26.82
24.34
-28.95
27.08
23.48
-28.76
27.42
22.55
-28.38
27.48
21.84
-28.28
27.79
15.15
-28.07
27.67
14.35
-28.20
27.68
13.47
-28.32
27.60
12.54
-28.44
27.49
11.62
-28.63
27.46
10.80
-28.90
27.46
10.16
-29.24
27.48
25.71
-29.04
25.96
25.21
-28.74
26.23
24.41
-28.37
26.39
23.53
-28.17
26.60
22.84
-28.10
26.85
14.99
-27.97
27.05
14.34
-28.04
26.94
13.51
-28.14
26.77
12.59
-28.26
26.46
11.63
-28.54
26.51
10.86
-28.87
26.55
10.32
-29.23
26.65
25.94
-28.75
25.39
25.50
-28.45
25.70
24.21
-27.98
26.03
23.75
-27.86
26.09
12.31
-28.19
25.56
11.60
-28.50
25.57
10.88
-28.95
25.62
10.44
-29.23
25.99
26.39
-28.62
24.67
12.23
-28.13
24.88
11.75
-28.40
24.63
11.16
-28.93
24.73
28.13
-28.46
23.07
27.51
-28.50
23.52
26.92
-28.54
24.05
11.81
-28.47
23.86
11.41
-28.91
23.99
29.79
-28.66
21.68
29.44
-28.44
22.05
28.76
-28.46
22.59
16.00
-29.13
21.87
15.35
-28.94
21.98
14.45
-28.69
22.14
13.54
-28.60
22.47
12.76
-28.50
22.83
12.04
-28.60
23.31
11.60
-28.87
23.57
30.49
-27.94
20.80
30.12
-28.35
21.21
29.85
-28.11
21.70
18.04
-29.07
20.97
17.38
-28.97
21.17
16.46
-28.85
21.44
15.53
-28.43
21.44
14.81
-28.33
21.65
30.58
-27.96
20.30
30.23
-28.56
20.43
19.10
-28.68
20.13
18.33
-28.67
20.53
17.44
-28.43
20.71
16.58
-28.28
20.88
15.88
-28.12
20.98
30.55
-27.89
19.64
30.06
-28.55
19.59
29.41
-28.91
19.18
28.84
-29.12
18.95
20.25
-28.57
19.25
19.64
-28.51
19.65
30.51
-27.73
19.09
30.07
-27.99
18.76
29.35
-28.43
18.60
28.54
-28.81
18.49
27.81
-28.92
18.28
21.36
-28.49
18.32
20.75
-28.43
18.74
29.81
-27.78
18.21
29.25
-27.97
18.02
28.43
-28.24
17.90
27.47
-28.51
17.79
26.48
-28.49
17.51
25.48
-28.46
17.29
24.50
-28.58
17.32
23.59
-28.55
17.36
22.69
-28.36
17.44
21.90
-28.33
17.82
25.13
-28.08
16.89
24.44
-28.11
16.87
23.64
-28.08
16.90
22.99
-28.00
16.98
19.08
-28.33
29.84
18.47
-28.24
29.87
17.85
-28.20
29.86
20.09
-28.25
29.03
19.37
-28.16
29.25
18.49
-28.02
29.22
17.59
-28.03
29.28
16.89
-28.04
29.07
21.11
-28.17
28.09
20.38
-28.07
28.35
19.43
-27.90
28.37
18.50
-27.82
28.38
17.57
-27.84
28.39
16.64
-27.94
28.38
15.96
-28.00
28.12
22.12
-28.02
27.11
21.39
-27.96
27.38
20.43
-27.80
27.42
19.47
-27.70
27.45
18.51
-27.66
27.46
17.55
-27.69
27.46
16.63
-27.78
27.45
15.80
-27.90
27.45
25.07
-28.24
25.89
24.66
-28.09
25.98
23.15
-27.80
26.23
22.41
-27.77
26.46
21.44
-27.62
26.45
20.45
-27.56
26.49
19.48
-27.53
26.51
18.50
-27.53
26.52
17.52
-27.57
26.52
16.53
-27.65
26.53
15.46
-27.79
26.56
14.51
-27.85
26.26
13.68
-27.94
26.09
13.05
-28.04
25.97
25.77
-28.11
25.13
25.24
-27.95
25.44
24.44
-27.72
25.62
23.48
-27.46
25.64
22.49
-27.35
25.66
21.50
-27.23
25.46
20.44
-27.32
25.57
19.46
-27.37
25.60
18.49
-27.40
25.61
17.50
-27.44
25.61
16.51
-27.49
25.60
15.51
-27.57
25.57
14.56
-27.65
25.45
13.69
-27.77
25.36
12.93
-27.95
25.35
26.05
-27.70
24.55
25.30
-27.34
24.81
24.52
-27.17
25.00
23.85
-27.08
25.10
21.12
-26.91
24.67
20.31
-27.08
24.76
19.42
-27.17
24.77
18.47
-27.22
24.77
17.49
-27.25
24.76
16.51
-27.28
24.75
15.52
-27.33
24.72
14.57
-27.41
24.65
13.66
-27.56
24.56
12.76
-27.84
24.49
12.21
-28.07
24.24
28.10
-27.52
23.06
27.42
-27.53
23.48
26.72
-27.57
23.96
20.84
-26.71
24.13
20.22
-26.82
24.09
19.39
-26.91
24.06
18.46
-26.96
24.03
17.49
-26.98
24.02
16.51
-27.00
24.00
15.53
-27.04
23.97
14.59
-27.12
23.89
13.72
-27.28
23.75
12.95
-27.58
23.47
12.28
-28.04
23.65
29.41
-27.51
22.14
28.77
-27.52
22.62
14.13
-28.18
21.85
13.53
-28.00
22.06
12.93
-27.70
22.54
12.35
-28.10
23.14
30.57
-27.43
20.82
30.24
-27.47
21.28
29.87
-27.49
21.74
15.17
-27.99
21.14
14.45
-27.89
21.35
13.66
-27.56
21.42
13.05
-27.15
21.49
12.78
-26.95
21.21
30.74
-27.35
20.27
18.89
-28.12
19.84
18.26
-28.02
20.05
17.42
-27.87
20.22
16.51
-27.75
20.39
15.53
-27.67
20.64
14.58
-27.42
20.72
13.77
-27.18
20.82
13.14
-26.91
20.91
12.80
-26.89
21.01
30.78
-27.23
19.58
19.98
-27.96
18.99
19.27
-27.73
19.30
18.33
-27.47
19.55
17.43
-27.31
19.72
16.51
-27.20
19.86
15.57
-27.07
20.01
14.67
-26.89
20.15
13.89
-26.79
20.35
13.40
-26.73
20.51
30.69
-27.20
18.89
30.38
-27.36
18.41
21.08
-27.88
18.05
20.40
-27.61
18.40
19.68
-27.30
18.71
29.98
-27.31
17.89
29.30
-27.36
17.46
28.41
-27.66
17.34
27.50
-27.85
17.20
26.59
-27.93
17.03
25.85
-28.01
16.94
22.28
-27.81
17.17
21.51
-27.53
17.45
20.79
-27.20
17.78
29.03
-26.97
16.95
28.35
-27.14
16.82
27.49
-27.28
16.67
26.52
-27.34
16.47
25.48
-27.62
16.53
24.50
-27.61
16.43
23.60
-27.58
16.47
22.71
-27.49
16.67
21.95
-27.06
16.73
26.14
-26.96
16.02
25.40
-27.02
15.95
24.50
-27.06
15.92
23.62
-27.02
15.97
22.81
-26.89
16.10
22.22
-26.75
16.27
23.20
-27.01
25.13
22.57
-26.95
25.08
21.96
-26.92
24.97
25.95
-26.94
24.18
25.31
-26.61
24.24
24.44
-26.61
24.48
23.54
-26.65
24.66
22.66
-26.56
24.53
21.80
-26.58
24.36
28.05
-26.60
22.98
27.31
-26.58
23.35
26.44
-26.57
23.74
25.73
-26.22
23.83
21.15
-26.33
23.70
20.27
-26.46
23.53
19.39
-26.55
23.44
18.46
-26.60
23.40
17.49
-26.62
23.37
16.51
-26.64
23.35
15.55
-26.67
23.31
14.63
-26.75
23.22
13.83
-26.89
23.07
13.28
-27.13
22.95
29.83
-26.32
21.68
29.45
-26.58
22.04
28.74
-26.59
22.55
20.96
-25.92
23.12
20.26
-26.02
22.99
19.40
-26.11
22.90
18.47
-26.15
22.84
17.50
-26.18
22.82
16.52
-26.20
22.78
15.56
-26.24
22.72
14.66
-26.32
22.59
13.83
-26.48
22.33
13.23
-26.97
22.32
30.57
-26.91
20.81
30.22
-26.55
21.24
29.88
-26.87
21.71
13.55
-26.28
21.71
13.11
-26.64
21.45
12.78
-26.79
21.20
30.75
-26.71
20.31
30.58
-26.16
20.55
13.07
-26.57
20.87
12.78
-26.76
21.00
30.87
-26.35
19.54
30.77
-25.95
20.01
18.98
-27.06
18.95
18.30
-26.90
19.10
17.44
-26.75
19.23
16.53
-26.63
19.36
15.64
-26.48
19.50
14.77
-26.21
19.69
13.94
-26.30
20.10
13.40
-26.42
20.42
30.83
-26.39
18.54
30.55
-26.82
18.15
20.07
-26.89
18.10
19.32
-26.61
18.39
18.37
-26.34
18.62
17.47
-26.15
18.76
16.58
-26.04
18.92
15.78
-25.93
19.08
15.20
-25.83
19.26
30.74
-26.05
17.72
30.27
-26.63
17.56
29.68
-26.81
17.19
21.12
-26.81
17.18
20.44
-26.46
17.49
19.71
-26.19
17.84
30.64
-25.80
17.17
30.19
-26.07
16.92
29.37
-26.38
16.61
28.43
-26.60
16.37
27.58
-26.76
16.22
26.87
-26.87
16.11
21.41
-26.41
16.63
20.84
-26.11
16.89
29.05
-25.98
16.05
28.36
-26.09
15.85
27.49
-26.27
15.72
26.52
-26.49
15.66
25.48
-26.40
15.38
24.51
-26.49
15.42
23.64
-26.43
15.48
22.76
-26.17
15.60
21.98
-26.21
16.06
25.14
-25.97
14.93
24.46
-25.98
14.96
23.72
-25.93
15.04
23.13
-25.82
15.15
25.03
-26.04
23.90
24.36
-26.05
23.99
23.54
-26.08
24.04
22.74
-26.11
24.00
22.12
-26.19
23.94
27.98
-25.76
22.84
27.26
-25.68
23.11
26.41
-25.64
23.35
25.39
-25.52
23.46
24.40
-25.53
23.50
23.52
-25.57
23.50
22.66
-25.68
23.46
21.84
-25.89
23.45
29.74
-25.84
21.66
29.30
-25.66
21.96
28.62
-25.70
22.44
24.96
-25.02
23.10
24.31
-25.02
23.05
23.47
-25.06
22.98
22.54
-25.17
22.88
21.42
-25.36
22.72
20.36
-25.51
22.53
19.42
-25.60
22.42
18.47
-25.64
22.36
17.50
-25.67
22.32
16.53
-25.69
22.27
15.59
-25.75
22.19
14.74
-25.86
22.07
14.11
-26.02
21.92
29.98
-25.56
21.25
29.56
-25.23
21.57
20.96
-24.96
22.21
20.28
-25.01
22.08
19.41
-25.06
21.98
18.48
-25.09
21.92
17.51
-25.11
21.86
16.55
-25.14
21.79
15.61
-25.22
21.67
14.73
-25.43
21.53
13.92
-25.77
21.33
13.38
-26.15
21.16
30.40
-25.37
20.58
13.80
-25.66
20.66
13.36
-26.10
20.74
30.94
-25.39
19.26
30.73
-25.30
19.93
14.62
-25.49
19.63
13.96
-25.73
20.14
13.49
-26.07
20.39
31.04
-25.39
18.45
19.02
-25.95
18.08
18.35
-25.74
18.20
17.49
-25.46
18.29
16.60
-25.39
18.53
15.83
-25.28
18.77
15.18
-25.30
19.14
31.01
-25.28
17.65
20.09
-25.60
17.14
19.33
-25.53
17.59
18.50
-25.23
17.78
17.84
-25.07
17.92
30.84
-25.20
16.93
30.33
-25.39
16.41
29.72
-25.75
16.23
21.22
-25.77
16.33
20.68
-25.45
16.57
30.06
-25.10
15.86
29.38
-25.43
15.71
28.45
-25.48
15.27
27.49
-25.72
15.14
26.59
-25.90
15.07
25.86
-25.94
14.97
22.35
-25.40
15.32
21.60
-25.43
15.84
21.02
-25.12
16.09
28.13
-25.13
14.73
27.41
-25.21
14.52
26.50
-25.41
14.51
25.50
-25.49
14.48
24.52
-25.45
14.52
23.70
-25.37
14.65
22.98
-25.28
14.88
27.11
-24.92
14.04
26.48
-25.00
13.99
25.83
-25.06
13.98
27.89
-25.13
22.67
27.28
-24.86
22.78
26.49
-24.87
22.98
25.75
-24.80
22.99
29.02
-24.99
21.92
28.36
-24.86
22.27
27.69
-24.40
22.36
25.15
-24.56
22.75
24.36
-24.50
22.59
23.50
-24.52
22.48
22.63
-24.60
22.37
21.80
-24.66
22.20
29.85
-24.83
21.10
29.31
-24.48
21.43
28.51
-24.19
21.81
27.91
-23.99
21.98
21.17
-24.49
21.88
20.34
-24.47
21.69
19.44
-24.48
21.57
18.49
-24.50
21.50
17.53
-24.53
21.42
16.58
-24.57
21.31
15.65
-24.63
21.10
14.83
-24.95
21.01
14.27
-25.26
20.96
30.17
-24.45
20.56
29.71
-24.12
20.93
15.38
-24.35
20.62
14.85
-24.62
20.39
14.23
-25.14
20.52
30.96
-24.45
19.14
30.64
-24.43
19.84
14.80
-24.73
19.72
14.26
-25.17
20.10
31.16
-24.43
18.36
17.19
-24.92
18.05
16.59
-24.76
18.19
15.91
-24.45
18.45
15.27
-24.57
19.04
31.25
-24.37
17.53
19.86
-24.98
16.89
19.26
-24.72
17.08
18.42
-24.61
17.38
17.55
-24.54
17.66
16.78
-24.24
17.79
16.27
-24.02
17.95
31.55
-23.72
16.18
31.21
-24.25
16.56
30.68
-24.71
16.14
20.20
-24.65
16.42
19.61
-24.38
16.63
31.53
-23.64
15.85
31.14
-23.99
15.80
30.40
-24.42
15.48
29.52
-24.78
15.16
28.84
-24.99
14.94
22.10
-24.64
15.01
21.44
-24.61
15.45
20.78
-24.49
15.86
30.11
-24.02
14.83
29.41
-24.22
14.51
28.51
-24.66
14.41
27.79
-24.80
14.19
25.15
-25.02
14.00
24.45
-24.90
14.02
23.65
-24.75
14.19
22.79
-24.47
14.45
29.06
-23.89
13.95
28.36
-24.10
13.71
27.43
-24.48
13.67
26.48
-24.55
13.47
25.51
-24.63
13.52
24.51
-24.34
13.40
23.69
-24.22
13.67
23.09
-24.03
13.88
28.03
-23.77
13.20
27.35
-23.90
13.02
26.47
-23.97
12.80
25.59
-24.09
12.84
24.84
-23.95
12.80
26.13
-23.64
12.40
25.55
-23.66
12.39
25.00
-23.63
12.42
26.97
-24.35
22.61
26.45
-24.32
22.65
25.90
-24.34
22.67
27.15
-23.99
22.25
26.39
-23.85
22.21
25.48
-23.99
22.27
24.47
-23.94
22.07
23.53
-23.98
21.95
22.67
-24.09
21.90
22.00
-24.20
21.85
29.07
-23.56
21.17
28.38
-23.45
21.46
27.50
-23.44
21.71
26.44
-23.19
21.54
25.46
-23.35
21.58
24.49
-23.33
21.41
23.48
-23.40
21.34
22.52
-23.62
21.41
21.53
-23.88
21.46
20.46
-23.87
21.27
19.48
-23.89
21.16
18.52
-23.91
21.07
17.57
-23.95
20.98
16.68
-24.02
20.87
16.00
-24.15
20.79
30.11
-23.50
20.31
29.59
-23.43
20.76
26.00
-22.78
21.11
25.40
-22.90
21.09
24.79
-22.96
21.05
23.11
-23.08
20.96
22.39
-23.14
20.93
21.47
-23.23
20.89
20.49
-23.27
20.80
19.50
-23.30
20.71
18.53
-23.33
20.62
17.58
-23.39
20.50
16.64
-23.49
20.31
15.77
-23.89
20.32
15.25
-24.09
20.09
30.96
-23.48
19.07
30.58
-23.49
19.73
16.32
-23.23
19.83
15.78
-23.51
19.73
15.30
-23.89
19.53
31.24
-23.47
18.34
15.84
-23.65
18.38
15.43
-23.85
18.94
31.44
-23.43
17.56
18.99
-24.17
16.81
18.36
-24.00
16.96
17.57
-23.86
17.17
16.85
-23.65
17.37
16.28
-23.35
17.67
31.76
-23.16
16.17
31.58
-23.34
16.78
19.99
-24.01
16.10
19.32
-23.83
16.36
18.44
-23.40
16.43
17.60
-23.28
16.69
16.92
-23.11
16.90
16.49
-22.93
17.11
31.72
-23.11
15.58
31.25
-23.51
15.33
30.74
-23.79
15.11
21.85
-24.05
14.81
21.29
-23.89
15.10
20.43
-23.58
15.49
19.50
-23.24
15.79
18.81
-23.04
15.97
31.71
-22.82
15.13
31.25
-23.06
14.88
30.48
-23.37
14.52
29.77
-23.65
14.22
22.15
-23.63
14.29
21.41
-23.32
14.65
20.80
-23.08
14.92
30.07
-23.05
13.96
29.39
-23.29
13.67
28.71
-23.56
13.43
24.11
-23.91
13.08
23.56
-23.72
13.24
22.82
-23.36
13.53
28.97
-22.99
13.17
28.34
-23.23
12.97
27.45
-23.24
12.56
26.77
-23.49
12.46
24.31
-23.61
12.68
23.70
-23.31
12.74
23.15
-22.93
12.85
26.99
-22.94
12.21
26.35
-23.14
12.16
25.51
-23.11
12.10
24.65
-23.14
12.24
23.87
-22.87
12.32
23.39
-22.69
12.45
28.95
-22.91
20.96
28.37
-22.65
21.07
27.57
-22.65
21.21
26.79
-22.52
21.09
24.23
-23.00
21.02
23.72
-23.03
20.99
30.00
-22.62
20.17
29.36
-22.54
20.60
28.75
-22.24
20.78
26.11
-22.24
20.74
25.30
-22.44
20.67
24.44
-22.63
20.70
23.44
-22.69
20.64
22.45
-22.63
20.49
21.48
-22.65
20.42
20.50
-22.68
20.34
19.52
-22.71
20.25
18.56
-22.76
20.14
17.65
-22.86
20.01
16.95
-23.02
19.93
30.93
-22.51
19.03
30.49
-22.54
19.67
25.76
-21.86
20.38
25.19
-21.91
20.29
24.38
-21.98
20.21
23.45
-22.02
20.14
22.48
-22.02
20.06
21.50
-22.03
19.98
20.52
-22.05
19.90
19.54
-22.09
19.79
18.57
-22.17
19.63
17.58
-22.31
19.41
16.65
-22.78
19.40
15.93
-23.15
19.22
15.53
-23.44
19.20
31.27
-22.49
18.33
17.23
-22.03
18.86
16.61
-22.29
18.56
15.98
-22.98
18.52
15.57
-23.39
18.88
31.54
-22.47
17.59
16.44
-22.11
17.88
16.25
-22.52
17.61
31.98
-22.35
16.14
31.77
-22.43
16.84
18.14
-22.88
16.13
17.55
-22.74
16.28
16.94
-22.56
16.49
16.48
-22.32
16.82
32.37
-22.06
15.20
32.13
-22.27
15.44
20.13
-22.82
15.14
19.40
-22.52
15.31
18.48
-22.50
15.70
17.65
-22.23
15.86
17.01
-22.03
16.07
16.62
-21.96
16.32
32.32
-22.04
15.02
32.00
-22.22
14.95
31.43
-22.43
14.55
30.82
-22.57
14.18
21.90
-22.92
14.01
21.34
-22.68
14.28
20.55
-22.35
14.61
19.78
-22.12
14.87
30.31
-22.45
13.73
29.71
-22.52
13.36
22.20
-22.43
13.46
21.49
-22.11
13.86
20.96
-21.93
14.14
29.16
-22.40
12.95
28.47
-22.45
12.61
27.76
-22.50
12.30
22.78
-22.25
12.80
27.14
-22.35
12.03
26.36
-22.36
11.88
25.50
-22.35
11.83
24.64
-22.32
11.91
23.87
-22.22
12.06
23.27
-22.16
12.34
28.15
-22.07
20.88
27.58
-22.03
20.90
27.01
-22.02
20.84
29.95
-21.90
20.06
29.44
-21.56
20.29
28.49
-21.56
20.59
27.57
-21.41
20.60
26.65
-21.52
20.51
30.87
-21.52
19.03
30.32
-21.55
19.69
29.91
-21.29
19.98
25.92
-21.38
20.22
25.24
-21.29
20.02
24.39
-21.30
19.86
23.46
-21.33
19.76
22.49
-21.35
19.68
21.52
-21.37
19.60
20.55
-21.40
19.50
19.59
-21.44
19.35
18.63
-21.52
19.13
17.92
-21.78
19.06
31.27
-21.51
18.33
18.23
-21.25
18.71
17.59
-21.52
18.58
16.98
-21.62
18.13
31.58
-21.49
17.60
16.64
-21.56
17.49
16.37
-21.89
17.25
32.12
-21.47
16.12
31.86
-21.48
16.86
16.60
-21.27
16.90
16.46
-21.61
16.69
32.42
-21.80
15.15
32.30
-21.51
15.35
19.07
-21.94
15.09
18.43
-21.82
15.27
17.71
-21.61
15.46
17.07
-21.35
15.74
16.62
-21.50
16.18
32.37
-21.78
14.94
32.16
-21.45
14.67
31.53
-21.80
14.22
31.00
-22.01
13.94
20.21
-21.45
14.34
19.39
-21.47
14.71
18.54
-21.21
14.90
17.83
-21.03
15.10
17.36
-20.93
15.32
31.97
-20.98
14.04
31.42
-21.26
13.76
30.63
-21.63
13.43
29.94
-21.92
13.16
22.04
-21.46
13.16
21.43
-21.36
13.59
20.82
-21.32
13.96
30.19
-21.22
12.90
29.49
-21.59
12.72
28.59
-21.63
12.29
27.93
-21.89
12.12
22.59
-21.41
12.66
28.17
-21.22
11.94
27.44
-21.53
11.83
26.45
-21.52
11.65
25.52
-21.50
11.60
24.64
-21.45
11.68
23.84
-21.40
11.88
23.17
-21.38
12.21
29.87
-20.24
19.87
29.40
-20.57
20.11
28.48
-20.59
20.31
27.55
-20.57
20.32
26.59
-20.58
20.17
26.03
-20.24
19.93
30.83
-20.54
18.99
30.27
-20.53
19.61
29.89
-20.78
19.93
25.98
-20.82
20.06
25.42
-20.49
19.81
24.43
-20.54
19.58
23.47
-20.59
19.44
22.50
-20.64
19.33
21.54
-20.69
19.24
20.61
-20.74
19.12
19.68
-20.75
18.89
18.92
-21.00
18.82
31.25
-20.52
18.32
19.26
-20.37
18.38
18.50
-20.75
18.37
17.73
-20.96
18.07
17.22
-21.16
17.85
31.60
-20.51
17.61
19.04
-20.05
17.94
18.45
-20.24
17.76
17.71
-20.45
17.41
17.08
-20.95
17.33
32.22
-20.51
16.13
31.91
-20.50
16.87
17.43
-20.24
16.80
16.94
-20.69
16.57
16.59
-21.12
16.43
32.45
-20.49
15.38
17.00
-20.65
15.83
16.64
-21.08
16.11
32.87
-19.78
14.28
32.55
-20.31
14.58
20.04
-20.67
14.10
19.34
-20.64
14.37
18.58
-20.49
14.59
17.90
-20.35
14.86
17.37
-20.40
15.24
32.77
-19.74
13.91
32.24
-20.17
13.73
31.48
-20.62
13.37
30.86
-20.90
13.12
21.92
-20.60
12.99
21.33
-20.52
13.37
20.65
-20.53
13.76
31.93
-19.87
13.18
31.34
-20.09
12.91
30.45
-20.43
12.59
29.54
-20.80
12.33
28.87
-20.98
12.11
22.45
-20.51
12.54
29.99
-20.01
12.11
29.35
-20.20
11.92
28.47
-20.52
11.73
27.46
-20.63
11.49
26.49
-20.67
11.36
25.54
-20.63
11.34
24.62
-20.54
11.45
23.79
-20.50
11.71
23.07
-20.49
12.08
29.82
-19.67
19.79
29.24
-19.75
19.99
28.45
-19.77
20.10
27.58
-19.77
20.09
26.76
-19.78
19.98
26.09
-19.69
19.78
30.79
-19.61
18.92
30.27
-19.63
19.45
25.38
-19.57
19.49
24.41
-19.75
19.28
23.46
-19.84
19.11
22.49
-19.91
18.96
21.55
-20.04
18.86
20.70
-20.17
18.75
20.06
-20.28
18.66
31.21
-19.56
18.30
25.07
-18.99
19.14
24.36
-19.05
18.97
23.47
-19.10
18.76
22.44
-19.12
18.49
21.48
-19.43
18.40
20.61
-19.65
18.28
19.84
-19.96
18.26
31.58
-19.53
17.60
21.97
-18.78
18.10
21.33
-18.90
17.93
20.43
-19.07
17.65
19.45
-19.57
17.63
18.61
-19.75
17.30
18.01
-19.93
17.05
32.34
-19.53
16.16
31.96
-19.52
16.88
19.98
-18.80
17.15
19.35
-19.01
16.98
18.58
-19.27
16.73
17.80
-19.62
16.44
17.28
-20.01
16.20
32.65
-19.61
15.47
17.63
-19.36
15.83
17.32
-19.77
15.65
33.45
-18.75
14.21
33.16
-19.21
14.37
32.88
-19.56
14.87
19.92
-20.07
13.93
19.35
-19.93
14.10
18.66
-19.75
14.32
18.02
-19.50
14.63
17.51
-19.70
15.11
33.43
-18.74
13.89
33.07
-19.17
13.77
32.59
-19.40
13.38
21.81
-19.90
12.87
21.26
-19.59
13.13
20.34
-19.63
13.59
19.51
-19.29
13.81
18.81
-19.10
14.03
18.34
-19.01
14.25
32.13
-19.31
12.93
31.47
-19.38
12.55
30.76
-19.52
12.23
22.22
-19.55
12.48
21.70
-19.22
12.76
30.15
-19.39
11.84
29.38
-19.49
11.53
28.46
-19.56
11.20
27.46
-19.80
11.06
26.50
-19.89
11.00
25.56
-19.80
11.00
24.60
-19.56
11.11
23.72
-19.54
11.49
22.95
-19.54
11.94
28.13
-19.05
10.75
27.40
-19.11
10.57
26.51
-19.24
10.57
25.63
-19.11
10.56
24.93
-19.04
10.71
27.10
-18.75
10.22
26.51
-18.78
10.20
25.92
-18.75
10.22
29.74
-19.16
19.68
29.21
-19.09
19.79
28.44
-19.06
19.84
27.59
-19.06
19.81
26.80
-19.15
19.75
26.26
-19.24
19.67
30.67
-18.78
18.83
30.05
-18.80
19.31
29.30
-18.53
19.46
28.48
-18.43
19.50
27.55
-18.37
19.42
26.67
-18.62
19.42
25.94
-18.94
19.40
31.09
-18.65
18.25
27.16
-17.94
19.12
26.45
-18.08
19.06
25.49
-18.36
18.98
24.50
-18.33
18.70
23.61
-18.36
18.46
22.78
-18.37
18.20
31.52
-18.57
17.58
22.13
-18.27
17.87
21.45
-18.30
17.56
20.75
-18.38
17.25
32.91
-18.06
15.75
32.52
-18.50
16.11
31.98
-18.53
16.87
20.17
-18.28
16.82
19.41
-18.37
16.43
18.65
-18.72
16.22
18.09
-19.02
16.03
33.52
-17.96
14.85
33.21
-18.20
15.25
32.88
-18.84
15.48
19.15
-18.02
15.95
18.60
-18.26
15.71
17.97
-18.74
15.45
17.55
-19.21
15.36
33.57
-18.22
14.38
33.29
-18.69
14.77
33.05
-19.04
15.05
17.98
-18.71
14.76
17.60
-19.18
15.05
33.55
-18.19
13.71
33.18
-18.60
13.38
32.78
-18.86
13.13
21.02
-18.73
12.98
20.32
-18.71
13.29
19.57
-18.53
13.53
18.88
-18.39
13.81
18.36
-18.44
14.19
33.48
-17.88
13.26
33.12
-18.11
12.98
32.45
-18.49
12.67
31.59
-18.57
12.17
30.94
-18.88
11.96
22.15
-18.62
12.22
21.55
-18.57
12.62
31.18
-18.21
11.71
30.45
-18.52
11.49
29.53
-18.79
11.18
28.84
-18.94
10.95
24.25
-18.86
10.93
23.58
-18.58
11.19
22.82
-18.61
11.73
30.11
-18.04
11.00
29.43
-18.19
10.74
28.52
-18.45
10.48
27.77
-18.64
10.32
25.29
-18.62
10.32
24.61
-18.43
10.49
23.96
-18.18
10.72
28.09
-18.04
10.02
27.37
-18.28
9.97
26.51
-18.28
9.87
25.66
-18.28
9.97
24.98
-18.03
10.04
30.57
-18.17
18.70
30.07
-18.05
18.94
29.35
-17.90
19.09
28.56
-17.85
19.16
27.87
-17.86
19.15
30.81
-17.76
18.20
30.14
-17.43
18.50
29.36
-17.29
18.69
28.48
-17.28
18.78
27.50
-17.42
18.84
26.49
-17.41
18.71
25.52
-17.49
18.57
24.57
-17.53
18.36
23.70
-17.64
18.17
22.97
-17.70
17.94
31.35
-17.64
17.52
22.33
-17.62
17.59
21.57
-17.59
17.17
20.94
-17.84
16.97
32.90
-17.47
15.79
32.44
-17.53
16.23
31.88
-17.57
16.85
21.21
-17.21
16.71
20.51
-17.52
16.48
19.80
-17.78
16.21
33.59
-17.42
14.86
33.27
-17.42
15.32
20.13
-17.16
15.97
19.48
-17.43
15.72
18.76
-17.59
15.24
18.28
-18.01
15.08
33.73
-17.40
14.33
18.59
-17.34
14.74
18.30
-17.77
14.58
33.73
-17.37
13.70
20.87
-18.15
12.82
20.32
-18.00
13.00
19.62
-17.79
13.22
18.96
-17.50
13.55
18.47
-17.70
14.06
33.57
-17.30
13.15
33.14
-17.37
12.66
32.49
-17.56
12.19
31.87
-17.89
11.95
21.96
-17.83
12.00
21.23
-17.78
12.42
20.44
-17.42
12.61
19.72
-17.17
12.81
19.21
-17.02
13.07
32.13
-17.19
11.72
31.48
-17.51
11.48
30.79
-17.82
11.25
23.18
-17.76
11.04
22.56
-17.78
11.51
31.11
-17.14
11.01
30.42
-17.41
10.78
29.54
-17.46
10.32
28.81
-17.76
10.14
24.33
-17.78
10.22
23.71
-17.54
10.48
29.14
-17.09
9.88
28.36
-17.33
9.66
27.39
-17.59
9.52
26.51
-17.65
9.46
25.63
-17.59
9.53
24.70
-17.34
9.71
23.98
-17.13
9.99
27.93
-16.90
9.21
27.30
-16.99
9.11
26.50
-17.03
9.06
25.71
-17.00
9.11
25.08
-16.92
9.23
30.72
-17.04
17.91
30.17
-16.72
18.04
29.35
-16.65
18.27
28.46
-16.61
18.37
27.50
-16.64
18.41
26.52
-16.66
18.35
25.57
-16.69
18.22
24.58
-16.67
17.97
23.69
-16.99
17.85
23.10
-17.19
17.72
31.07
-16.73
17.39
30.53
-16.41
17.63
24.11
-16.11
17.54
23.43
-16.48
17.47
22.66
-16.89
17.34
21.93
-16.99
17.00
32.86
-16.88
15.75
32.38
-16.62
16.09
31.69
-16.61
16.71
23.79
-15.81
17.26
23.28
-15.95
17.11
22.52
-16.18
16.85
21.57
-16.49
16.47
20.83
-16.85
16.22
33.56
-16.85
14.85
33.19
-16.58
15.27
32.71
-16.22
15.63
21.06
-16.16
15.91
20.42
-16.52
15.72
19.62
-16.64
15.21
19.05
-16.97
14.95
33.70
-16.56
14.36
33.45
-16.23
14.77
19.35
-16.31
14.70
18.86
-16.72
14.41
18.50
-17.20
14.31
33.78
-16.55
13.65
18.82
-16.66
13.66
18.53
-17.17
14.00
33.62
-16.52
13.02
33.19
-16.48
12.36
32.72
-16.84
12.01
21.83
-17.26
11.74
21.25
-17.05
11.93
20.48
-16.80
12.14
19.67
-16.48
12.35
19.05
-16.40
12.88
32.89
-16.12
11.81
32.37
-16.47
11.49
31.76
-16.82
11.25
22.86
-17.19
10.91
22.23
-16.99
11.22
21.38
-16.47
11.31
20.55
-16.30
11.62
19.91
-16.16
11.80
32.01
-16.11
10.98
31.39
-16.48
10.78
30.55
-16.57
10.32
29.87
-16.83
10.10
23.14
-16.89
10.43
22.42
-16.37
10.51
21.74
-16.14
10.75
30.20
-16.18
9.88
29.51
-16.44
9.67
28.73
-16.50
9.31
24.29
-16.55
9.37
23.53
-16.49
9.81
22.83
-16.11
9.96
28.11
-16.33
8.95
27.33
-16.37
8.76
26.50
-16.39
8.70
25.66
-16.38
8.76
24.88
-16.36
8.96
29.95
-16.19
17.79
29.31
-16.05
17.89
28.45
-15.93
17.96
27.50
-15.92
18.03
26.55
-15.94
18.01
25.66
-15.99
17.93
24.96
-16.04
17.80
30.92
-16.04
17.09
30.27
-15.85
17.38
29.44
-15.51
17.46
28.51
-15.19
17.50
27.47
-15.22
17.65
26.52
-15.25
17.68
25.59
-15.32
17.61
24.65
-15.49
17.45
32.09
-15.88
16.02
31.36
-15.58
16.45
30.41
-15.20
16.83
29.60
-14.96
17.04
28.97
-14.82
17.16
23.96
-15.36
17.14
23.35
-15.31
16.85
22.59
-15.40
16.48
21.85
-15.58
16.10
33.02
-15.87
15.14
32.47
-15.48
15.46
31.84
-15.18
15.85
21.18
-15.47
15.55
20.47
-15.82
15.26
19.91
-16.02
14.98
33.63
-15.78
14.12
33.28
-15.59
14.62
32.85
-15.18
14.88
20.89
-15.05
15.07
20.36
-15.30
14.82
19.65
-15.62
14.47
19.11
-15.96
14.13
33.74
-15.79
13.55
19.36
-15.25
13.98
18.92
-15.57
13.52
33.64
-15.74
12.97
33.34
-15.55
12.37
19.26
-15.88
12.07
18.65
-15.46
12.44
17.90
-14.92
11.92
17.54
-14.73
11.68
32.97
-15.39
11.61
32.55
-15.75
11.25
21.06
-15.96
10.96
20.40
-15.84
11.14
19.54
-15.70
11.41
18.66
-15.34
11.48
17.95
-15.00
11.36
17.48
-14.68
11.31
32.72
-15.05
11.05
32.21
-15.36
10.68
31.46
-15.75
10.36
30.85
-15.95
10.10
22.12
-15.82
10.16
21.38
-15.63
10.37
20.44
-15.43
10.53
19.51
-15.24
10.56
18.64
-15.10
10.71
17.94
-14.88
10.74
17.47
-14.59
10.76
31.88
-14.99
10.14
31.32
-15.20
9.90
30.52
-15.52
9.64
29.61
-15.61
9.20
28.92
-15.87
9.02
24.07
-15.97
9.07
23.42
-15.81
9.30
22.53
-15.50
9.57
21.77
-15.31
9.81
19.19
-14.91
10.09
18.57
-14.80
10.12
17.93
-14.62
10.18
17.52
-14.49
10.33
29.18
-15.24
8.74
28.41
-15.51
8.58
27.40
-15.68
8.40
26.49
-15.72
8.35
25.57
-15.68
8.41
24.52
-15.54
8.59
23.57
-15.28
8.81
22.87
-15.07
8.99
28.05
-15.03
8.14
27.35
-15.07
8.03
26.49
-15.08
7.98
25.62
-15.05
8.03
24.89
-15.01
8.15
28.16
-14.50
17.20
27.36
-14.54
17.33
26.48
-14.55
17.37
25.56
-14.59
17.31
24.62
-14.63
17.13
24.12
-14.35
16.89
31.08
-14.60
16.09
30.35
-14.43
16.42
29.55
-14.30
16.70
28.78
-14.29
16.94
24.05
-14.83
16.99
23.58
-14.51
16.69
22.62
-14.51
16.15
22.03
-14.95
15.90
32.20
-14.61
15.16
31.63
-14.50
15.61
22.01
-14.20
15.59
21.59
-14.75
15.47
33.55
-15.27
13.91
33.24
-14.94
14.13
32.70
-14.51
14.52
21.60
-14.04
15.19
21.06
-14.40
14.89
20.40
-14.74
14.55
19.87
-14.97
14.31
33.59
-15.15
13.48
33.24
-14.46
13.45
32.85
-14.11
13.92
20.69
-14.20
14.50
20.24
-14.33
14.29
19.55
-14.58
13.98
18.81
-14.58
13.45
33.60
-15.15
13.00
33.34
-14.63
12.56
18.27
-14.58
12.76
17.63
-14.35
12.19
17.41
-14.46
11.78
33.12
-14.47
11.64
17.31
-14.11
11.88
17.21
-14.19
11.46
32.85
-14.37
10.91
32.45
-14.50
10.39
21.08
-15.16
9.96
20.46
-15.05
10.02
19.83
-14.97
10.07
17.17
-14.11
10.74
32.02
-14.39
9.87
31.37
-14.55
9.49
30.58
-14.71
9.12
29.90
-14.97
8.93
22.15
-14.92
9.22
21.39
-14.86
9.47
20.46
-14.66
9.52
19.53
-14.62
9.65
18.65
-14.41
9.61
17.88
-14.12
9.67
17.35
-14.07
10.14
30.21
-14.38
8.64
29.51
-14.62
8.45
28.77
-14.87
8.29
24.18
-14.89
8.28
23.48
-14.70
8.41
22.52
-14.44
8.62
21.44
-14.26
8.85
20.48
-14.14
8.97
19.57
-14.07
9.05
18.75
-13.97
9.11
18.16
-13.85
9.20
29.11
-14.27
7.97
28.37
-14.49
7.88
27.43
-14.46
7.67
26.50
-14.43
7.61
25.55
-14.39
7.66
24.55
-14.42
7.88
23.65
-14.18
8.00
22.99
-14.05
8.14
27.97
-13.98
16.98
27.31
-13.91
17.05
26.46
-13.87
17.09
25.57
-13.88
17.05
24.75
-13.92
16.94
24.20
-13.93
16.81
30.92
-13.94
15.81
30.29
-13.62
16.01
29.41
-13.54
16.36
28.40
-13.54
16.67
27.42
-13.26
16.75
26.48
-13.16
16.81
25.55
-13.15
16.81
24.65
-13.25
16.72
23.77
-13.54
16.55
22.82
-13.52
16.09
31.94
-14.00
14.99
31.34
-13.62
15.29
30.69
-13.26
15.57
22.13
-13.49
15.61
32.24
-13.77
14.48
31.74
-13.20
14.60
21.62
-13.55
15.18
20.98
-13.63
14.79
20.30
-13.37
14.53
19.56
-13.23
14.31
18.88
-13.09
14.10
32.96
-13.56
13.14
32.52
-13.38
13.79
32.06
-12.98
14.09
20.67
-13.88
14.47
20.20
-13.84
14.28
19.47
-13.81
14.01
18.53
-13.60
13.58
17.82
-13.30
13.20
33.13
-13.54
12.39
18.07
-13.92
12.96
17.47
-13.57
12.57
16.99
-13.17
12.19
33.11
-13.49
11.51
17.21
-13.73
12.00
16.94
-13.45
11.57
32.91
-13.46
10.59
32.58
-13.83
10.14
16.88
-13.42
10.69
32.72
-13.12
9.91
32.24
-13.51
9.49
31.47
-13.91
9.08
30.88
-14.15
8.86
17.49
-13.47
9.38
17.05
-13.39
9.92
31.93
-13.03
8.71
31.31
-13.44
8.52
30.54
-13.84
8.35
29.83
-14.05
8.13
22.16
-13.71
8.16
21.35
-13.66
8.35
20.46
-13.58
8.46
19.55
-13.52
8.55
18.70
-13.44
8.68
17.96
-13.38
8.92
31.70
-12.79
8.22
31.21
-12.95
7.95
30.40
-13.21
7.62
29.43
-13.70
7.60
28.44
-13.82
7.37
27.48
-13.84
7.23
26.53
-13.79
7.17
25.52
-13.63
7.16
24.52
-13.66
7.39
23.61
-13.57
7.59
22.80
-13.55
7.83
30.03
-12.91
7.04
29.33
-13.12
6.93
28.44
-13.25
6.80
27.51
-13.29
6.73
26.62
-13.27
6.72
25.89
-13.20
6.76
30.02
-12.96
15.81
29.33
-12.70
15.99
28.40
-12.63
16.27
27.44
-12.45
16.43
26.48
-12.36
16.54
25.52
-12.35
16.58
24.58
-12.40
16.54
23.65
-12.51
16.38
22.72
-12.57
16.06
31.01
-12.87
15.07
30.38
-12.58
15.36
29.72
-12.33
15.61
21.93
-12.71
15.62
21.20
-12.44
15.40
20.43
-12.26
15.24
19.62
-12.10
15.10
18.93
-11.95
14.95
31.28
-12.43
14.52
30.68
-12.16
14.86
21.58
-13.07
15.26
21.07
-12.98
15.05
20.35
-12.81
14.86
19.53
-12.65
14.67
18.55
-12.44
14.42
17.61
-12.15
14.12
16.90
-11.82
13.90
16.47
-11.60
13.71
32.80
-12.86
12.94
32.42
-12.52
13.32
31.87
-12.36
13.87
18.19
-12.92
13.83
17.51
-12.71
13.46
16.83
-12.21
13.29
16.37
-11.76
13.26
32.93
-12.52
12.33
32.61
-12.16
12.79
17.19
-12.93
12.83
16.66
-12.48
12.45
16.30
-11.90
12.72
33.09
-12.50
11.43
16.55
-12.64
11.50
33.04
-12.47
10.54
16.53
-12.64
10.58
32.84
-12.38
9.68
32.51
-12.76
9.26
17.21
-12.89
9.14
16.63
-12.48
9.58
16.21
-11.88
9.34
32.69
-12.05
9.07
32.31
-12.36
8.66
21.98
-13.23
7.83
21.31
-13.13
7.90
20.44
-13.04
7.98
19.53
-12.96
8.07
18.60
-12.85
8.22
17.62
-12.64
8.52
16.73
-12.04
8.67
16.22
-11.71
8.89
31.87
-12.33
8.05
31.32
-12.31
7.49
30.69
-12.64
7.22
25.15
-13.12
6.83
24.40
-13.03
6.94
23.48
-12.95
7.15
22.44
-12.90
7.41
21.43
-12.63
7.43
20.48
-12.51
7.50
19.55
-12.41
7.58
18.64
-12.27
7.68
17.72
-11.94
7.79
16.98
-11.75
8.09
30.96
-12.02
6.87
30.30
-12.34
6.60
29.36
-12.59
6.35
28.44
-12.74
6.24
27.50
-12.79
6.20
26.56
-12.77
6.24
25.53
-12.72
6.38
24.47
-12.41
6.37
23.46
-12.32
6.62
22.48
-12.20
6.81
21.49
-12.02
6.91
20.51
-11.93
7.02
19.59
-11.86
7.13
18.76
-11.78
7.24
18.13
-11.66
7.35
29.99
-12.00
5.97
29.31
-12.08
5.71
28.41
-12.26
5.67
27.50
-12.30
5.66
26.57
-12.26
5.69
25.62
-12.10
5.72
24.85
-12.04
5.89
29.02
-11.75
5.26
28.35
-11.79
5.19
27.50
-11.79
5.18
26.64
-11.77
5.23
25.94
-11.73
5.31
29.05
-12.09
15.80
28.38
-11.86
15.93
27.45
-11.54
16.08
26.45
-11.50
16.28
25.48
-11.48
16.38
24.51
-11.50
16.40
23.52
-11.54
16.31
22.42
-11.58
16.10
21.44
-11.22
16.00
20.55
-11.04
15.91
19.74
-10.93
15.81
19.10
-10.84
15.68
30.06
-11.92
15.16
29.41
-11.73
15.42
28.58
-11.20
15.51
27.84
-11.06
15.75
21.89
-12.04
15.82
21.27
-11.84
15.72
20.47
-11.67
15.61
19.61
-11.51
15.48
18.64
-11.26
15.28
17.71
-11.02
15.03
17.13
-10.86
14.82
31.05
-11.59
14.17
30.35
-11.48
14.67
29.58
-11.12
14.95
29.00
-10.88
15.13
18.23
-11.78
14.79
17.57
-11.56
14.61
16.84
-11.19
14.38
16.30
-11.13
13.86
32.18
-11.82
13.19
31.67
-11.50
13.54
16.04
-11.22
13.23
32.82
-11.55
12.07
32.40
-11.45
12.70
31.96
-11.14
13.04
16.25
-11.95
12.10
15.96
-11.41
12.40
33.04
-11.55
11.31
16.18
-11.97
11.42
15.83
-11.33
11.47
33.10
-11.52
10.48
16.16
-11.97
10.62
15.80
-11.33
10.57
32.99
-11.46
9.65
16.20
-11.96
9.93
15.86
-11.39
9.64
32.76
-11.39
8.90
32.37
-11.56
8.26
32.13
-11.37
7.80
16.34
-11.48
8.39
15.81
-11.13
8.72
15.44
-10.68
8.44
32.02
-11.82
7.90
31.75
-11.54
7.41
17.34
-11.23
7.46
16.57
-11.17
7.87
15.88
-10.82
8.10
15.49
-10.59
8.17
31.19
-11.36
6.58
30.61
-11.76
6.26
24.12
-11.91
6.03
23.41
-11.74
6.14
22.51
-11.56
6.29
21.53
-11.28
6.37
20.49
-11.28
6.60
19.57
-11.25
6.74
18.73
-11.20
6.90
17.99
-11.16
7.11
30.83
-10.99
5.82
30.27
-11.50
5.69
29.67
-11.65
5.43
25.22
-11.65
5.44
24.48
-11.56
5.61
23.55
-11.13
5.62
22.63
-11.00
5.85
21.97
-10.90
6.00
30.58
-10.74
5.35
30.09
-10.97
5.15
29.33
-11.26
5.00
28.43
-11.23
4.81
27.51
-11.17
4.77
26.55
-11.18
4.86
25.58
-11.22
5.06
24.67
-11.01
5.16
24.02
-10.83
5.24
27.11
-10.86
15.93
26.38
-10.61
16.03
25.43
-10.59
16.18
24.47
-10.60
16.27
23.49
-10.60
16.26
22.48
-10.57
16.20
21.51
-10.43
16.14
20.58
-10.31
16.08
19.73
-10.25
15.99
18.98
-10.25
15.84
28.23
-10.45
15.29
27.48
-10.43
15.61
26.80
-10.20
15.76
18.33
-10.36
15.57
17.59
-10.30
15.28
16.93
-10.28
14.95
30.87
-10.94
13.92
30.31
-10.61
14.15
29.53
-10.40
14.54
28.82
-10.31
14.91
16.47
-10.44
14.52
15.99
-10.40
14.00
31.22
-10.62
13.43
30.68
-10.30
13.68
15.68
-10.50
13.26
32.72
-10.73
11.87
32.30
-10.62
12.39
31.76
-10.46
12.85
15.52
-10.61
12.41
32.95
-10.66
11.21
15.42
-10.63
11.49
33.06
-10.62
10.42
15.38
-10.64
10.58
33.01
-10.57
9.57
15.36
-10.64
9.72
32.80
-10.51
8.68
32.46
-10.82
8.06
32.22
-11.00
7.73
15.30
-10.52
9.00
15.14
-10.24
8.53
32.66
-10.10
8.13
32.35
-10.24
7.63
32.01
-10.79
7.34
17.14
-10.52
7.14
16.45
-10.42
7.44
15.78
-10.26
7.74
15.30
-10.14
8.06
32.05
-10.01
7.06
31.64
-10.38
6.62
21.16
-10.59
6.08
20.37
-10.61
6.27
19.51
-10.57
6.43
18.65
-10.51
6.59
17.82
-10.45
6.82
31.14
-10.26
5.81
23.24
-10.43
5.29
22.50
-10.37
5.52
21.76
-10.38
5.79
30.68
-10.17
5.20
30.03
-10.22
4.72
29.30
-10.53
4.56
28.47
-10.54
4.44
27.53
-10.35
4.37
26.50
-10.43
4.52
25.55
-10.43
4.67
24.65
-10.36
4.82
23.87
-10.31
5.01
29.73
-9.94
4.37
29.26
-9.95
4.26
28.57
-9.94
4.17
27.97
-9.90
4.15
26.09
-9.95
15.88
25.36
-9.73
15.94
24.42
-9.77
16.09
23.47
-9.76
16.14
22.50
-9.71
16.14
21.53
-9.61
16.13
20.57
-9.50
16.09
19.66
-9.46
16.04
18.84
-9.47
15.92
28.04
-9.86
15.07
27.38
-9.61
15.25
26.50
-9.57
15.57
25.78
-9.29
15.66
18.16
-9.56
15.71
17.46
-9.48
15.44
16.64
-9.44
15.02
16.04
-9.11
14.73
30.07
-9.94
13.92
29.40
-9.55
14.13
28.47
-9.53
14.67
27.78
-9.24
14.87
16.22
-9.79
14.62
15.64
-9.43
14.20
15.07
-8.97
13.87
31.07
-9.93
13.14
30.48
-9.68
13.45
29.88
-9.15
13.56
15.28
-9.73
13.32
14.79
-9.07
13.27
32.60
-10.12
11.72
32.21
-9.89
12.06
31.48
-9.48
12.51
30.67
-9.10
12.94
30.16
-8.85
13.18
15.06
-9.86
12.42
14.50
-9.15
12.41
14.06
-8.78
12.08
32.74
-9.81
11.17
32.32
-9.38
11.57
31.88
-9.08
11.87
14.97
-9.95
11.50
14.47
-9.34
11.48
14.03
-8.88
11.46
32.93
-9.79
10.37
14.92
-9.98
10.58
14.39
-9.33
10.54
14.02
-8.93
10.83
32.96
-9.75
9.55
14.93
-10.02
9.75
14.50
-9.45
9.63
32.86
-9.71
8.77
14.95
-10.02
9.13
14.64
-9.51
8.74
14.28
-8.98
8.43
32.70
-9.58
8.16
32.42
-9.47
7.64
17.02
-9.91
6.90
16.38
-9.65
7.06
15.62
-9.56
7.44
14.93
-9.38
7.91
14.41
-8.91
8.00
32.09
-9.40
7.02
31.71
-9.44
6.42
20.96
-10.07
5.87
20.31
-9.97
5.98
19.48
-9.88
6.12
18.58
-9.76
6.29
17.55
-9.54
6.51
16.78
-9.26
6.67
31.27
-9.40
5.73
23.06
-9.88
5.06
22.37
-9.62
5.16
21.38
-9.65
5.52
20.41
-9.34
5.63
19.50
-9.20
5.79
18.64
-9.10
5.95
17.93
-9.00
6.11
30.78
-9.37
5.10
30.18
-9.34
4.55
29.81
-9.01
4.26
27.17
-9.61
4.13
26.36
-9.68
4.25
25.48
-9.68
4.37
24.55
-9.63
4.51
23.57
-9.57
4.73
22.82
-9.24
4.79
29.78
-9.54
4.30
29.34
-9.25
4.12
28.53
-9.26
3.99
27.78
-9.34
3.99
25.06
-9.11
15.76
24.34
-9.07
15.85
23.45
-9.02
15.91
22.51
-8.96
15.94
21.55
-8.85
15.95
20.56
-8.62
15.92
19.56
-8.62
15.94
18.62
-8.62
15.88
18.04
-8.31
15.76
27.08
-9.00
15.05
26.40
-8.85
15.22
25.43
-8.62
15.39
24.40
-8.46
15.51
23.46
-8.38
15.58
22.53
-8.31
15.61
21.65
-8.24
15.65
20.94
-8.16
15.69
18.09
-8.91
15.77
17.51
-8.58
15.56
16.63
-8.52
15.19
15.90
-8.42
14.85
29.00
-8.73
13.93
28.30
-8.70
14.31
27.44
-8.59
14.65
26.55
-8.25
14.80
25.82
-8.11
14.96
15.36
-8.53
14.45
14.82
-8.37
14.03
29.48
-8.51
13.48
14.37
-8.40
13.39
13.91
-8.06
13.07
31.19
-8.48
12.13
30.54
-8.37
12.61
29.94
-8.30
13.02
14.18
-8.61
12.73
13.70
-8.24
12.34
13.24
-7.89
11.94
32.64
-9.21
10.87
32.30
-8.82
11.09
31.76
-8.39
11.47
13.62
-8.42
11.41
13.16
-7.95
11.32
32.72
-9.08
10.30
32.33
-8.36
10.39
31.96
-8.07
10.87
14.03
-8.94
10.20
13.66
-8.54
10.51
13.14
-8.00
10.55
32.78
-9.03
9.52
32.46
-8.33
9.48
14.06
-8.94
9.57
13.57
-8.38
9.54
13.15
-7.98
9.87
32.75
-9.05
8.77
32.48
-8.44
8.64
14.17
-8.99
8.95
13.87
-8.50
8.61
32.66
-9.09
8.23
32.38
-8.71
7.84
16.09
-9.06
6.86
15.49
-8.93
7.09
14.81
-8.71
7.39
14.13
-8.33
7.74
32.06
-8.67
7.08
31.71
-8.55
6.45
17.19
-8.83
6.27
16.42
-8.59
6.45
15.53
-8.36
6.68
14.80
-8.16
6.92
14.26
-7.96
7.14
31.30
-8.51
5.74
22.09
-9.00
4.91
21.37
-8.86
5.08
20.44
-8.56
5.19
19.48
-8.51
5.43
18.57
-8.42
5.62
17.62
-8.36
5.88
16.84
-8.13
6.03
30.85
-8.48
5.10
30.33
-8.44
4.58
29.81
-8.37
4.22
26.97
-9.05
3.96
26.31
-9.00
3.99
25.45
-8.96
4.06
24.52
-8.90
4.16
23.56
-8.79
4.30
22.52
-8.53
4.46
21.53
-8.27
4.65
20.81
-8.12
4.81
29.20
-8.40
3.99
28.39
-8.44
3.83
27.41
-8.55
3.78
26.42
-8.32
3.70
25.47
-8.28
3.72
24.54
-8.24
3.78
23.65
-8.16
3.88
22.92
-8.03
3.99
20.21
-8.01
15.72
19.45
-7.82
15.70
18.65
-7.86
15.76
18.02
-7.79
15.68
25.09
-7.98
15.08
24.35
-7.87
15.13
23.44
-7.78
15.16
22.50
-7.72
15.18
21.61
-7.67
15.24
20.65
-7.64
15.39
19.83
-7.35
15.33
17.41
-7.76
15.43
16.55
-7.67
15.14
15.61
-7.53
14.83
14.93
-7.18
14.63
28.78
-8.19
13.77
28.24
-8.00
13.94
27.44
-7.80
14.18
26.50
-7.50
14.33
25.45
-7.51
14.65
24.42
-7.31
14.70
23.43
-7.21
14.70
22.43
-7.13
14.65
21.65
-7.10
14.70
20.73
-7.07
14.86
20.03
-6.98
14.92
15.16
-7.87
14.56
14.54
-7.54
14.26
13.95
-7.16
13.96
29.06
-7.87
13.39
28.38
-7.34
13.44
27.53
-7.19
13.75
26.86
-7.07
13.93
22.15
-6.97
14.46
21.89
-6.96
14.47
14.19
-7.82
13.72
13.71
-7.49
13.41
30.92
-7.69
11.89
30.33
-7.61
12.34
29.56
-7.49
12.81
28.90
-7.10
12.99
13.32
-7.56
12.71
12.93
-7.42
12.12
31.36
-7.58
11.33
12.72
-7.43
11.35
32.01
-7.63
10.14
31.71
-7.50
10.68
12.68
-7.48
10.48
32.10
-7.56
9.37
31.87
-7.09
9.06
13.20
-7.91
9.18
12.78
-7.53
9.53
32.17
-7.75
8.53
31.87
-7.14
8.40
13.31
-7.83
8.50
12.79
-7.34
8.63
32.10
-7.94
7.75
31.80
-7.28
7.58
13.45
-7.54
7.65
12.89
-7.18
7.95
31.96
-8.06
7.15
31.64
-7.61
6.70
16.12
-7.93
6.17
15.46
-7.76
6.32
14.71
-7.57
6.53
13.94
-7.34
6.86
31.25
-7.59
5.81
20.10
-7.99
4.95
19.41
-7.86
5.08
18.55
-7.70
5.24
17.58
-7.40
5.41
16.49
-7.42
5.79
15.53
-7.14
5.96
14.72
-6.98
6.15
14.10
-6.88
6.37
30.84
-7.58
5.12
30.34
-7.55
4.58
29.82
-7.58
4.19
22.18
-7.84
4.10
21.42
-7.59
4.21
20.45
-7.55
4.55
19.51
-7.25
4.68
18.67
-7.09
4.86
18.03
-6.95
5.02
29.20
-7.51
3.90
28.36
-7.50
3.64
27.44
-7.57
3.49
26.45
-7.46
3.34
25.46
-7.59
3.37
24.53
-7.60
3.41
23.60
-7.54
3.50
22.60
-7.41
3.65
21.82
-7.24
3.79
26.09
-6.94
3.08
25.38
-6.96
3.05
24.51
-6.97
3.06
23.64
-6.96
3.13
22.93
-6.93
3.23
19.06
-7.37
15.53
18.54
-7.35
15.54
18.04
-7.37
15.52
19.22
-7.04
15.16
18.46
-6.97
15.14
17.61
-7.08
15.15
16.60
-6.90
14.90
15.58
-6.56
14.70
14.67
-6.51
14.62
14.10
-6.22
14.47
26.15
-6.91
14.05
25.38
-6.73
14.10
24.40
-6.71
14.23
23.43
-6.67
14.26
22.42
-6.68
14.26
21.63
-6.66
14.30
20.64
-6.60
14.39
19.57
-6.57
14.51
18.50
-6.53
14.55
17.59
-6.50
14.54
16.73
-6.36
14.46
15.99
-6.09
14.36
14.27
-6.83
14.38
13.66
-6.47
14.08
12.99
-6.10
13.74
28.12
-6.62
13.09
27.38
-6.58
13.38
26.54
-6.57
13.65
25.80
-6.39
13.70
22.15
-6.82
14.33
21.88
-6.81
14.34
19.16
-6.18
13.97
18.43
-6.13
13.95
17.59
-6.07
13.94
16.80
-5.96
13.94
16.22
-5.82
13.98
13.23
-6.82
13.43
12.63
-6.28
13.21
12.12
-5.96
12.89
30.73
-7.12
11.71
30.24
-6.92
11.97
29.50
-6.60
12.26
28.73
-6.51
12.67
13.00
-7.05
12.88
12.52
-6.75
12.41
11.91
-6.14
12.29
30.94
-6.81
11.17
30.33
-6.44
11.51
29.79
-6.19
11.74
12.22
-6.83
11.42
11.59
-6.19
11.40
11.12
-5.81
11.04
31.79
-7.15
10.05
31.41
-6.81
10.33
12.14
-6.91
10.47
11.56
-6.37
10.45
11.05
-5.91
10.36
31.85
-7.09
9.61
31.57
-6.63
9.38
12.17
-6.93
9.53
11.58
-6.41
9.53
11.04
-5.95
9.53
31.54
-6.49
8.44
12.25
-6.82
8.59
11.63
-6.30
8.63
11.07
-5.89
8.72
31.48
-6.51
7.54
13.06
-6.98
7.32
12.48
-6.65
7.66
11.69
-6.03
7.72
11.15
-5.76
8.08
31.33
-6.61
6.64
13.31
-6.70
6.77
12.60
-6.18
6.84
12.00
-5.88
7.06
31.09
-6.70
5.81
17.22
-6.52
5.12
16.39
-6.46
5.40
15.49
-6.35
5.64
14.60
-6.26
5.88
13.70
-6.25
6.21
12.98
-5.93
6.36
30.75
-6.73
5.14
30.24
-6.61
4.56
29.83
-6.90
4.18
21.09
-7.04
3.94
20.40
-6.84
4.06
19.51
-6.51
4.19
18.63
-6.43
4.51
17.86
-6.35
4.78
29.84
-6.24
4.20
29.33
-6.53
3.88
28.36
-6.45
3.44
27.49
-6.76
3.25
26.80
-6.86
3.15
22.20
-6.84
3.38
21.46
-6.70
3.54
20.57
-6.26
3.56
19.85
-6.08
3.74
27.90
-5.97
3.14
27.28
-6.11
3.01
26.41
-6.34
2.91
25.44
-6.29
2.79
24.50
-6.30
2.76
23.55
-6.32
2.82
22.57
-6.37
3.00
21.63
-6.13
3.08
20.95
-5.93
3.17
15.11
-5.85
14.54
14.55
-5.85
14.60
14.03
-5.76
14.48
25.07
-6.26
13.75
24.34
-6.21
13.78
23.43
-6.17
13.79
22.48
-6.17
13.79
21.57
-6.17
13.82
20.66
-6.16
13.88
19.91
-6.18
13.96
15.49
-5.64
14.19
13.50
-5.72
14.14
12.77
-5.60
13.75
12.30
-5.37
13.48
27.93
-6.12
12.80
27.30
-6.04
12.96
26.45
-5.98
13.13
25.45
-5.93
13.28
24.43
-5.78
13.25
23.46
-5.74
13.25
22.49
-5.73
13.25
21.53
-5.74
13.27
20.55
-5.77
13.33
19.52
-5.85
13.46
18.51
-5.76
13.34
17.60
-5.68
13.33
16.74
-5.55
13.39
15.92
-5.41
13.61
12.41
-5.77
13.38
11.94
-5.45
13.02
11.51
-5.14
12.68
29.12
-5.97
11.99
28.33
-5.79
12.25
27.37
-5.58
12.44
26.47
-5.46
12.53
25.48
-5.33
12.49
24.45
-5.34
12.60
23.47
-5.33
12.62
22.49
-5.33
12.64
21.50
-5.34
12.66
20.52
-5.36
12.69
19.52
-5.38
12.72
18.54
-5.35
12.70
17.61
-5.27
12.70
16.71
-5.10
12.72
16.03
-5.06
12.99
11.55
-5.61
12.34
11.24
-5.13
12.17
30.73
-6.23
10.86
30.24
-5.91
11.05
29.46
-5.61
11.37
28.73
-5.43
11.65
25.13
-4.98
11.99
24.38
-4.94
11.99
23.45
-4.90
11.98
22.47
-4.91
12.02
21.49
-4.92
12.05
20.50
-4.93
12.08
19.52
-4.94
12.09
18.56
-4.92
12.10
17.67
-4.87
12.14
16.97
-4.80
12.22
11.29
-5.70
11.71
10.86
-5.25
11.30
10.43
-4.86
10.84
30.90
-6.05
10.26
30.32
-5.49
10.36
29.72
-5.25
10.68
10.64
-5.41
10.37
10.29
-4.91
10.25
31.02
-5.79
9.39
30.57
-5.37
9.72
10.58
-5.46
9.52
10.24
-4.93
9.47
31.15
-5.78
8.45
10.63
-5.42
8.69
10.28
-4.92
8.69
31.13
-5.75
7.54
11.29
-5.46
7.32
10.78
-5.29
7.87
10.39
-4.88
8.06
30.99
-5.71
6.60
30.68
-5.22
6.22
12.33
-5.64
6.53
11.76
-5.39
6.74
30.87
-5.94
5.77
30.54
-5.35
5.58
17.06
-5.85
4.89
16.38
-5.55
5.06
15.44
-5.50
5.37
14.54
-5.42
5.62
13.61
-5.38
5.89
12.69
-5.31
6.17
12.02
-5.06
6.33
30.69
-6.10
5.22
30.30
-5.70
4.85
19.16
-5.92
3.95
18.49
-5.76
4.17
17.59
-5.49
4.47
16.88
-5.22
4.71
29.83
-5.62
4.26
29.30
-5.57
3.85
28.61
-5.50
3.41
20.23
-5.71
3.31
19.49
-5.47
3.49
18.62
-5.21
3.76
18.00
-5.07
4.01
27.99
-5.34
3.08
27.26
-5.34
2.84
26.38
-5.41
2.65
25.43
-5.50
2.52
24.48
-5.56
2.48
23.52
-5.58
2.50
22.54
-5.57
2.60
21.59
-5.47
2.72
20.66
-5.37
2.93
19.93
-5.07
3.03
14.83
-5.46
14.42
14.43
-5.41
14.44
14.02
-5.40
14.39
14.96
-5.27
14.07
14.35
-5.11
14.03
13.63
-5.17
13.99
12.84
-5.12
13.68
12.34
-5.10
13.47
15.18
-5.00
13.46
14.38
-4.75
13.41
13.55
-4.69
13.39
12.74
-4.70
13.25
12.04
-4.86
13.04
11.54
-4.83
12.69
28.02
-5.27
11.83
27.35
-5.14
11.90
26.55
-5.05
11.96
25.85
-5.00
11.99
16.25
-4.72
12.41
15.50
-4.64
12.69
14.47
-4.29
12.62
13.51
-4.23
12.75
12.66
-4.23
12.71
11.89
-4.31
12.53
11.26
-4.51
12.18
29.06
-5.08
10.98
28.33
-4.98
11.25
27.42
-4.77
11.29
26.51
-4.67
11.35
25.51
-4.65
11.47
24.49
-4.52
11.39
23.47
-4.38
11.30
22.45
-4.45
11.43
21.48
-4.47
11.47
20.49
-4.48
11.50
19.51
-4.47
11.52
18.53
-4.45
11.56
17.57
-4.41
11.65
16.58
-4.38
11.87
15.60
-4.15
11.97
14.84
-4.00
12.08
10.73
-4.49
11.47
10.34
-4.38
10.87
30.00
-5.03
10.00
29.31
-4.75
10.22
28.35
-4.47
10.38
27.44
-4.36
10.58
26.54
-4.25
10.65
25.56
-4.08
10.63
24.58
-4.06
10.78
23.84
-4.02
10.82
10.15
-4.36
10.21
30.73
-5.27
9.05
30.27
-4.94
9.33
29.62
-4.51
9.36
28.04
-4.12
9.92
27.40
-4.00
9.96
26.63
-3.89
10.03
25.99
-3.82
10.13
10.08
-4.36
9.42
30.77
-5.19
8.39
30.30
-4.71
8.46
29.75
-4.30
8.54
10.12
-4.35
8.57
30.77
-5.12
7.59
30.26
-4.53
7.52
29.81
-4.18
7.86
11.05
-5.05
7.06
10.68
-4.80
7.31
10.30
-4.38
7.69
30.76
-5.14
6.90
30.38
-4.70
6.54
11.28
-4.84
6.66
10.78
-4.47
6.78
10.42
-4.10
6.95
30.15
-4.63
5.58
29.78
-4.20
5.22
16.10
-4.75
4.88
15.37
-4.66
5.15
14.52
-4.53
5.43
13.57
-4.49
5.71
12.62
-4.48
5.97
11.68
-4.44
6.25
10.94
-4.12
6.41
10.56
-3.93
6.56
29.99
-4.90
4.81
29.61
-4.35
4.63
17.27
-4.69
4.22
16.67
-4.64
4.55
29.75
-5.04
4.31
29.29
-4.67
3.97
28.69
-4.68
3.43
19.22
-4.78
3.19
18.52
-4.52
3.39
17.80
-4.53
3.80
28.08
-4.56
3.07
27.29
-4.49
2.75
26.32
-4.43
2.43
25.38
-4.70
2.29
24.45
-4.81
2.22
23.49
-4.84
2.22
22.53
-4.83
2.27
21.59
-4.76
2.37
20.66
-4.63
2.53
19.69
-4.34
2.76
18.88
-4.12
3.01
25.85
-3.96
2.19
25.23
-4.04
2.09
24.40
-4.10
2.03
23.48
-4.12
2.01
22.53
-4.11
2.03
21.61
-4.08
2.10
20.78
-4.01
2.22
20.16
-3.92
2.37
14.12
-3.88
12.16
13.43
-3.81
12.20
12.61
-3.75
12.17
11.81
-3.71
12.00
11.18
-3.86
11.82
23.10
-4.00
10.86
22.36
-4.01
10.89
21.45
-4.01
10.91
20.48
-4.01
10.92
19.50
-3.99
10.96
18.52
-3.96
11.01
17.55
-3.89
11.09
16.56
-3.77
11.19
15.51
-3.58
11.28
14.47
-3.59
11.63
13.50
-3.44
11.64
12.66
-3.38
11.66
12.03
-3.38
11.65
10.74
-3.86
11.34
10.37
-3.85
10.83
29.00
-4.34
9.81
28.58
-4.22
9.87
25.19
-3.61
10.10
24.42
-3.62
10.27
23.46
-3.61
10.34
22.43
-3.59
10.33
21.47
-3.56
10.29
20.48
-3.54
10.30
19.49
-3.52
10.37
18.53
-3.47
10.44
17.57
-3.39
10.52
16.61
-3.24
10.54
15.85
-3.22
10.73
10.18
-3.81
10.19
29.04
-4.15
9.26
28.32
-3.93
9.38
27.46
-3.66
9.30
26.56
-3.46
9.37
25.78
-3.49
9.72
23.12
-3.24
9.83
22.41
-3.20
9.75
21.50
-3.10
9.58
20.47
-3.05
9.57
19.47
-3.07
9.75
18.52
-3.01
9.86
17.63
-2.97
9.98
16.92
-2.92
10.07
10.11
-3.78
9.40
29.15
-3.94
8.46
28.38
-3.59
8.47
27.52
-3.27
8.49
26.83
-3.19
8.77
21.27
-2.84
9.10
20.74
-2.79
9.08
10.13
-3.76
8.54
29.86
-4.11
7.18
29.34
-3.80
7.51
28.48
-3.30
7.54
27.79
-3.06
7.79
10.22
-3.74
7.69
29.88
-4.10
6.51
29.29
-3.58
6.48
28.73
-3.23
6.80
10.34
-3.67
6.98
29.87
-4.12
5.85
29.45
-3.73
5.50
15.98
-4.18
4.72
15.43
-3.91
4.92
14.65
-3.54
5.27
13.61
-3.58
5.71
12.61
-3.68
5.97
11.71
-3.72
6.17
10.99
-3.66
6.33
10.55
-3.63
6.54
29.24
-3.74
4.62
17.04
-4.15
4.05
16.42
-3.94
4.33
15.75
-3.29
4.53
15.14
-3.17
4.91
28.93
-3.82
3.84
28.65
-4.06
3.43
18.14
-3.96
3.31
17.44
-3.86
3.62
16.73
-3.47
3.81
16.26
-3.02
3.93
28.60
-3.58
3.47
28.20
-3.77
3.19
27.38
-3.65
2.84
26.57
-3.57
2.48
19.38
-3.50
2.62
18.48
-3.50
3.00
17.58
-3.24
3.29
16.89
-3.06
3.48
16.50
-2.92
3.60
25.92
-3.43
2.20
25.21
-3.41
2.04
24.38
-3.42
1.95
23.47
-3.42
1.92
22.53
-3.42
1.93
21.62
-3.41
1.98
20.79
-3.39
2.10
20.07
-3.40
2.29
11.51
-3.41
11.62
11.16
-3.49
11.55
15.11
-3.18
10.87
14.38
-3.13
10.95
13.48
-3.07
11.00
12.59
-3.07
11.06
11.72
-3.18
11.18
10.96
-3.37
11.06
10.51
-3.47
10.74
24.99
-3.30
9.74
24.42
-3.26
9.80
23.79
-3.25
9.86
16.19
-2.89
10.19
15.43
-2.89
10.34
14.46
-2.77
10.23
13.49
-2.76
10.25
12.56
-2.80
10.29
11.68
-2.91
10.32
10.94
-3.10
10.28
10.43
-3.37
10.18
26.10
-3.12
9.03
25.35
-3.09
9.27
24.44
-2.95
9.26
23.49
-2.96
9.37
22.58
-2.89
9.22
21.88
-2.86
9.15
20.12
-2.73
9.12
19.40
-2.67
9.19
18.48
-2.54
9.22
17.51
-2.56
9.45
16.54
-2.59
9.66
15.55
-2.48
9.58
14.56
-2.40
9.32
13.49
-2.51
9.38
12.54
-2.61
9.42
11.66
-2.75
9.44
10.92
-2.96
9.42
10.39
-3.30
9.40
27.08
-2.91
8.09
26.36
-2.86
8.42
25.41
-2.70
8.52
24.46
-2.60
8.56
23.51
-2.57
8.60
22.55
-2.56
8.59
21.56
-2.59
8.67
20.50
-2.47
8.59
19.53
-2.37
8.66
18.83
-2.29
8.72
14.25
-2.19
8.43
13.40
-2.36
8.49
12.51
-2.52
8.51
11.65
-2.69
8.53
10.92
-2.91
8.53
10.39
-3.27
8.53
28.07
-2.93
7.08
27.31
-2.67
7.31
26.35
-2.48
7.63
25.42
-2.34
7.77
24.47
-2.26
7.82
23.51
-2.23
7.85
22.55
-2.23
7.88
21.63
-2.24
7.93
20.87
-2.21
7.97
14.12
-2.07
7.61
13.38
-2.29
7.60
12.51
-2.51
7.63
11.66
-2.71
7.66
10.94
-2.94
7.68
10.44
-3.27
7.69
28.88
-3.18
6.09
28.35
-2.89
6.36
27.60
-2.50
6.35
14.06
-2.01
6.95
13.54
-2.26
6.73
12.56
-2.63
6.85
11.69
-2.86
6.92
10.97
-3.05
6.96
10.51
-3.29
7.00
28.91
-3.18
5.41
28.34
-2.77
5.46
27.68
-2.40
5.46
15.26
-2.16
5.16
14.64
-2.56
5.45
13.68
-2.65
6.01
12.61
-3.01
6.25
11.71
-3.18
6.39
11.01
-3.27
6.50
10.60
-3.36
6.60
28.82
-3.19
4.62
28.30
-2.77
4.62
27.67
-2.40
4.60
15.61
-2.43
4.65
15.10
-2.71
4.98
28.66
-3.25
3.93
28.20
-2.88
3.90
27.57
-2.54
3.83
17.24
-2.14
3.53
16.74
-2.21
3.65
16.23
-2.40
3.95
28.51
-3.28
3.54
28.10
-3.16
3.39
27.33
-2.88
3.14
26.53
-2.86
2.67
19.38
-2.78
2.66
18.50
-2.73
2.98
17.59
-2.56
3.26
16.89
-2.62
3.43
16.49
-2.65
3.59
25.89
-2.85
2.31
25.20
-2.82
2.14
24.38
-2.79
2.05
23.47
-2.78
2.02
22.53
-2.78
2.02
21.62
-2.79
2.06
20.78
-2.80
2.15
20.07
-2.82
2.33
18.12
-2.23
8.80
17.41
-2.19
8.87
16.55
-2.17
8.94
15.71
-2.15
8.93
15.06
-2.16
8.86
20.14
-2.15
8.03
19.40
-2.07
8.08
18.46
-2.03
8.25
17.48
-1.92
8.20
16.57
-1.89
8.21
15.71
-1.91
8.22
14.95
-2.01
8.26
26.85
-2.30
6.86
26.22
-2.16
6.96
25.39
-2.05
7.03
24.46
-1.98
7.07
23.50
-1.96
7.09
22.52
-1.95
7.13
21.54
-1.95
7.21
20.50
-1.95
7.40
19.47
-1.84
7.33
18.48
-1.76
7.37
17.50
-1.69
7.37
16.56
-1.67
7.37
15.65
-1.73
7.39
14.81
-1.87
7.46
26.94
-2.17
6.23
26.22
-1.97
6.23
25.38
-1.84
6.25
24.46
-1.78
6.27
23.49
-1.75
6.28
22.51
-1.74
6.31
21.51
-1.73
6.35
20.50
-1.71
6.42
19.49
-1.65
6.43
18.49
-1.58
6.45
17.50
-1.51
6.45
16.54
-1.49
6.44
15.58
-1.61
6.46
14.56
-1.77
6.56
14.07
-1.87
6.37
26.99
-2.09
5.43
26.23
-1.87
5.41
25.38
-1.73
5.41
24.46
-1.66
5.41
23.49
-1.63
5.41
22.50
-1.62
5.43
21.50
-1.62
5.45
20.50
-1.60
5.48
19.50
-1.57
5.50
18.49
-1.50
5.52
17.49
-1.39
5.52
16.54
-1.28
5.46
15.63
-1.57
5.44
14.64
-1.86
5.90
14.12
-1.97
6.07
26.99
-2.09
4.58
26.23
-1.87
4.55
25.38
-1.72
4.53
24.46
-1.64
4.52
23.49
-1.61
4.52
22.50
-1.60
4.52
21.51
-1.60
4.53
20.51
-1.61
4.55
19.51
-1.60
4.58
18.49
-1.54
4.62
17.44
-1.38
4.65
16.81
-1.18
4.91
15.87
-1.68
4.72
26.94
-2.20
3.81
26.21
-1.99
3.71
25.36
-1.82
3.68
24.45
-1.73
3.66
23.48
-1.69
3.65
22.50
-1.68
3.65
21.52
-1.70
3.66
20.54
-1.74
3.68
19.54
-1.79
3.72
18.52
-1.78
3.81
17.45
-1.72
3.87
16.73
-1.72
3.94
16.25
-1.76
4.19
26.85
-2.40
3.25
26.17
-2.30
2.96
25.32
-2.05
2.94
24.42
-1.94
2.91
23.48
-1.90
2.90
22.51
-1.89
2.90
21.55
-1.92
2.91
20.61
-2.00
2.93
19.64
-2.19
2.95
18.62
-2.18
3.23
17.87
-2.13
3.39
25.79
-2.44
2.49
25.20
-2.35
2.42
24.39
-2.29
2.37
23.47
-2.26
2.34
22.52
-2.26
2.34
21.60
-2.28
2.37
20.76
-2.33
2.42
20.13
-2.40
2.49
14.33
-1.63
6.26
14.17
-1.66
6.22
16.29
-0.96
5.01
16.01
-1.04
5.01
14.35
-1.66
6.06
14.18
-1.69
6.09
16.97
-1.21
4.46
16.49
-1.04
4.67
16.13
-1.12
4.69
17.00
-1.37
4.14
16.61
-1.32
4.23
16.30
-1.34
4.34
16.18
-0.74
4.90
16.08
-0.76
4.91
16.25
-0.77
4.79
16.13
-0.79
4.79
