23.59
-11.40
24.65
23.29
-11.48
24.80
22.91
-11.54
24.84
23.68
-11.46
24.24
23.33
-11.64
24.30
22.88
-11.65
24.36
23.70
-11.47
23.73
23.35
-11.65
23.77
22.90
-11.64
23.79
23.66
-11.43
23.34
23.34
-11.53
23.31
22.97
-11.55
23.35
21.64
-10.43
29.56
21.35
-10.51
29.61
21.02
-10.50
29.58
21.75
-10.51
29.09
21.39
-10.70
29.07
20.95
-10.64
29.09
21.87
-10.59
28.35
21.42
-10.81
28.33
20.89
-10.75
28.34
22.04
-10.67
27.46
21.49
-10.90
27.44
20.86
-10.84
27.45
22.89
-10.74
25.96
22.35
-10.83
26.40
21.60
-11.02
26.46
20.88
-10.94
26.49
23.66
-10.99
24.80
23.18
-11.01
25.30
22.50
-11.26
25.32
21.66
-11.19
25.48
20.91
-11.02
25.53
23.89
-11.01
24.24
22.35
-11.46
24.50
21.63
-11.25
24.58
20.95
-11.04
24.65
23.94
-11.02
23.61
22.37
-11.44
23.74
21.62
-11.17
23.70
21.01
-11.01
23.96
23.79
-11.05
23.05
23.30
-11.20
22.89
22.62
-11.27
23.05
21.92
-11.11
23.08
21.71
-10.04
29.81
21.29
-10.13
30.01
20.75
-10.12
29.87
20.26
-9.80
29.84
21.97
-10.05
29.21
20.51
-10.34
29.18
20.03
-9.90
29.26
22.17
-10.08
28.43
20.34
-10.46
28.38
19.78
-10.00
28.45
22.38
-10.12
27.57
20.19
-10.56
27.45
19.44
-10.06
27.46
18.79
-9.78
26.98
18.40
-9.59
26.70
23.06
-10.22
26.12
22.67
-10.19
26.74
20.17
-10.69
26.48
19.46
-10.35
26.43
18.81
-10.02
26.26
18.33
-9.67
26.16
23.80
-10.30
24.90
23.42
-10.28
25.51
20.19
-10.77
25.51
19.47
-10.47
25.47
18.81
-10.13
25.42
18.28
-9.73
25.39
24.05
-10.30
24.21
20.28
-10.78
24.56
19.52
-10.48
24.52
18.83
-10.14
24.52
18.27
-9.74
24.52
24.16
-10.31
23.41
21.21
-10.92
23.25
20.52
-10.75
23.57
19.62
-10.40
23.57
18.87
-10.07
23.61
18.31
-9.70
23.68
24.45
-9.98
21.90
24.09
-10.31
22.41
23.33
-10.74
22.26
22.50
-10.85
22.33
21.54
-10.79
22.55
20.57
-10.51
22.58
19.67
-10.19
22.63
18.87
-9.85
22.73
18.38
-9.62
23.03
24.46
-9.86
21.41
24.02
-10.18
21.53
23.32
-10.42
21.52
22.48
-10.49
21.55
21.56
-10.42
21.63
20.63
-10.19
21.68
19.74
-9.86
21.73
19.07
-9.70
22.06
24.44
-9.65
20.86
24.00
-9.93
20.87
23.31
-10.09
20.86
22.49
-10.13
20.87
21.61
-10.06
20.90
20.75
-9.84
20.90
20.11
-9.69
21.09
24.37
-9.49
20.48
23.98
-9.60
20.40
23.31
-9.67
20.35
22.50
-9.69
20.36
21.69
-9.66
20.41
21.06
-9.60
20.48
21.50
-8.64
31.45
21.17
-8.70
31.55
20.70
-8.68
31.55
20.32
-8.60
31.46
21.62
-8.88
31.04
21.22
-9.11
31.13
20.70
-9.10
31.12
20.19
-8.86
31.05
21.78
-9.29
30.26
21.27
-9.57
30.53
20.69
-9.56
30.50
20.04
-9.24
30.28
22.10
-9.32
29.38
19.64
-9.31
29.45
22.33
-9.34
28.50
19.36
-9.42
28.65
22.55
-9.36
27.62
19.04
-9.46
27.93
18.59
-9.30
27.42
18.20
-9.19
26.89
23.16
-9.50
26.19
22.83
-9.40
26.82
17.98
-9.19
26.21
23.87
-9.44
24.95
23.50
-9.45
25.61
17.86
-9.21
25.39
24.16
-9.43
24.21
17.84
-9.21
24.51
24.35
-9.43
23.36
17.91
-9.19
23.61
24.60
-9.65
21.90
24.50
-9.39
22.37
18.53
-9.47
22.41
18.12
-9.18
22.74
24.67
-9.45
21.44
24.70
-9.02
21.66
19.36
-9.33
21.32
18.74
-9.26
21.83
18.26
-8.95
22.10
24.67
-9.10
20.86
24.76
-8.83
21.18
20.46
-9.45
20.60
19.92
-9.23
20.77
24.45
-9.05
20.37
23.99
-9.07
20.14
23.30
-9.09
20.04
22.47
-9.08
20.05
21.64
-9.09
20.12
20.79
-9.15
20.30
20.25
-9.04
20.42
21.54
-8.23
31.53
21.15
-8.19
31.73
20.62
-8.14
31.74
20.11
-8.13
31.55
21.77
-8.31
31.06
19.78
-8.32
31.08
21.96
-8.45
30.32
19.51
-8.52
30.37
22.16
-8.45
29.44
19.14
-8.57
29.54
18.69
-8.14
29.22
22.36
-8.45
28.52
18.97
-8.85
28.74
18.56
-8.38
28.61
22.60
-8.46
27.61
18.80
-9.00
28.18
18.38
-8.68
27.87
17.94
-8.57
27.15
23.18
-8.83
26.20
22.92
-8.46
26.71
17.66
-8.56
26.32
23.87
-8.48
24.97
23.45
-8.48
25.71
23.17
-8.12
26.18
17.52
-8.57
25.43
24.19
-8.48
24.21
17.48
-8.58
24.50
24.40
-8.47
23.38
17.54
-8.55
23.57
24.56
-8.43
22.51
17.71
-8.48
22.67
24.69
-8.31
21.74
19.15
-8.84
21.07
18.64
-8.67
21.38
18.03
-8.33
21.80
24.70
-8.33
20.64
24.75
-8.25
21.12
22.14
-8.09
19.84
21.89
-8.09
19.86
20.06
-8.15
20.26
19.55
-8.45
20.60
18.74
-8.15
20.94
18.22
-7.96
21.24
24.47
-8.35
20.23
24.00
-8.35
19.99
23.28
-8.34
19.88
22.39
-8.30
19.87
21.63
-8.30
19.94
20.65
-8.37
20.13
20.13
-8.65
20.34
21.51
-7.67
31.58
21.11
-7.59
31.77
20.50
-7.42
31.79
19.77
-7.33
31.61
19.25
-6.92
31.50
21.74
-7.59
31.11
21.65
-7.11
30.94
19.40
-7.67
31.12
18.99
-7.08
31.10
21.93
-7.66
30.36
21.77
-7.07
30.41
19.11
-7.86
30.48
18.69
-7.26
30.44
22.07
-7.50
29.48
21.87
-7.01
29.85
18.87
-7.97
29.86
18.36
-7.49
29.52
17.72
-7.02
29.03
17.34
-6.73
28.76
22.28
-7.50
28.52
18.15
-7.84
28.62
17.65
-7.39
28.34
17.21
-6.87
28.21
22.53
-7.49
27.61
18.03
-8.11
27.99
17.58
-7.80
27.47
17.06
-7.03
27.40
22.82
-7.46
26.79
17.30
-7.85
26.43
16.87
-7.10
26.44
23.87
-7.50
24.92
23.49
-7.47
25.57
23.14
-7.38
26.15
17.16
-7.89
25.47
16.78
-7.20
25.46
24.18
-7.50
24.20
17.12
-7.91
24.51
16.75
-7.25
24.50
24.39
-7.49
23.39
17.16
-7.88
23.56
16.77
-7.25
23.57
24.54
-7.48
22.54
17.28
-7.77
22.65
16.86
-7.18
22.71
24.64
-7.45
21.73
17.48
-7.48
21.76
17.00
-7.07
22.05
24.67
-7.54
20.53
24.70
-7.47
21.05
22.14
-7.84
19.82
21.88
-7.84
19.84
20.01
-7.58
20.14
19.38
-7.61
20.36
18.65
-7.47
20.66
17.98
-7.35
21.06
24.46
-7.57
20.16
24.00
-7.55
19.93
23.28
-7.52
19.82
22.39
-7.56
19.80
21.62
-7.57
19.84
20.67
-7.53
19.96
21.45
-7.28
31.60
21.11
-7.03
31.63
20.44
-6.57
31.70
19.67
-6.44
31.73
19.04
-6.31
31.57
21.55
-7.17
31.35
21.30
-6.69
31.16
20.79
-6.29
31.39
18.65
-6.44
31.15
21.51
-6.52
30.41
18.33
-6.58
30.56
21.97
-6.82
29.19
21.71
-6.44
29.61
18.02
-6.67
29.94
17.57
-6.46
29.47
17.15
-6.25
28.98
22.08
-6.52
28.47
21.78
-6.14
28.97
16.88
-6.26
28.28
22.39
-6.52
27.56
16.66
-6.31
27.44
22.73
-6.50
26.77
16.42
-6.29
26.42
16.11
-5.88
25.98
23.85
-6.55
24.87
23.48
-6.52
25.48
23.09
-6.48
26.09
16.39
-6.53
25.42
16.05
-5.95
25.31
24.14
-6.53
24.18
16.37
-6.62
24.48
16.02
-5.99
24.44
24.35
-6.52
23.39
16.39
-6.63
23.54
16.03
-6.01
23.52
24.47
-6.52
22.53
16.50
-6.59
22.64
16.10
-5.98
22.63
24.54
-6.54
21.69
17.26
-6.83
21.38
16.74
-6.51
21.77
16.25
-5.91
21.83
24.60
-6.80
20.47
24.57
-6.62
20.94
19.92
-7.02
20.02
19.34
-6.90
20.14
18.56
-6.74
20.36
17.64
-6.45
20.70
16.83
-6.07
21.06
16.38
-5.78
21.28
24.43
-6.85
20.15
24.01
-6.75
19.97
23.31
-6.60
19.83
22.42
-6.57
19.74
21.49
-6.57
19.73
20.41
-6.59
19.82
19.49
-6.26
19.88
18.68
-6.11
20.02
18.05
-6.01
20.19
20.07
-5.70
31.58
19.42
-5.53
31.71
18.65
-5.41
31.62
18.06
-4.96
31.54
21.03
-6.07
30.93
20.56
-5.65
31.13
18.25
-5.75
31.19
17.78
-5.18
31.16
21.16
-5.90
30.36
20.74
-5.32
30.42
17.96
-5.97
30.63
17.46
-5.38
30.53
16.99
-5.08
30.10
21.33
-5.72
29.62
20.91
-5.09
29.69
17.80
-6.17
30.16
17.43
-5.88
29.89
16.90
-5.50
29.37
21.92
-5.62
28.16
21.52
-5.43
28.83
21.11
-4.94
29.09
16.57
-5.56
28.45
22.24
-5.56
27.43
16.35
-5.61
27.59
22.62
-5.53
26.68
16.15
-5.58
26.80
15.90
-5.35
26.18
23.80
-5.66
24.81
23.44
-5.58
25.37
23.02
-5.53
25.99
15.76
-5.33
25.35
24.06
-5.59
24.17
15.69
-5.35
24.45
24.26
-5.57
23.37
15.68
-5.36
23.51
24.37
-5.57
22.51
15.75
-5.35
22.59
24.38
-5.60
21.63
15.90
-5.32
21.75
24.48
-6.27
20.41
24.26
-5.72
20.70
23.80
-5.24
20.29
17.31
-5.63
20.29
16.70
-5.49
20.63
16.18
-5.30
21.05
24.39
-6.37
20.20
24.06
-6.08
20.16
23.37
-5.59
19.94
22.42
-5.58
19.69
21.47
-5.59
19.59
20.49
-5.57
19.57
19.53
-5.45
19.60
18.64
-5.43
19.72
17.87
-5.46
19.93
19.83
-5.06
31.50
19.28
-4.59
31.60
18.52
-4.46
31.73
17.79
-4.27
31.62
17.29
-3.89
31.52
20.09
-4.90
31.10
19.65
-4.27
31.13
17.41
-4.58
31.21
16.99
-4.05
31.11
20.31
-4.66
30.43
19.91
-4.06
30.51
17.16
-4.78
30.73
16.67
-4.34
30.34
16.19
-3.91
29.92
20.49
-4.34
29.63
20.09
-3.91
29.94
16.44
-4.70
29.39
16.03
-4.06
29.28
21.79
-4.97
27.95
21.44
-4.72
28.34
20.93
-4.28
28.78
16.22
-4.85
28.50
15.86
-4.19
28.46
21.99
-4.57
27.36
21.50
-4.17
27.85
21.12
-3.94
28.21
16.05
-4.96
27.67
15.71
-4.34
27.56
22.47
-4.55
26.55
15.94
-5.05
27.01
15.60
-4.61
26.55
23.73
-4.97
24.75
23.41
-4.65
25.15
22.94
-4.56
25.81
15.42
-4.64
25.46
23.90
-4.64
24.21
23.61
-4.29
24.66
15.34
-4.68
24.47
24.13
-4.65
23.36
15.33
-4.70
23.50
24.23
-4.65
22.52
15.38
-4.70
22.55
24.20
-4.64
21.68
15.53
-4.67
21.61
24.03
-4.63
20.91
23.65
-4.47
20.35
17.12
-5.10
20.02
16.57
-4.91
20.22
15.87
-4.60
20.65
23.10
-4.53
19.87
22.32
-4.63
19.57
21.45
-4.68
19.41
20.51
-4.68
19.34
19.51
-4.55
19.28
18.52
-4.69
19.41
17.53
-4.74
19.62
16.68
-4.42
19.71
15.98
-4.11
19.87
19.14
-3.98
19.08
18.41
-3.99
19.10
17.54
-3.97
19.19
16.71
-3.85
19.28
16.10
-3.74
19.42
18.94
-3.67
31.57
18.37
-3.55
31.75
17.73
-3.43
31.76
17.17
-3.30
31.59
19.30
-3.53
31.11
16.70
-3.33
31.19
19.58
-3.36
30.45
16.33
-3.45
30.62
15.94
-3.30
30.05
20.29
-3.70
29.32
19.91
-3.31
29.67
15.68
-3.39
29.30
20.51
-3.41
28.70
20.09
-3.06
29.07
15.48
-3.51
28.46
21.89
-3.62
27.03
21.43
-3.44
27.53
20.96
-3.35
28.04
15.29
-3.63
27.56
22.32
-3.56
26.35
15.02
-3.69
26.55
14.44
-3.17
26.16
13.98
-2.83
25.94
23.24
-3.92
25.09
22.82
-3.54
25.52
14.96
-3.94
25.46
14.44
-3.41
25.34
13.90
-2.99
25.27
23.78
-3.84
23.98
23.43
-3.63
24.55
23.07
-3.20
24.86
14.92
-4.06
24.47
14.41
-3.54
24.43
13.85
-3.10
24.41
23.97
-3.86
23.28
14.90
-4.10
23.49
14.39
-3.59
23.48
13.82
-3.16
23.47
24.04
-3.83
22.50
14.93
-4.11
22.52
14.40
-3.60
22.51
13.82
-3.17
22.51
24.01
-3.81
21.72
15.02
-4.07
21.57
14.45
-3.56
21.56
13.85
-3.12
21.56
23.85
-3.77
21.02
23.49
-3.58
20.42
15.18
-3.94
20.66
14.54
-3.45
20.67
13.92
-3.02
20.68
22.92
-3.47
19.76
22.23
-3.75
19.40
21.42
-3.87
19.22
20.58
-3.93
19.13
19.87
-3.96
19.09
15.35
-3.63
19.88
14.66
-3.22
19.92
14.06
-2.85
19.95
22.60
-2.98
19.39
22.11
-3.05
19.19
21.36
-3.12
19.03
20.48
-3.20
18.95
19.49
-3.37
18.92
18.48
-3.26
18.88
17.52
-3.22
18.90
16.60
-3.17
19.00
15.67
-3.17
19.26
14.78
-2.84
19.37
14.21
-2.64
19.48
18.75
-3.04
31.51
18.29
-2.65
31.63
17.63
-2.59
31.76
17.04
-2.52
31.62
18.99
-2.84
31.11
18.63
-2.30
31.21
16.43
-2.46
31.20
15.95
-2.09
30.85
19.21
-2.53
30.43
18.85
-2.10
30.74
16.11
-2.78
30.74
15.64
-2.39
30.26
15.16
-1.92
29.89
19.56
-2.48
29.61
15.32
-2.67
29.36
14.92
-2.04
29.29
20.34
-2.61
28.36
19.91
-2.44
28.88
15.09
-2.84
28.50
14.64
-2.19
28.49
21.77
-2.93
26.85
21.34
-2.62
27.20
20.79
-2.59
27.78
14.88
-2.98
27.67
14.35
-2.36
27.61
13.84
-2.07
27.18
22.02
-2.57
26.28
21.57
-2.22
26.71
14.75
-3.13
27.00
14.29
-2.74
26.78
13.57
-2.30
26.35
12.79
-1.91
25.95
12.34
-1.66
25.72
22.51
-2.53
25.40
13.35
-2.56
25.33
12.73
-2.16
25.23
12.23
-1.77
25.16
23.67
-3.33
23.77
23.38
-3.01
24.04
22.91
-2.47
24.45
13.26
-2.70
24.42
12.67
-2.30
24.39
12.14
-1.85
24.37
23.74
-3.23
23.23
23.41
-2.70
23.33
23.02
-2.13
23.48
13.22
-2.76
23.48
12.63
-2.35
23.48
12.10
-1.89
23.48
23.78
-3.14
22.49
23.44
-2.53
22.51
23.09
-1.97
22.62
13.22
-2.75
22.52
12.63
-2.33
22.54
12.11
-1.89
22.57
23.76
-3.10
21.72
23.38
-2.39
21.61
23.11
-1.90
21.95
13.24
-2.69
21.58
12.65
-2.24
21.62
12.16
-1.83
21.73
23.70
-3.15
21.12
23.35
-2.66
20.69
13.32
-2.55
20.68
12.68
-2.00
20.70
12.23
-1.74
21.09
22.99
-2.58
19.88
13.54
-2.39
19.92
13.01
-1.90
19.91
22.61
-2.42
19.39
22.08
-2.38
19.11
21.33
-2.36
18.93
20.45
-2.38
18.82
19.48
-2.43
18.76
18.49
-2.40
18.72
17.51
-2.38
18.72
16.55
-2.35
18.77
15.60
-2.31
18.89
14.70
-2.19
19.04
13.88
-2.10
19.33
13.31
-1.78
19.45
17.99
-1.84
31.55
17.51
-1.81
31.69
16.99
-1.75
31.62
18.32
-1.65
31.13
16.45
-1.56
31.32
15.87
-1.41
30.96
19.04
-1.88
30.13
18.66
-1.51
30.48
15.43
-1.49
30.50
14.99
-1.31
30.03
19.22
-1.61
29.46
18.81
-1.18
29.83
14.55
-1.33
29.35
20.18
-1.99
28.14
19.70
-1.59
28.54
14.18
-1.50
28.56
13.72
-1.26
28.18
21.07
-1.95
27.12
20.53
-1.76
27.56
19.99
-1.14
27.78
14.05
-1.80
27.91
13.58
-1.55
27.57
21.83
-1.64
26.01
21.29
-1.49
26.60
20.67
-1.12
27.02
20.22
-0.85
27.30
13.16
-1.62
26.88
12.60
-1.42
26.44
12.10
-1.20
25.97
22.21
-1.60
25.28
11.84
-1.25
25.24
22.51
-1.54
24.41
11.69
-1.33
24.39
22.66
-1.42
23.49
11.64
-1.37
23.49
22.75
-1.35
22.57
11.66
-1.37
22.57
23.09
-1.81
21.25
22.84
-1.38
21.64
11.75
-1.34
21.69
22.99
-1.72
20.58
22.76
-1.23
20.92
12.30
-1.39
20.37
11.94
-1.30
20.93
22.84
-1.81
19.87
12.65
-1.29
19.77
22.56
-1.80
19.41
22.05
-1.70
19.15
21.31
-1.57
18.98
20.43
-1.54
18.82
19.48
-1.52
18.73
18.49
-1.49
18.67
17.50
-1.47
18.64
16.52
-1.45
18.65
15.56
-1.42
18.70
14.64
-1.37
18.82
13.82
-1.31
19.03
13.14
-1.23
19.30
17.80
-1.32
31.46
17.42
-1.17
31.52
16.99
-1.16
31.54
17.94
-1.04
31.08
17.36
-0.49
31.09
16.58
-0.64
31.25
15.73
-0.50
30.94
15.23
-0.12
30.69
18.25
-0.77
30.42
17.80
-0.16
30.49
15.32
-0.81
30.61
14.86
-0.44
30.26
19.00
-0.93
29.17
18.54
-0.42
29.55
18.08
0.02
29.95
14.15
-0.44
29.47
13.43
-0.08
29.02
12.82
0.20
28.74
12.43
0.41
28.55
19.26
-0.75
28.53
18.85
-0.14
28.67
13.90
-0.89
28.82
13.37
-0.70
28.40
12.74
-0.23
28.23
12.27
0.22
28.12
19.54
-0.33
27.78
19.09
0.05
28.10
13.10
-1.00
27.68
12.56
-0.55
27.57
12.04
-0.00
27.41
21.70
-0.96
25.80
21.25
-0.57
26.11
20.61
-0.39
26.66
20.05
-0.27
27.14
12.89
-1.18
27.16
12.44
-0.89
26.90
11.75
-0.34
26.39
11.24
0.12
25.90
21.92
-0.73
25.20
21.56
-0.32
25.53
11.45
-0.60
25.34
11.03
0.02
25.25
22.19
-0.74
24.36
11.27
-0.72
24.42
10.84
-0.06
24.39
22.32
-0.69
23.47
11.21
-0.78
23.48
10.77
-0.16
23.46
22.40
-0.65
22.54
11.22
-0.79
22.54
10.78
-0.19
22.53
22.43
-0.65
21.60
11.33
-0.74
21.62
10.86
-0.12
21.64
22.70
-1.18
20.30
22.37
-0.65
20.63
21.89
-0.14
20.32
12.02
-0.87
20.20
11.57
-0.61
20.69
11.03
0.05
20.81
22.61
-1.26
19.82
22.22
-0.80
19.85
21.66
-0.29
19.76
12.25
-0.52
19.67
11.64
-0.11
20.01
11.22
0.21
20.25
22.47
-1.36
19.47
22.06
-1.12
19.36
21.30
-0.73
19.23
20.39
-0.71
18.96
19.46
-0.64
18.81
18.49
-0.55
18.73
17.49
-0.53
18.66
16.50
-0.51
18.63
15.53
-0.49
18.64
14.59
-0.47
18.71
13.71
-0.45
18.88
12.91
-0.44
19.18
17.04
0.46
30.84
16.42
0.42
31.04
15.75
0.48
30.95
15.19
0.57
30.71
17.51
0.57
30.35
14.67
0.54
30.32
18.26
0.48
29.23
17.88
0.62
29.77
14.06
0.57
29.80
13.40
0.71
29.37
12.80
0.83
29.02
12.33
0.90
28.66
18.56
0.60
28.55
12.00
0.85
28.15
19.37
0.47
27.43
18.93
0.64
27.90
11.70
0.75
27.47
20.99
0.25
25.85
20.43
0.39
26.34
19.85
0.48
26.87
11.38
0.66
26.69
11.00
0.75
26.01
21.78
-0.15
24.92
21.39
0.27
25.18
10.69
0.73
25.28
21.90
-0.08
24.29
21.53
0.49
24.34
10.36
0.73
24.37
9.96
1.13
23.94
21.99
-0.02
23.45
21.60
0.60
23.46
10.32
0.46
23.42
9.90
1.00
23.30
22.03
0.02
22.54
21.63
0.65
22.53
10.33
0.40
22.53
9.89
0.95
22.52
22.04
0.01
21.66
21.61
0.63
21.60
10.40
0.50
21.66
9.95
1.02
21.76
22.02
-0.04
20.96
21.56
0.44
20.67
10.56
0.81
20.79
10.06
1.18
21.17
21.07
0.41
19.84
20.29
0.68
19.48
19.52
0.85
19.26
18.86
0.96
19.13
12.15
0.17
19.39
11.64
0.57
19.58
11.07
0.77
20.06
20.91
-0.07
19.36
20.28
0.04
19.15
19.45
0.18
19.00
18.49
0.44
18.90
17.47
0.43
18.78
16.48
0.44
18.69
15.50
0.46
18.66
14.54
0.47
18.69
13.59
0.48
18.81
12.64
0.50
19.07
12.00
0.86
19.22
16.85
1.26
30.65
16.31
1.34
30.85
15.71
1.38
30.86
15.17
1.37
30.70
17.26
1.33
30.18
14.66
1.47
30.37
18.05
1.10
29.05
17.66
1.42
29.47
14.04
1.52
29.94
13.39
1.58
29.54
12.78
1.63
29.17
12.26
1.66
28.74
18.23
1.42
28.42
17.82
1.79
28.82
11.85
1.64
28.20
19.21
1.09
27.19
18.72
1.47
27.56
11.50
1.61
27.54
20.76
0.80
25.67
20.24
1.15
25.93
19.55
1.31
26.59
19.01
1.77
26.87
11.14
1.58
26.82
10.76
1.59
26.11
20.96
0.92
25.13
20.47
1.42
25.18
10.42
1.50
25.42
21.09
1.07
24.35
20.60
1.59
24.37
10.09
1.50
24.73
9.68
1.77
24.09
9.34
2.19
23.77
21.16
1.18
23.47
20.68
1.70
23.50
9.54
1.57
23.29
9.23
2.13
23.22
21.18
1.25
22.56
20.74
1.75
22.63
9.51
1.51
22.52
9.19
2.11
22.52
21.10
1.34
21.62
20.76
1.76
21.94
9.58
1.59
21.77
9.26
2.14
21.85
21.06
1.19
20.77
10.40
1.66
20.43
9.81
1.83
21.07
9.41
2.22
21.35
20.76
1.17
20.15
20.17
1.33
19.82
19.41
1.51
19.59
18.55
1.57
19.30
17.82
1.82
19.19
11.45
1.21
19.46
11.00
1.55
19.77
18.15
1.13
19.03
17.40
1.35
18.96
16.44
1.34
18.82
15.48
1.40
18.76
14.50
1.40
18.74
13.55
1.40
18.80
12.64
1.43
18.96
11.83
1.52
19.18
11.35
1.80
19.38
16.71
1.85
30.51
16.27
2.20
30.59
15.64
2.25
30.69
15.19
2.04
30.64
16.97
2.02
30.10
16.58
2.63
30.10
15.30
2.70
30.52
14.80
2.43
30.37
17.28
2.22
29.42
16.90
2.87
29.47
14.08
2.48
29.97
13.40
2.51
29.60
12.77
2.53
29.22
12.22
2.54
28.78
18.01
2.12
28.14
17.56
2.54
28.56
17.14
3.02
28.89
11.78
2.54
28.23
18.25
2.41
27.42
17.78
2.82
27.83
11.40
2.54
27.58
19.91
1.71
25.74
19.43
1.98
26.03
18.77
2.50
26.44
11.00
2.54
26.89
10.52
2.58
26.14
10.17
3.03
25.80
20.00
1.91
25.17
19.49
2.35
25.29
18.95
2.88
25.44
10.19
2.24
25.48
9.92
2.87
25.33
20.09
2.09
24.39
19.55
2.58
24.45
19.08
3.06
24.57
9.95
2.09
24.96
9.62
2.60
24.62
9.23
2.77
23.93
20.15
2.20
23.49
19.55
2.78
23.49
19.15
3.15
23.86
9.04
2.80
23.25
20.25
2.21
22.56
19.69
2.73
22.52
8.99
2.80
22.53
20.76
1.75
21.31
20.37
2.12
21.63
19.73
2.66
21.62
9.08
2.81
21.84
20.69
1.70
20.78
20.23
2.08
20.83
19.60
2.53
20.82
10.40
2.54
20.24
9.80
2.66
20.78
9.34
2.79
21.26
20.56
1.61
20.34
20.11
1.85
20.23
19.31
2.24
20.10
18.43
2.36
19.70
17.47
2.51
19.40
16.55
2.79
19.24
15.83
2.91
19.13
10.93
2.35
19.72
17.10
2.01
19.09
16.39
2.13
19.00
15.46
2.35
18.93
14.47
2.27
18.87
13.53
2.26
18.89
12.65
2.25
19.00
11.89
2.25
19.16
11.35
2.30
19.37
16.06
2.83
30.47
15.73
2.84
30.56
16.14
3.36
30.06
15.48
3.34
30.32
14.80
3.40
30.18
16.58
3.58
29.36
14.11
3.44
29.89
13.42
3.45
29.57
12.77
3.46
29.21
12.22
3.46
28.78
17.35
3.23
28.22
16.96
3.64
28.58
11.77
3.48
28.24
17.99
3.12
27.10
17.55
3.51
27.51
17.14
3.90
27.90
11.38
3.50
27.61
18.17
3.42
26.37
17.74
3.80
26.79
10.97
3.51
26.97
10.53
3.55
26.35
10.13
3.67
25.86
18.45
3.57
25.42
9.78
3.64
25.33
18.66
3.65
24.48
9.44
3.57
24.69
9.12
3.60
24.01
19.20
3.21
23.14
18.83
3.62
23.50
8.93
3.61
23.28
19.21
3.23
22.44
18.76
3.76
22.53
8.88
3.61
22.54
19.17
3.19
21.61
18.64
3.76
21.63
9.00
3.61
21.83
19.04
3.06
20.85
18.39
3.62
20.79
17.83
3.91
20.43
11.98
4.18
19.78
11.40
3.95
19.91
10.64
3.52
20.17
9.86
3.56
20.71
9.32
3.59
21.23
18.91
2.82
20.33
18.31
3.09
20.15
17.44
3.51
19.90
16.45
3.59
19.53
15.47
3.56
19.29
14.47
3.76
19.27
13.52
3.82
19.33
12.50
3.83
19.50
11.70
3.42
19.58
11.13
3.02
19.69
15.11
2.99
19.06
14.39
3.03
19.04
13.50
3.04
19.08
12.61
3.01
19.18
11.87
2.87
19.29
11.41
2.75
19.40
15.92
4.30
29.77
15.40
4.28
30.02
14.81
4.31
29.97
16.31
4.39
29.21
14.15
4.34
29.75
13.46
4.35
29.46
12.81
4.34
29.14
12.26
4.35
28.74
16.62
4.46
28.46
11.82
4.39
28.22
17.32
4.17
27.20
16.93
4.54
27.60
11.43
4.45
27.60
17.90
4.08
26.08
17.48
4.45
26.48
17.07
4.81
26.89
11.00
4.47
26.96
10.55
4.46
26.39
10.12
4.47
25.88
18.01
4.32
25.35
17.62
4.70
25.74
9.75
4.48
25.34
18.24
4.33
24.42
9.40
4.49
24.71
9.09
4.50
24.03
18.36
4.35
23.50
8.89
4.50
23.29
18.33
4.40
22.58
8.85
4.49
22.55
18.16
4.45
21.68
17.78
4.83
21.32
8.99
4.49
21.84
18.07
4.22
21.03
17.59
4.56
20.71
12.05
4.77
19.94
11.34
4.70
20.14
10.58
4.55
20.40
9.86
4.50
20.79
9.32
4.48
21.25
17.06
4.41
20.14
16.31
4.47
19.80
15.43
4.51
19.58
14.51
4.59
19.51
13.61
4.64
19.56
12.76
4.68
19.72
15.76
5.02
29.59
15.35
5.02
29.78
14.83
5.04
29.76
16.04
5.09
29.10
14.25
5.11
29.52
13.53
5.13
29.27
12.86
5.12
29.00
12.34
5.11
28.66
16.26
5.19
28.38
11.97
5.22
28.17
16.49
5.30
27.51
11.59
5.38
27.53
17.21
5.06
26.15
16.79
5.40
26.58
11.08
5.42
26.85
10.59
5.31
26.30
10.17
5.24
25.84
17.77
4.87
25.03
17.34
5.29
25.38
16.89
5.65
25.82
9.82
5.31
25.32
17.88
4.93
24.34
17.46
5.47
24.40
9.47
5.40
24.69
9.14
5.39
24.01
17.96
4.99
23.49
17.52
5.57
23.49
8.94
5.38
23.29
17.96
5.01
22.64
17.52
5.60
22.57
8.91
5.38
22.55
17.90
4.98
21.97
17.49
5.41
21.65
9.05
5.37
21.86
17.08
5.39
20.79
16.56
5.68
20.45
12.14
5.55
20.10
11.37
5.54
20.32
10.59
5.48
20.58
9.87
5.42
20.92
9.35
5.33
21.31
16.82
5.06
20.30
16.24
5.33
20.08
15.40
5.38
19.85
14.53
5.42
19.75
13.68
5.46
19.77
12.88
5.49
19.90
15.62
5.44
29.45
15.29
5.51
29.52
14.89
5.50
29.53
15.70
5.59
29.04
15.19
5.82
29.06
14.48
5.76
29.14
13.61
5.78
28.93
12.91
5.72
28.74
12.46
5.62
28.56
15.80
5.77
28.33
15.18
6.17
28.34
14.42
6.31
28.43
13.60
6.33
28.40
12.86
6.20
28.28
12.27
5.89
28.14
15.96
5.97
27.45
15.22
6.61
27.39
14.38
6.83
27.70
13.55
6.86
27.80
12.77
6.72
27.71
11.97
6.36
27.40
16.23
6.10
26.49
15.62
6.77
26.42
11.23
6.44
26.54
10.61
6.08
26.05
10.24
5.81
25.76
16.97
5.85
25.08
16.51
6.20
25.48
15.89
6.87
25.47
10.94
6.89
25.95
10.46
6.67
25.52
10.03
6.06
25.33
17.02
6.00
24.38
16.53
6.46
24.51
16.01
6.99
24.54
10.12
6.82
24.95
9.70
6.35
24.61
9.28
6.20
23.93
17.04
6.14
23.51
16.54
6.62
23.64
16.07
7.07
23.70
9.08
6.18
23.27
16.98
6.30
22.54
16.49
6.78
22.87
16.10
7.12
23.06
9.05
6.19
22.56
17.01
6.15
21.69
9.53
6.61
21.57
9.21
6.22
21.86
16.77
6.12
21.04
16.25
6.24
20.60
15.68
6.51
20.47
12.28
6.40
20.29
11.45
6.42
20.52
10.64
6.38
20.78
9.87
6.33
21.15
9.41
5.99
21.39
15.97
5.95
20.22
15.34
6.18
20.13
14.51
6.19
20.00
13.71
6.22
19.99
12.98
6.26
20.08
14.87
7.18
26.93
14.27
7.44
27.06
13.50
7.42
27.26
12.78
7.35
27.21
12.15
7.25
26.94
15.05
7.43
26.26
14.53
7.73
26.51
11.63
7.36
26.36
15.37
7.48
25.39
11.16
7.50
25.73
10.69
7.39
25.23
15.53
7.54
24.50
10.28
7.37
24.65
9.79
7.14
24.06
9.40
6.76
23.77
15.62
7.56
23.60
9.64
7.33
23.30
9.28
6.82
23.24
16.67
6.69
22.14
16.28
7.01
22.30
15.71
7.47
22.66
9.61
7.34
22.57
9.25
6.83
22.60
16.64
6.64
21.64
16.13
7.01
21.63
15.37
7.50
21.67
14.56
7.86
21.31
13.96
8.02
21.09
9.69
7.17
21.85
9.32
6.78
22.07
16.55
6.55
21.20
16.11
6.74
21.02
15.36
7.00
20.81
14.50
7.35
20.74
13.59
7.60
20.70
12.59
7.29
20.56
11.59
7.30
20.79
10.76
7.19
21.01
10.11
7.12
21.32
15.06
6.70
20.36
14.44
6.82
20.29
13.70
6.90
20.27
13.08
6.85
20.26
13.98
7.91
26.71
13.43
7.94
26.82
12.80
7.90
26.80
12.31
7.80
26.66
14.75
7.93
25.92
14.18
8.26
26.12
13.43
8.41
26.32
12.74
8.37
26.31
12.06
8.13
26.12
14.94
8.04
25.28
14.45
8.56
25.26
11.47
8.25
25.30
10.90
7.91
24.96
15.08
8.11
24.45
14.63
8.68
24.42
11.27
8.61
24.37
10.61
8.01
24.27
10.12
7.70
23.90
15.14
8.13
23.58
14.68
8.71
23.56
11.17
8.78
23.48
10.58
8.27
23.42
10.07
7.84
23.30
15.13
8.09
22.74
14.61
8.65
22.73
11.19
8.79
22.64
10.60
8.32
22.61
10.07
7.86
22.58
14.97
8.05
22.07
14.37
8.46
21.90
13.72
8.50
21.40
11.35
8.61
21.89
10.70
8.17
21.90
10.15
7.75
21.91
13.20
8.30
21.05
12.48
8.18
20.99
11.63
8.18
21.24
10.82
7.83
21.35
10.32
7.62
21.47
13.84
8.81
25.74
13.35
8.90
25.85
12.75
8.86
25.82
12.27
8.68
25.76
13.93
9.13
25.12
13.33
9.30
25.28
12.68
9.30
25.18
12.07
8.91
25.19
14.17
9.22
24.35
12.42
9.49
24.63
11.93
9.23
24.36
14.23
9.24
23.56
11.74
9.28
23.49
14.15
9.20
22.80
11.76
9.26
22.69
13.90
9.11
22.16
13.31
9.08
21.72
12.63
9.20
21.75
11.99
9.12
21.96
13.01
8.77
21.30
12.53
8.77
21.31
12.03
8.75
21.44
13.70
9.53
24.75
13.32
9.63
24.80
12.90
9.63
24.79
13.77
9.61
24.23
13.28
9.78
24.22
12.71
9.74
24.26
12.26
9.61
24.03
13.79
9.64
23.53
13.28
9.83
23.51
12.72
9.83
23.50
12.21
9.65
23.44
13.75
9.59
22.85
13.26
9.77
22.82
12.72
9.78
22.80
12.22
9.62
22.77
13.66
9.49
22.37
13.25
9.55
22.24
12.71
9.59
22.21
12.29
9.52
22.27
