2
1
0
1
2
3
1
42
0
42
1
43
42
2
0
2
42
44
45
43
1
3
45
1
6
3
2
3
6
7
44
6
2
6
44
49
50
45
3
7
50
3
8
5
4
5
8
9
5
47
4
47
5
48
47
8
4
8
47
52
10
6
5
9
10
5
49
48
5
6
49
5
10
7
6
7
10
11
53
50
7
11
53
7
12
9
8
9
12
13
52
12
8
12
52
56
14
10
9
13
14
9
14
11
10
11
14
15
57
53
11
15
57
11
16
13
12
13
16
17
56
16
12
16
56
61
18
14
13
17
18
13
18
15
14
15
18
19
62
57
15
19
62
15
20
17
16
17
20
21
61
20
16
20
61
66
22
18
17
21
22
17
22
19
18
19
22
23
67
62
19
23
67
19
26
21
20
21
26
27
66
26
20
26
66
73
28
22
21
27
28
21
28
23
22
23
28
29
76
67
23
29
76
23
30
25
24
25
30
31
25
69
24
69
25
70
69
30
24
30
69
78
79
70
25
31
79
25
73
27
26
27
73
74
75
28
27
74
75
27
75
29
28
29
75
76
34
31
30
31
34
35
78
34
30
34
78
85
36
32
31
35
36
31
80
79
31
32
80
31
36
33
32
33
36
37
33
80
32
80
33
81
87
81
33
37
87
33
38
35
34
35
38
39
85
38
34
38
85
89
40
36
35
39
40
35
40
37
36
37
40
41
92
87
37
41
92
37
89
39
38
39
89
90
91
40
39
90
91
39
91
41
40
41
91
92
43
44
42
44
43
45
45
93
44
93
45
94
93
49
44
49
93
98
51
46
45
50
51
45
95
94
45
46
95
45
51
95
46
95
51
100
97
96
47
48
97
47
101
52
47
96
101
47
49
97
48
97
49
98
53
51
50
51
53
54
102
100
51
54
102
51
101
56
52
56
101
104
58
54
53
57
58
53
58
102
54
102
58
105
61
56
55
60
61
55
104
103
55
56
104
55
107
60
55
103
107
55
63
58
57
62
63
57
63
105
58
105
63
109
65
60
59
64
65
59
107
106
59
60
107
59
110
64
59
106
110
59
65
61
60
61
65
66
67
63
62
63
67
68
111
109
63
68
111
63
71
65
64
65
71
72
110
71
64
71
110
114
73
66
65
72
73
65
77
68
67
76
77
67
77
111
68
111
77
117
113
112
69
70
113
69
118
78
69
112
118
69
79
71
70
71
79
80
71
113
70
113
71
114
81
72
71
80
81
71
81
73
72
73
81
82
83
74
73
82
83
73
83
75
74
75
83
84
116
76
75
115
116
75
121
115
75
84
121
75
116
77
76
77
116
117
118
85
78
85
118
122
88
82
81
87
88
81
119
83
82
83
119
120
88
119
82
119
88
125
121
84
83
120
121
83
128
89
85
122
128
85
87
91
86
91
87
92
123
87
86
87
123
124
91
123
86
123
91
130
125
88
87
124
125
87
129
90
89
128
129
89
129
91
90
91
129
130
99
98
93
94
99
93
95
131
94
131
95
132
131
99
94
99
131
136
137
132
95
100
137
95
97
133
96
133
97
134
133
101
96
101
133
138
135
134
97
98
135
97
99
135
98
135
99
136
102
137
100
137
102
139
140
104
101
138
140
101
105
139
102
139
105
141
108
107
103
104
108
103
140
108
104
108
140
144
145
141
105
109
145
105
107
142
106
142
107
143
142
110
106
110
142
146
144
143
107
108
144
107
147
145
109
111
147
109
146
114
110
114
146
150
153
147
111
117
153
111
113
148
112
148
113
149
148
118
112
118
148
154
150
149
113
114
150
113
152
116
115
151
152
115
155
151
115
121
155
115
152
117
116
117
152
153
154
122
118
122
154
156
126
120
119
125
126
119
126
121
120
121
126
127
161
155
121
127
161
121
156
128
122
128
156
162
158
124
123
157
158
123
164
157
123
130
164
123
158
125
124
125
158
159
160
126
125
159
160
125
160
127
126
127
160
161
162
129
128
129
162
163
164
130
129
163
164
129
174
173
131
132
174
131
178
136
131
173
178
131
137
174
132
174
137
179
176
175
133
134
176
133
180
138
133
175
180
133
135
176
134
176
135
177
178
177
135
136
178
135
181
179
137
139
181
137
180
140
138
140
180
184
185
181
139
141
185
139
184
144
140
144
184
188
189
185
141
145
189
141
143
186
142
186
143
187
186
146
142
146
186
191
188
187
143
144
188
143
192
189
145
147
192
145
191
150
146
150
191
195
198
192
147
153
198
147
149
193
148
193
149
194
193
154
148
154
193
199
195
194
149
150
195
149
197
152
151
196
197
151
200
196
151
155
200
151
197
153
152
153
197
198
199
156
154
156
199
201
204
200
155
161
204
155
201
162
156
162
201
205
165
158
157
164
165
157
165
159
158
159
165
166
167
160
159
166
167
159
167
161
160
161
167
168
209
204
161
168
209
161
205
163
162
163
205
206
170
164
163
169
170
163
210
169
163
206
210
163
170
165
164
165
170
171
172
166
165
171
172
165
207
167
166
167
207
208
172
207
166
207
172
213
209
168
167
208
209
167
211
170
169
210
211
169
211
171
170
171
211
212
213
172
171
212
213
171
215
214
173
174
215
173
219
178
173
214
219
173
179
215
174
215
179
220
217
216
175
176
217
175
221
180
175
216
221
175
177
217
176
217
177
218
219
218
177
178
219
177
222
220
179
181
222
179
221
184
180
184
221
227
228
222
181
185
228
181
186
183
182
183
186
187
183
225
182
225
183
226
225
186
182
186
225
231
188
184
183
187
188
183
227
226
183
184
227
183
232
228
185
189
232
185
231
191
186
191
231
235
236
232
189
192
236
189
194
191
190
191
194
195
191
234
190
234
191
235
234
194
190
194
234
238
198
236
192
236
198
241
238
237
193
194
238
193
242
199
193
237
242
193
239
197
196
197
239
240
200
239
196
239
200
243
241
198
197
240
241
197
244
201
199
242
244
199
204
243
200
243
204
247
248
205
201
244
248
201
203
207
202
207
203
208
245
203
202
203
245
246
207
245
202
245
207
251
252
208
203
246
252
203
209
247
204
247
209
253
249
206
205
248
249
205
249
210
206
210
249
254
257
251
207
213
257
207
252
209
208
209
252
253
254
211
210
211
254
255
256
212
211
255
256
211
256
213
212
213
256
257
215
258
214
258
215
259
258
219
214
219
258
263
264
259
215
220
264
215
217
260
216
260
217
261
260
221
216
221
260
265
262
261
217
218
262
217
219
262
218
262
219
263
222
264
220
264
222
266
271
227
221
265
271
221
228
266
222
266
228
272
230
224
223
229
230
223
268
267
223
224
268
223
273
229
223
267
273
223
230
225
224
225
230
231
225
268
224
268
225
269
270
269
225
226
270
225
227
270
226
270
227
271
232
272
228
272
232
274
234
230
229
233
234
229
275
233
229
273
275
229
234
231
230
231
234
235
236
274
232
274
236
276
238
234
233
237
238
233
277
237
233
275
277
233
241
276
236
276
241
280
281
242
237
277
281
237
279
240
239
278
279
239
283
278
239
243
283
239
279
241
240
241
279
280
281
244
242
244
281
284
287
283
243
247
287
243
284
248
244
248
284
288
286
246
245
285
286
245
292
285
245
251
292
245
247
252
246
252
247
253
286
247
246
247
286
287
288
249
248
249
288
289
255
254
249
250
255
249
290
250
249
289
290
249
290
255
250
255
290
293
295
292
251
257
295
251
294
256
255
293
294
255
294
257
256
257
294
295
259
296
258
296
259
297
296
263
258
263
296
301
302
297
259
264
302
259
261
298
260
298
261
299
298
265
260
265
298
303
300
299
261
262
300
261
263
300
262
300
263
301
266
302
264
302
266
304
309
271
265
303
309
265
272
304
266
304
272
310
306
305
267
268
306
267
311
273
267
305
311
267
269
306
268
306
269
307
308
307
269
270
308
269
271
308
270
308
271
309
274
310
272
310
274
312
314
275
273
311
314
273
276
312
274
312
276
317
319
277
275
314
319
275
280
317
276
317
280
322
324
281
277
319
324
277
320
279
278
279
320
321
283
320
278
320
283
327
322
280
279
321
322
279
328
284
281
324
328
281
283
286
282
286
283
287
326
283
282
283
326
327
286
326
282
326
286
333
328
288
284
288
328
334
333
286
285
332
333
285
338
332
285
292
338
285
334
289
288
289
334
335
336
290
289
335
336
289
291
293
290
293
291
294
336
291
290
291
336
337
295
294
291
292
295
291
338
292
291
337
338
291
297
342
296
342
297
343
342
301
296
301
342
347
348
343
297
302
348
297
299
344
298
344
299
345
344
303
298
303
344
349
346
345
299
300
346
299
301
346
300
346
301
347
304
348
302
348
304
351
356
309
303
349
356
303
310
351
304
351
310
359
353
352
305
306
353
305
360
311
305
352
360
305
307
353
306
353
307
354
355
354
307
308
355
307
309
355
308
355
309
356
312
359
310
359
312
363
365
314
311
360
365
311
317
363
312
363
317
368
319
314
313
318
319
313
365
364
313
314
365
313
369
318
313
364
369
313
321
320
315
316
321
315
367
316
315
366
367
315
373
366
315
320
373
315
317
321
316
321
317
322
367
317
316
317
367
368
323
319
318
319
323
324
369
323
318
323
369
374
327
373
320
373
327
381
375
324
323
374
375
323
375
328
324
328
375
382
333
332
325
326
333
325
380
326
325
379
380
325
386
379
325
332
386
325
380
327
326
327
380
381
329
334
328
334
329
335
382
329
328
329
382
383
336
335
329
330
336
329
384
330
329
383
384
329
331
336
330
336
331
337
384
331
330
331
384
385
338
337
331
332
338
331
386
332
331
385
386
331
345
340
339
344
345
339
388
387
339
340
388
339
392
344
339
387
392
339
345
341
340
341
345
346
341
388
340
388
341
389
347
342
341
346
347
341
390
389
341
342
390
341
343
390
342
390
343
391
396
391
343
348
396
343
392
349
344
349
392
399
351
396
348
396
351
402
408
356
349
399
408
349
351
358
350
358
351
359
401
351
350
351
401
402
358
401
350
401
358
410
353
404
352
404
353
405
404
360
352
360
404
412
406
405
353
354
406
353
355
406
354
406
355
407
408
407
355
356
408
355
362
361
357
358
362
357
410
358
357
409
410
357
413
409
357
361
413
357
359
362
358
362
359
363
412
365
360
365
412
415
367
366
361
362
367
361
417
413
361
366
417
361
363
367
362
367
363
368
365
414
364
414
365
415
414
369
364
369
414
418
373
417
366
417
373
423
375
374
369
370
375
369
419
370
369
418
419
369
419
375
370
375
419
424
379
378
371
372
379
371
421
372
371
420
421
371
427
420
371
378
427
371
421
379
372
379
421
428
430
423
373
381
430
373
383
382
375
376
383
375
425
376
375
424
425
375
377
383
376
383
377
384
425
377
376
377
425
426
385
384
377
378
385
377
427
378
377
426
427
377
379
385
378
385
379
386
429
380
379
428
429
379
429
381
380
381
429
430
432
431
387
388
432
387
434
392
387
431
434
387
389
393
388
393
389
394
393
432
388
432
393
435
395
394
389
390
395
389
391
395
390
395
391
396
434
399
392
399
434
439
436
435
393
394
436
393
395
400
394
400
395
401
400
436
394
436
400
440
402
401
395
396
402
395
407
398
397
406
407
397
438
437
397
398
438
397
445
406
397
437
445
397
407
399
398
399
407
408
399
438
398
438
399
439
401
409
400
409
401
410
409
440
400
440
409
447
412
404
403
411
412
403
443
442
403
404
443
403
449
411
403
442
449
403
405
443
404
443
405
444
445
444
405
406
445
405
452
447
409
413
452
409
415
412
411
414
415
411
454
414
411
449
454
411
457
452
413
417
457
413
454
418
414
418
454
459
417
422
416
422
417
423
456
417
416
417
456
457
422
456
416
456
422
465
459
419
418
419
459
460
466
424
419
460
466
419
463
421
420
421
463
464
427
463
420
463
427
469
429
428
421
422
429
421
465
422
421
464
465
421
423
429
422
429
423
430
466
425
424
425
466
467
468
426
425
467
468
425
468
427
426
427
468
469
471
470
431
432
471
431
476
434
431
470
476
431
435
433
432
433
435
436
433
471
432
471
433
472
477
472
433
436
477
433
476
439
434
439
476
482
440
477
436
477
440
483
481
480
437
438
481
437
488
445
437
480
488
437
439
481
438
481
439
482
447
483
440
483
447
491
449
442
441
448
449
441
485
484
441
442
485
441
492
448
441
484
492
441
443
485
442
485
443
486
487
486
443
444
487
443
445
487
444
487
445
488
447
451
446
451
447
452
490
447
446
447
490
491
451
490
446
490
451
494
453
449
448
449
453
454
492
453
448
453
492
495
451
455
450
455
451
456
493
451
450
451
493
494
455
493
450
493
455
497
457
456
451
452
457
451
459
454
453
458
459
453
498
458
453
495
498
453
465
464
455
456
465
455
504
497
455
464
504
455
498
459
458
459
498
499
500
460
459
499
500
459
500
466
460
466
500
505
468
467
461
462
468
461
502
462
461
501
502
461
506
501
461
467
506
461
463
468
462
468
463
469
502
463
462
463
502
503
504
464
463
503
504
463
505
467
466
467
505
506
471
510
470
510
471
511
510
476
470
476
510
517
512
511
471
472
512
471
477
512
472
512
477
519
479
474
473
478
479
473
514
513
473
474
514
473
520
478
473
513
520
473
479
475
474
475
479
480
475
514
474
514
475
515
521
515
475
480
521
475
517
482
476
482
517
523
525
519
477
483
525
477
486
479
478
479
486
487
520
486
478
486
520
528
488
480
479
487
488
479
481
521
480
521
481
522
523
522
481
482
523
481
531
525
483
491
531
483
485
526
484
526
485
527
526
492
484
492
526
532
528
527
485
486
528
485
494
493
489
490
494
489
530
490
489
529
530
489
533
529
489
493
533
489
530
491
490
491
530
531
532
495
492
495
532
534
539
533
493
497
539
493
540
498
495
534
540
495
497
503
496
503
497
504
538
497
496
497
538
539
503
538
496
538
503
545
540
499
498
499
540
541
542
500
499
541
542
499
501
505
500
505
501
506
542
501
500
501
542
543
544
502
501
543
544
501
544
503
502
503
544
545
515
508
507
514
515
507
552
551
507
508
552
507
558
514
507
551
558
507
515
509
508
509
515
516
509
552
508
552
509
553
517
510
509
516
517
509
554
553
509
510
554
509
511
554
510
554
511
555
556
555
511
512
556
511
519
556
512
556
519
561
558
557
513
514
558
513
562
520
513
557
562
513
522
516
515
521
522
515
522
517
516
517
522
523
519
524
518
524
519
525
560
519
518
519
560
561
524
560
518
560
524
565
562
528
520
528
562
570
525
530
524
530
525
531
530
565
524
565
530
572
527
568
526
568
527
569
568
532
526
532
568
575
570
569
527
528
570
527
572
530
529
571
572
529
579
571
529
533
579
529
575
534
532
534
575
581
587
579
533
539
587
533
535
540
534
540
535
541
581
535
534
535
581
582
542
541
535
536
542
535
583
536
535
582
583
535
583
542
536
542
583
588
545
544
537
538
545
537
586
538
537
585
586
537
590
585
537
544
590
537
586
539
538
539
586
587
588
543
542
543
588
589
590
544
543
589
590
543
551
547
546
547
551
552
547
591
546
591
547
592
591
551
546
551
591
596
553
548
547
552
553
547
593
592
547
548
593
547
553
549
548
549
553
554
549
593
548
593
549
594
555
550
549
554
555
549
595
594
549
550
595
549
555
595
550
595
555
600
601
558
551
596
601
551
561
560
555
556
561
555
605
600
555
560
605
555
563
562
557
558
563
557
601
563
558
563
601
607
565
564
559
560
565
559
605
560
559
604
605
559
610
604
559
564
610
559
563
606
562
606
563
607
606
570
562
570
606
615
565
571
564
571
565
572
571
610
564
610
571
619
573
567
566
567
573
574
567
611
566
611
567
612
611
573
566
573
611
620
575
568
567
574
575
567
613
612
567
568
613
567
569
613
568
613
569
614
615
614
569
570
615
569
625
619
571
579
625
571
621
574
573
620
621
573
580
575
574
575
580
581
621
580
574
580
621
626
577
584
576
584
577
585
622
577
576
577
622
623
584
622
576
622
584
630
586
585
577
578
586
577
624
578
577
623
624
577
579
586
578
586
579
587
624
579
578
579
624
625
626
581
580
581
626
627
628
582
581
627
628
581
628
583
582
583
628
629
589
588
583
584
589
583
630
584
583
629
630
583
585
589
584
589
585
590
597
596
591
592
597
591
593
597
592
597
593
598
599
598
593
594
599
593
595
599
594
599
595
600
597
601
596
601
597
602
603
602
597
598
603
597
599
603
598
603
599
604
605
604
599
600
605
599
608
607
601
602
608
601
603
608
602
608
603
609
610
609
603
604
610
603
607
615
606
615
607
616
632
631
607
608
632
607
638
616
607
631
638
607
609
632
608
632
609
633
619
618
609
610
619
609
640
633
609
618
640
609
621
620
611
612
621
611
613
634
612
634
613
635
634
621
612
621
634
641
636
635
613
614
636
613
615
636
614
636
615
637
638
637
615
616
638
615
624
623
617
618
624
617
640
618
617
639
640
617
646
639
617
623
646
617
619
624
618
624
619
625
647
626
621
641
647
621
645
623
622
623
645
646
630
645
622
645
630
651
647
627
626
627
647
648
649
628
627
648
649
627
649
629
628
629
649
650
651
630
629
650
651
629
639
638
631
632
639
631
633
639
632
639
633
640
635
641
634
641
635
642
643
642
635
636
643
635
637
643
636
643
637
644
645
644
637
638
645
637
639
645
638
645
639
646
648
647
641
642
648
641
643
648
642
648
643
649
650
649
643
644
650
643
645
650
644
650
645
651
