8.06
-28.45
28.92
7.77
-28.52
28.88
7.60
-28.63
28.88
8.07
-28.51
28.73
7.77
-28.54
28.74
7.60
-28.64
28.81
15.02
-27.59
31.67
14.42
-27.63
31.74
13.87
-27.70
31.72
15.19
-27.80
31.19
14.46
-27.89
31.18
13.73
-27.89
31.25
16.86
-27.80
30.09
16.31
-27.89
30.19
15.48
-27.96
30.45
14.46
-28.07
30.42
13.42
-28.07
30.48
12.44
-28.09
30.23
11.52
-28.05
30.11
10.64
-27.99
30.03
9.93
-27.90
29.97
16.87
-27.85
29.67
16.31
-27.95
29.46
15.42
-28.07
29.49
14.45
-28.18
29.49
13.46
-28.22
29.48
12.48
-28.24
29.38
11.51
-28.23
29.31
10.54
-28.19
29.29
9.51
-28.09
29.34
8.44
-28.15
29.09
7.82
-28.22
28.89
7.62
-28.52
28.86
16.12
-27.97
28.79
15.42
-28.06
28.53
14.43
-28.19
28.56
13.46
-28.27
28.53
12.49
-28.31
28.47
11.50
-28.33
28.43
10.51
-28.33
28.43
9.50
-28.31
28.45
8.47
-28.34
28.47
7.81
-28.25
28.47
7.62
-28.53
28.74
15.14
-28.02
27.67
14.34
-28.14
27.70
13.45
-28.22
27.63
12.49
-28.28
27.53
11.50
-28.33
27.51
10.51
-28.35
27.52
9.56
-28.32
27.53
8.66
-28.23
27.55
7.96
-28.01
27.56
14.98
-27.95
27.05
14.33
-28.02
26.94
13.50
-28.09
26.79
12.53
-28.14
26.52
11.48
-28.23
26.59
10.52
-28.26
26.62
9.60
-28.21
26.64
8.75
-28.07
26.67
8.07
-27.84
26.72
12.18
-27.99
25.71
11.37
-28.07
25.78
10.50
-28.08
25.81
9.62
-28.00
25.83
8.76
-27.81
25.84
8.17
-27.67
26.09
11.99
-27.82
25.17
11.34
-27.83
25.13
10.52
-27.79
25.13
9.68
-27.70
25.17
9.02
-27.62
25.29
13.80
-27.03
32.53
13.25
-27.08
32.52
12.50
-27.05
32.54
11.77
-26.99
32.53
11.25
-26.91
32.51
18.06
-26.73
31.68
17.35
-26.84
31.76
16.45
-26.98
31.86
15.40
-27.19
31.94
14.28
-27.19
32.23
13.41
-27.45
32.05
12.48
-27.37
32.10
11.64
-27.24
32.11
10.83
-26.98
32.16
9.93
-26.80
31.91
9.35
-26.67
31.71
19.83
-26.62
30.83
19.24
-26.82
30.97
18.39
-26.97
31.19
17.43
-27.23
31.19
16.57
-27.41
31.31
15.79
-27.59
31.36
13.13
-27.76
31.48
12.37
-27.66
31.52
11.53
-27.54
31.50
10.68
-27.37
31.44
9.84
-27.17
31.29
9.16
-26.87
31.23
20.63
-26.58
29.84
20.12
-26.74
30.20
19.30
-27.08
30.25
18.38
-27.31
30.33
17.34
-27.58
30.37
16.55
-27.70
30.70
15.95
-27.79
30.86
12.96
-27.93
30.97
12.32
-27.89
30.90
11.49
-27.82
30.82
10.61
-27.70
30.71
9.68
-27.55
30.49
8.89
-27.14
30.54
20.70
-26.68
29.24
20.11
-26.99
29.34
19.32
-27.26
29.39
18.41
-27.48
29.42
17.39
-27.71
29.41
16.78
-27.85
29.09
9.19
-27.72
29.87
8.42
-27.46
29.73
7.64
-27.41
29.07
7.18
-26.98
28.81
20.75
-26.73
28.42
20.13
-27.09
28.44
19.34
-27.34
28.46
18.45
-27.52
28.46
17.50
-27.68
28.44
16.60
-27.85
28.39
15.94
-27.94
28.12
7.44
-27.59
28.33
7.01
-27.00
28.25
20.76
-26.72
27.50
20.13
-27.11
27.49
19.35
-27.35
27.50
18.46
-27.50
27.49
17.53
-27.62
27.48
16.61
-27.75
27.46
15.79
-27.88
27.45
7.44
-27.54
27.50
6.97
-26.99
27.48
20.73
-26.71
26.54
20.12
-27.09
26.54
19.35
-27.32
26.54
18.45
-27.45
26.54
17.50
-27.54
26.53
16.52
-27.64
26.53
15.46
-27.78
26.57
14.50
-27.84
26.27
13.66
-27.91
26.12
13.00
-27.97
26.02
7.54
-27.42
26.66
7.04
-26.91
26.68
20.69
-26.67
25.62
20.10
-27.04
25.62
19.34
-27.25
25.62
18.45
-27.36
25.62
17.49
-27.42
25.61
16.50
-27.48
25.60
15.50
-27.56
25.58
14.54
-27.62
25.48
13.63
-27.70
25.43
12.82
-27.82
25.46
8.38
-27.45
25.50
7.77
-27.20
25.79
7.22
-26.82
26.04
20.62
-26.61
24.80
20.07
-26.93
24.80
19.33
-27.11
24.79
18.44
-27.20
24.77
17.49
-27.24
24.77
16.50
-27.28
24.76
15.51
-27.31
24.75
14.52
-27.35
24.71
13.53
-27.42
24.71
12.46
-27.53
24.76
11.48
-27.47
24.59
10.57
-27.39
24.55
9.63
-27.19
24.57
8.70
-27.19
24.98
8.05
-26.97
25.19
20.51
-26.53
24.22
20.05
-26.73
24.13
19.32
-26.87
24.07
18.44
-26.95
24.04
17.49
-26.98
24.02
16.50
-26.99
24.02
15.51
-27.00
24.01
14.51
-27.01
24.01
13.52
-27.01
24.01
12.51
-27.00
24.02
11.54
-26.99
24.02
10.69
-26.95
24.06
10.05
-26.89
24.14
13.80
-26.77
32.70
13.25
-26.72
32.78
12.51
-26.70
32.81
11.77
-26.70
32.78
11.25
-26.70
32.69
19.75
-25.84
31.72
19.20
-26.02
31.89
18.38
-26.27
31.99
17.42
-26.30
32.20
16.46
-26.38
32.32
15.42
-26.47
32.46
14.29
-26.51
32.68
13.40
-26.30
32.94
12.51
-26.29
33.01
11.65
-26.34
32.95
10.81
-26.45
32.68
9.81
-26.30
32.37
9.06
-26.26
31.93
20.02
-26.13
31.21
19.33
-26.43
31.45
18.72
-26.60
31.58
8.66
-26.43
31.32
20.93
-26.14
29.99
20.51
-26.22
30.57
8.36
-26.63
30.66
21.12
-26.21
29.28
7.99
-26.78
30.05
7.46
-26.70
29.55
6.96
-26.46
29.08
21.20
-26.22
28.45
6.60
-26.33
28.35
6.24
-25.86
28.13
21.22
-26.15
27.55
6.55
-26.38
27.49
6.21
-25.85
27.52
21.16
-26.12
26.55
6.59
-26.23
26.61
6.25
-25.81
26.93
21.08
-26.10
25.58
7.47
-26.65
25.44
6.98
-26.24
25.74
20.95
-26.07
24.68
9.25
-26.60
24.19
8.53
-26.56
24.51
7.78
-26.40
24.89
7.24
-26.00
25.10
20.67
-26.05
23.85
20.08
-26.36
23.58
19.33
-26.52
23.45
18.44
-26.59
23.40
17.49
-26.62
23.38
16.50
-26.62
23.38
15.51
-26.61
23.38
14.53
-26.58
23.39
13.54
-26.52
23.40
12.51
-26.40
23.38
11.52
-26.45
23.53
10.64
-26.44
23.66
9.85
-26.44
23.85
20.53
-25.77
23.22
20.06
-25.96
23.04
19.32
-26.09
22.91
18.44
-26.15
22.85
17.49
-26.17
22.83
16.51
-26.16
22.83
15.52
-26.14
22.84
14.55
-26.09
22.87
13.62
-26.02
22.90
12.87
-25.99
22.97
12.94
-24.72
34.72
12.31
-24.76
34.80
11.52
-24.77
34.82
10.74
-24.72
34.78
10.15
-24.62
34.69
13.07
-24.97
34.30
12.32
-25.10
34.30
11.51
-25.14
34.30
10.72
-25.07
34.27
10.01
-24.89
34.24
13.23
-25.28
33.78
12.39
-25.43
33.77
11.52
-25.49
33.76
10.66
-25.42
33.70
9.82
-25.21
33.64
19.93
-25.28
31.95
19.22
-25.42
32.28
18.38
-25.57
32.47
17.45
-25.65
32.63
16.48
-25.72
32.74
15.50
-25.79
32.85
14.51
-25.80
33.02
13.54
-25.69
33.28
12.50
-25.82
33.32
11.56
-25.88
33.28
10.62
-25.86
33.14
9.54
-25.63
32.92
8.52
-25.59
32.27
7.58
-25.16
32.07
6.86
-24.82
31.91
6.40
-24.60
31.72
21.04
-25.08
30.87
20.53
-25.36
31.31
8.12
-25.92
31.42
7.45
-25.51
31.35
6.80
-25.14
31.24
6.28
-24.73
31.18
21.59
-25.16
29.76
21.27
-25.39
30.17
20.81
-25.69
30.72
7.89
-26.17
30.74
7.33
-25.81
30.64
6.72
-25.43
30.48
6.18
-24.90
30.40
21.69
-25.21
29.28
21.45
-25.64
29.33
7.73
-26.35
30.26
7.30
-26.16
30.01
6.68
-25.81
29.58
6.11
-25.11
29.50
21.74
-25.20
28.66
21.53
-25.63
28.54
6.41
-25.83
28.81
6.05
-25.31
28.50
21.74
-25.14
28.17
21.56
-25.38
27.70
5.97
-25.23
27.57
21.44
-25.36
26.59
6.37
-25.64
26.29
6.08
-25.24
26.70
21.33
-25.34
25.56
6.56
-25.34
25.62
6.18
-25.00
26.08
21.19
-25.32
24.61
9.06
-26.13
23.90
8.48
-25.96
24.07
7.77
-25.68
24.35
7.09
-25.27
24.75
20.98
-25.28
23.72
12.13
-25.95
23.05
11.41
-25.90
23.13
10.52
-25.84
23.27
9.52
-25.79
23.51
8.64
-25.42
23.60
7.88
-25.00
23.78
7.32
-24.86
24.17
20.66
-25.18
22.91
20.07
-25.45
22.60
19.33
-25.58
22.45
18.44
-25.63
22.38
17.49
-25.65
22.36
16.51
-25.63
22.36
15.53
-25.60
22.38
14.56
-25.53
22.42
13.54
-25.39
22.45
12.48
-25.51
22.69
11.48
-25.34
22.74
10.54
-25.20
22.84
9.61
-25.03
22.99
8.79
-24.85
23.16
8.23
-24.69
23.33
20.49
-24.84
22.38
20.04
-24.95
22.18
19.32
-25.03
22.04
18.44
-25.07
21.97
17.50
-25.07
21.95
16.53
-25.05
21.97
15.57
-25.01
22.01
14.64
-24.97
22.08
13.89
-24.94
22.15
16.94
-23.71
34.86
16.28
-23.86
34.92
15.43
-24.00
34.98
14.49
-24.15
35.01
13.43
-24.35
35.03
12.44
-24.32
35.26
11.53
-24.30
35.32
10.65
-24.24
35.24
9.76
-24.16
34.96
9.05
-23.89
34.80
17.15
-24.02
34.38
16.36
-24.23
34.36
15.49
-24.38
34.38
14.61
-24.54
34.39
13.76
-24.73
34.38
9.40
-24.52
34.32
8.75
-24.13
34.31
19.79
-23.97
33.01
19.21
-24.18
33.23
18.44
-24.34
33.46
17.51
-24.40
33.75
16.49
-24.62
33.75
15.56
-24.76
33.78
14.70
-24.88
33.81
13.93
-25.04
33.83
9.14
-24.83
33.70
8.36
-24.42
33.65
7.58
-24.19
33.32
7.00
-23.97
33.09
20.09
-24.40
32.38
19.25
-24.74
32.72
18.41
-24.92
32.94
17.48
-25.01
33.11
16.51
-25.13
33.19
15.56
-25.21
33.26
14.70
-25.28
33.35
14.05
-25.31
33.45
9.00
-25.15
33.19
8.35
-24.96
32.96
7.56
-24.66
32.72
6.78
-24.28
32.51
6.19
-24.14
31.99
21.21
-24.41
31.03
20.72
-24.51
31.67
5.86
-24.16
31.27
21.69
-24.83
29.76
21.56
-24.53
30.16
5.72
-24.26
30.41
21.78
-24.78
29.29
21.78
-24.30
29.38
5.66
-24.34
29.48
21.82
-24.77
28.67
21.82
-24.25
28.58
5.67
-24.43
28.51
21.79
-24.81
28.17
21.71
-24.49
27.71
5.70
-24.42
27.58
21.55
-24.48
26.58
5.83
-24.40
26.71
21.43
-24.48
25.54
6.35
-24.43
25.35
6.03
-24.35
25.98
21.30
-24.48
24.57
6.74
-24.37
24.66
21.13
-24.45
23.66
7.61
-24.21
23.59
7.12
-24.24
24.07
20.87
-24.40
22.84
13.15
-24.89
22.22
12.41
-24.84
22.31
11.51
-24.70
22.37
10.61
-24.52
22.45
9.68
-24.19
22.55
8.79
-24.16
22.86
8.13
-24.13
23.17
20.56
-24.32
22.22
20.05
-24.39
21.88
19.32
-24.45
21.71
18.45
-24.48
21.64
17.51
-24.47
21.63
16.56
-24.42
21.66
15.60
-24.34
21.74
14.58
-24.33
21.86
13.53
-24.39
22.00
12.52
-24.19
22.05
11.59
-24.05
22.09
10.76
-23.93
22.16
10.14
-23.81
22.24
11.23
-22.81
36.82
10.68
-22.79
36.79
10.20
-22.73
36.72
16.88
-22.80
35.76
16.23
-22.93
35.91
15.40
-23.04
36.03
14.48
-23.12
36.12
13.52
-23.17
36.21
12.54
-23.18
36.33
11.57
-23.14
36.45
10.70
-23.16
36.36
10.00
-22.97
36.33
19.54
-22.62
34.55
19.10
-22.76
34.74
18.38
-22.93
34.96
17.35
-23.16
35.22
16.34
-23.40
35.42
15.42
-23.55
35.53
14.47
-23.66
35.60
13.48
-23.75
35.67
12.50
-23.77
35.80
11.54
-23.74
35.86
10.61
-23.66
35.80
9.62
-23.38
35.65
8.67
-23.31
35.08
8.00
-22.97
34.90
19.72
-22.86
34.12
19.18
-23.21
34.29
18.49
-23.44
34.45
17.75
-23.67
34.54
8.24
-23.64
34.44
7.57
-23.16
34.38
6.93
-22.98
34.01
19.98
-23.27
33.38
19.26
-23.65
33.72
18.56
-23.87
33.93
17.95
-23.99
34.07
8.01
-23.92
33.96
7.45
-23.67
33.77
6.69
-23.38
33.40
6.09
-23.10
33.04
21.15
-23.11
31.96
20.63
-23.42
32.47
6.42
-23.71
32.78
5.85
-23.41
32.36
21.73
-22.96
30.96
21.41
-23.46
31.30
20.94
-23.81
31.84
5.39
-23.38
31.41
4.98
-22.89
31.13
21.88
-23.00
30.33
21.71
-23.66
30.33
5.30
-23.53
30.45
4.93
-22.91
30.48
21.95
-22.99
29.58
21.85
-23.60
29.47
5.24
-23.47
29.48
4.96
-22.94
29.81
21.94
-22.94
28.95
21.85
-23.42
28.56
5.35
-23.58
28.49
21.70
-23.51
27.58
5.44
-23.55
27.55
21.52
-23.56
26.54
5.62
-23.55
26.66
21.38
-23.60
25.52
6.17
-23.59
25.21
5.86
-23.53
25.85
21.27
-23.63
24.55
6.51
-23.49
24.59
21.11
-23.63
23.62
7.46
-23.39
23.47
6.95
-23.42
23.99
20.86
-23.61
22.76
9.40
-23.32
22.38
8.67
-23.35
22.68
8.02
-23.35
23.04
20.53
-23.62
21.99
20.03
-23.81
21.64
19.32
-23.88
21.47
18.46
-23.90
21.41
17.55
-23.88
21.40
16.65
-23.81
21.45
15.74
-23.58
21.59
14.61
-23.58
21.77
13.56
-23.57
21.87
12.58
-23.45
21.92
11.66
-23.30
21.95
10.79
-23.23
22.00
10.06
-23.22
22.13
20.37
-23.35
21.62
19.98
-23.38
21.47
19.31
-23.39
21.37
18.47
-23.39
21.32
17.59
-23.38
21.32
16.79
-23.36
21.35
16.23
-23.31
21.42
12.20
-22.32
37.21
11.49
-22.44
37.16
10.67
-22.37
37.16
9.98
-22.36
36.96
16.99
-22.22
36.08
16.23
-22.35
36.35
15.39
-22.48
36.50
14.49
-22.57
36.60
13.56
-22.62
36.70
12.62
-22.61
36.85
11.88
-22.74
36.83
9.54
-22.53
36.51
19.65
-22.12
34.65
19.14
-22.15
35.01
18.47
-22.21
35.32
17.68
-22.27
35.66
9.11
-22.70
36.00
8.47
-22.62
35.58
7.79
-22.42
35.22
20.02
-22.21
34.13
7.24
-22.46
34.72
6.57
-22.37
34.22
5.98
-22.08
33.90
20.37
-22.36
33.44
6.33
-22.75
33.66
5.78
-22.47
33.31
21.64
-22.17
31.65
21.33
-22.43
32.02
20.84
-22.44
32.69
5.30
-22.59
32.51
4.85
-22.20
32.17
21.78
-22.40
31.16
21.55
-22.77
31.53
5.10
-22.78
31.80
4.69
-22.30
31.46
4.35
-21.82
31.29
21.94
-22.37
30.37
4.57
-22.20
30.49
4.31
-21.80
30.85
21.99
-22.37
29.56
5.02
-22.91
29.13
4.74
-22.39
29.47
21.92
-22.41
28.72
21.83
-22.79
28.27
5.08
-22.85
28.42
4.79
-22.25
28.56
21.78
-22.21
28.12
21.62
-22.55
27.57
5.15
-22.66
27.50
4.86
-22.17
27.85
21.35
-22.68
26.50
5.38
-22.70
26.56
21.19
-22.79
25.51
6.02
-22.91
25.13
5.67
-22.63
25.64
21.07
-22.86
24.56
6.25
-22.54
24.59
5.81
-22.20
25.04
20.92
-22.89
23.65
7.35
-22.49
23.40
6.80
-22.51
23.92
20.63
-22.86
22.77
20.06
-22.51
22.48
19.32
-22.33
22.36
18.45
-22.25
22.31
17.52
-22.22
22.30
16.57
-22.21
22.28
15.61
-22.21
22.26
14.58
-22.11
22.25
13.60
-22.07
22.14
12.74
-22.04
22.03
12.18
-22.03
21.96
9.29
-22.45
22.29
8.59
-22.46
22.59
7.94
-22.47
22.96
20.46
-23.07
22.01
20.01
-22.78
21.90
19.31
-22.64
21.82
18.46
-22.59
21.79
17.55
-22.59
21.78
16.65
-22.65
21.78
15.75
-22.86
21.77
14.61
-22.84
21.90
13.58
-22.80
21.94
12.65
-22.68
21.93
11.76
-22.39
21.92
10.80
-22.41
21.95
10.01
-22.42
22.07
20.35
-23.12
21.65
19.97
-23.04
21.55
19.30
-22.98
21.48
18.47
-22.96
21.44
17.59
-22.96
21.44
16.79
-22.99
21.46
16.23
-23.04
21.49
15.54
-20.59
38.50
15.08
-20.68
38.60
14.34
-20.75
38.69
13.46
-20.79
38.75
12.51
-20.82
38.78
11.55
-20.81
38.78
10.66
-20.77
38.73
9.96
-20.71
38.65
15.76
-20.75
38.13
15.17
-21.05
38.17
14.38
-21.21
38.22
13.48
-21.30
38.25
12.51
-21.37
38.26
11.53
-21.36
38.28
10.58
-21.29
38.25
9.61
-21.06
38.20
8.74
-20.87
37.96
8.17
-20.70
37.75
16.74
-20.90
37.03
16.13
-21.03
37.46
15.31
-21.43
37.59
14.44
-21.62
37.65
13.52
-21.75
37.67
12.53
-21.91
37.61
11.52
-21.90
37.69
10.58
-21.84
37.65
9.58
-21.74
37.39
8.69
-21.32
37.33
8.03
-20.96
37.24
17.06
-21.34
36.50
16.23
-21.68
36.84
15.38
-21.93
37.01
14.50
-22.07
37.10
13.63
-22.16
37.16
12.92
-22.22
37.20
9.10
-22.05
36.70
8.47
-21.67
36.66
7.80
-21.25
36.55
19.73
-21.36
34.72
19.20
-21.37
35.15
18.55
-21.38
35.53
17.83
-21.38
35.94
8.84
-22.26
36.24
8.31
-22.04
36.04
7.47
-21.63
35.70
6.78
-21.22
35.37
20.15
-21.40
34.15
7.04
-21.88
35.05
6.43
-21.54
34.76
5.62
-21.38
34.13
5.00
-20.98
33.84
20.51
-21.46
33.44
5.27
-21.78
33.40
4.71
-21.19
33.27
4.30
-20.87
32.97
21.64
-21.70
31.65
21.34
-21.66
32.09
20.92
-21.53
32.68
5.04
-22.02
32.82
4.62
-21.66
32.51
4.20
-21.07
32.37
21.81
-21.74
31.11
4.46
-21.77
31.85
4.15
-21.31
31.55
21.91
-21.73
30.38
4.25
-21.55
30.15
4.09
-21.32
30.75
21.93
-21.73
29.58
4.36
-21.63
29.36
21.85
-21.74
28.80
4.45
-21.61
28.47
21.67
-21.69
28.14
21.29
-21.62
27.45
20.78
-21.06
27.15
4.95
-22.08
27.16
4.60
-21.63
27.51
20.97
-21.88
26.45
20.31
-21.17
26.38
19.43
-20.89
25.98
18.60
-20.77
25.73
17.90
-20.72
25.57
17.45
-20.65
25.46
5.06
-21.99
26.49
4.64
-21.43
26.58
20.80
-22.10
25.49
20.19
-21.59
25.43
19.40
-21.31
25.29
18.57
-21.15
25.17
17.80
-21.00
25.10
17.21
-20.76
25.08
5.25
-21.83
25.69
4.77
-21.26
25.78
20.70
-22.25
24.58
20.13
-21.83
24.56
19.36
-21.58
24.51
18.51
-21.42
24.46
17.63
-21.25
24.42
16.74
-20.91
24.37
15.90
-20.76
23.96
15.38
-20.64
23.73
6.10
-21.60
24.33
5.49
-21.47
24.92
4.93
-21.08
25.18
20.61
-22.35
23.76
20.08
-22.01
23.76
19.34
-21.80
23.73
18.47
-21.67
23.70
17.55
-21.55
23.66
16.64
-21.38
23.60
15.78
-21.19
23.44
15.11
-20.86
23.34
7.25
-21.59
23.31
6.67
-21.61
23.78
20.50
-22.42
23.16
20.05
-22.20
23.07
19.32
-22.04
23.00
18.45
-21.94
22.96
17.52
-21.87
22.94
16.57
-21.78
22.90
15.62
-21.63
22.83
14.59
-21.27
22.74
13.54
-21.28
22.38
12.60
-21.32
22.13
12.11
-21.62
22.00
9.27
-21.54
22.25
8.55
-21.54
22.54
7.86
-21.55
22.89
12.06
-21.13
22.03
11.60
-21.48
21.95
10.75
-21.55
21.95
9.99
-21.56
22.05
15.63
-20.20
38.61
15.10
-20.17
38.84
14.35
-20.16
39.01
13.46
-20.16
39.12
12.50
-20.17
39.17
11.54
-20.16
39.15
10.59
-20.15
39.07
9.65
-20.18
38.90
8.94
-19.97
38.82
16.01
-20.18
38.22
9.26
-20.54
38.55
8.58
-20.29
38.43
7.82
-20.19
37.96
7.28
-19.88
37.75
16.93
-20.26
37.10
16.45
-20.24
37.65
7.52
-20.49
37.28
7.05
-20.03
37.24
17.39
-20.39
36.55
7.29
-20.74
36.59
6.78
-20.22
36.54
19.75
-20.50
34.74
19.23
-20.49
35.20
18.62
-20.47
35.61
17.98
-20.45
36.04
7.06
-20.96
35.98
6.44
-20.51
35.69
5.84
-20.18
35.27
20.16
-20.51
34.13
6.12
-20.84
35.04
5.49
-20.48
34.69
4.75
-20.34
34.07
4.27
-20.02
33.77
20.51
-20.52
33.36
4.49
-20.62
33.54
4.10
-20.29
33.20
21.60
-21.29
31.58
21.33
-21.04
31.85
20.88
-20.54
32.37
3.87
-20.38
32.38
21.68
-21.21
31.11
21.39
-20.74
31.22
21.01
-20.16
31.40
3.76
-20.50
31.48
21.73
-21.15
30.39
21.42
-20.61
30.42
21.05
-20.01
30.47
4.00
-21.04
29.98
3.74
-20.60
30.45
21.73
-21.15
29.59
21.41
-20.60
29.57
21.02
-20.00
29.55
4.00
-21.00
29.32
3.59
-20.40
29.46
21.67
-21.20
28.84
21.34
-20.71
28.74
20.90
-20.11
28.63
4.02
-20.97
28.46
3.52
-20.37
28.51
21.58
-21.27
28.30
21.25
-20.99
28.02
20.66
-20.39
27.66
4.03
-20.94
27.52
3.38
-20.32
27.53
2.90
-19.98
27.19
20.07
-20.40
26.89
19.36
-20.24
26.42
18.57
-20.20
26.04
17.88
-20.30
25.78
17.39
-20.36
25.56
4.08
-20.87
26.58
3.43
-20.38
26.57
2.78
-19.94
26.49
2.39
-19.62
26.19
17.01
-20.32
25.19
4.22
-20.75
25.72
3.52
-20.33
25.71
2.87
-19.96
25.69
2.41
-19.61
25.62
16.52
-20.24
24.65
15.84
-20.19
24.19
15.28
-20.18
23.81
5.96
-20.83
24.04
5.31
-20.74
24.45
4.51
-20.54
24.88
3.62
-20.13
24.95
2.92
-19.83
25.00
2.48
-19.56
25.07
14.80
-20.25
23.38
7.11
-20.77
23.20
6.51
-20.79
23.60
14.21
-20.37
22.91
13.41
-20.42
22.53
12.59
-20.48
22.24
9.33
-20.65
22.21
8.52
-20.62
22.47
7.73
-20.64
22.80
11.99
-20.59
22.07
11.40
-20.70
21.98
10.69
-20.75
21.97
10.01
-20.76
22.05
15.66
-19.72
38.67
15.19
-19.48
38.93
14.40
-19.42
39.19
13.48
-19.39
39.38
12.51
-19.40
39.46
11.53
-19.36
39.45
10.54
-19.37
39.36
9.58
-19.38
39.21
8.65
-19.35
39.00
7.95
-19.09
38.85
16.01
-19.39
38.36
15.58
-19.12
38.73
8.27
-19.73
38.66
7.65
-19.47
38.44
7.05
-19.38
37.96
17.04
-19.41
37.14
16.56
-19.39
37.73
6.67
-19.46
37.33
17.52
-19.46
36.57
6.38
-19.58
36.63
19.72
-19.63
34.71
19.23
-19.59
35.17
18.65
-19.53
35.58
18.05
-19.49
36.04
6.05
-19.68
35.97
5.57
-19.56
35.49
20.09
-19.62
34.11
5.14
-19.66
34.95
4.57
-19.56
34.46
4.04
-19.40
33.96
20.36
-19.58
33.34
3.72
-19.53
33.25
20.57
-19.52
32.42
3.50
-19.64
32.41
20.68
-19.37
31.46
3.37
-19.72
31.50
20.72
-19.29
30.50
3.27
-19.77
30.55
20.68
-19.28
29.55
3.06
-19.66
29.56
2.57
-19.18
29.20
2.20
-18.82
28.99
20.53
-19.33
28.63
3.05
-19.84
28.60
2.58
-19.39
28.42
2.14
-18.90
28.34
20.19
-19.42
27.70
19.76
-19.08
27.24
3.01
-19.93
27.89
2.60
-19.60
27.56
2.11
-19.02
27.47
19.89
-19.75
27.10
19.36
-19.40
26.72
18.48
-19.38
26.07
17.80
-19.81
25.75
17.39
-20.02
25.58
2.47
-19.61
26.85
2.12
-19.17
26.51
17.98
-18.98
25.61
17.53
-19.42
25.45
17.11
-19.82
25.27
2.10
-19.09
25.57
17.69
-18.75
25.29
17.27
-18.99
25.09
16.63
-19.41
24.75
15.84
-19.46
24.21
15.25
-19.53
23.82
5.83
-20.32
23.79
5.26
-20.17
23.96
4.47
-19.99
24.15
3.63
-19.76
24.26
2.89
-19.49
24.38
2.29
-19.08
24.66
14.74
-19.50
23.41
6.93
-20.14
23.07
6.22
-20.03
23.35
5.36
-19.69
23.45
4.50
-19.51
23.55
3.65
-19.34
23.62
2.92
-19.12
23.71
2.38
-18.78
23.81
14.10
-19.50
22.96
13.31
-19.53
22.58
12.34
-19.60
22.26
11.44
-19.37
22.10
10.54
-19.40
22.05
9.58
-19.72
22.13
8.51
-19.70
22.34
7.42
-19.70
22.66
6.40
-19.32
22.80
5.44
-19.11
22.92
4.53
-18.99
23.01
3.67
-18.88
23.07
2.94
-18.73
23.13
2.48
-18.56
23.26
11.90
-20.06
22.11
11.35
-20.03
22.04
10.66
-20.07
22.01
10.07
-20.16
22.05
13.18
-17.94
39.83
12.56
-17.94
39.88
11.96
-17.91
39.89
15.07
-18.84
39.04
14.51
-18.56
39.31
13.51
-18.48
39.61
12.53
-18.58
39.69
11.53
-18.41
39.72
10.48
-18.51
39.59
9.52
-18.52
39.45
8.57
-18.49
39.28
7.64
-18.41
39.01
6.84
-18.04
38.77
6.33
-17.75
38.60
16.05
-18.46
38.32
15.44
-18.45
38.83
15.00
-18.29
39.11
7.30
-18.85
38.59
6.68
-18.63
38.21
6.08
-17.96
38.12
17.08
-18.47
37.13
16.60
-18.46
37.73
6.28
-18.82
37.43
5.80
-18.21
37.42
17.55
-18.50
36.54
5.99
-18.99
36.71
5.53
-18.43
36.65
19.65
-18.87
34.64
19.21
-18.76
35.04
18.64
-18.60
35.44
18.06
-18.53
35.96
5.77
-19.12
36.15
5.20
-18.74
35.81
4.46
-18.30
35.36
3.90
-18.06
34.97
19.94
-18.83
34.09
4.93
-19.08
35.18
4.40
-18.85
34.82
3.66
-18.48
34.29
3.07
-18.00
33.97
20.14
-18.73
33.34
3.32
-18.78
33.34
2.87
-18.16
33.30
20.28
-18.60
32.43
3.10
-18.92
32.45
2.67
-18.28
32.47
20.40
-18.54
31.47
2.95
-19.01
31.54
2.45
-18.31
31.53
2.05
-17.91
31.15
20.45
-18.51
30.51
2.87
-19.12
30.67
2.43
-18.57
30.60
1.97
-18.05
30.41
20.42
-18.50
29.58
2.80
-19.19
30.01
2.43
-18.82
29.81
1.94
-18.33
29.42
20.29
-18.52
28.71
1.76
-18.30
28.44
20.04
-18.52
27.93
19.67
-18.41
27.34
1.70
-18.29
27.49
19.23
-18.45
26.76
18.67
-18.43
26.18
1.72
-18.34
26.50
18.18
-18.30
25.66
1.77
-18.33
25.53
17.74
-18.23
25.22
17.21
-18.31
24.85
16.52
-18.48
24.44
15.77
-18.64
24.00
15.28
-18.95
23.76
1.90
-18.28
24.60
15.38
-18.34
23.63
14.89
-18.67
23.40
2.06
-18.16
23.73
14.20
-18.60
22.93
13.36
-18.59
22.55
12.44
-18.60
22.27
11.50
-18.52
22.06
10.50
-18.50
21.95
9.50
-18.76
22.00
8.50
-18.81
22.11
7.49
-18.75
22.24
6.46
-18.47
22.28
5.47
-18.47
22.44
4.54
-18.42
22.54
3.67
-18.35
22.60
2.89
-18.19
22.66
2.33
-18.04
22.98
10.11
-17.99
21.78
9.41
-18.01
21.78
8.50
-18.03
21.85
7.58
-18.01
21.92
6.83
-17.94
21.95
2.66
-17.83
22.44
2.39
-17.79
22.58
14.62
-16.94
39.61
14.20
-17.13
39.73
13.45
-17.34
39.88
12.57
-17.28
40.00
11.79
-17.34
40.00
14.91
-17.17
39.35
14.51
-17.72
39.47
13.84
-17.86
39.69
11.17
-17.62
39.88
10.36
-17.70
39.78
9.47
-17.69
39.68
8.54
-17.64
39.55
7.65
-17.52
39.37
6.83
-17.30
39.13
6.16
-17.18
38.76
16.05
-17.49
38.30
15.40
-17.49
38.90
14.99
-17.84
39.17
5.60
-17.20
38.15
5.12
-16.86
37.84
17.08
-17.51
37.09
16.60
-17.50
37.70
5.34
-17.58
37.41
4.90
-17.03
37.32
17.53
-17.52
36.46
5.10
-17.82
36.70
4.62
-17.24
36.64
19.56
-18.35
34.55
19.20
-18.08
34.76
18.60
-17.61
35.10
18.01
-17.55
35.81
4.89
-18.04
36.12
4.31
-17.57
35.88
3.58
-17.40
35.23
3.00
-17.05
34.89
19.71
-18.19
34.09
19.33
-17.70
34.22
18.87
-17.19
34.35
3.31
-17.75
34.60
2.75
-17.34
34.24
2.27
-16.90
33.95
19.83
-17.99
33.38
19.44
-17.42
33.55
19.05
-16.94
33.68
2.48
-17.56
33.37
2.08
-16.99
33.32
19.92
-17.68
32.43
19.49
-17.09
32.85
19.16
-16.78
33.16
2.29
-17.69
32.56
1.90
-17.12
32.48
20.13
-17.72
31.43
2.16
-17.79
31.87
1.76
-17.33
31.50
20.21
-17.72
30.50
1.47
-17.34
30.45
1.10
-16.92
30.07
20.20
-17.72
29.59
1.43
-17.58
29.45
1.04
-16.99
29.41
20.10
-17.74
28.76
1.35
-17.59
28.52
1.01
-16.99
28.64
19.90
-17.73
28.07
19.56
-17.59
27.49
1.29
-17.40
27.53
1.02
-16.94
28.00
19.15
-17.57
26.86
18.68
-17.54
26.25
1.41
-17.47
26.48
18.24
-17.52
25.68
1.52
-17.46
25.50
17.78
-17.51
25.18
17.22
-17.51
24.72
16.49
-17.51
24.17
15.92
-17.95
23.88
1.66
-17.42
24.56
16.00
-17.11
23.59
15.50
-17.71
23.46
14.95
-18.00
23.22
1.85
-17.37
23.67
15.69
-16.85
23.18
15.22
-17.14
22.99
14.45
-17.63
22.79
13.47
-17.70
22.42
12.54
-17.72
22.15
11.59
-17.64
21.90
10.84
-17.86
21.82
6.10
-17.88
22.00
5.42
-17.84
22.06
4.54
-17.82
22.17
3.71
-17.82
22.26
3.11
-17.83
22.34
2.13
-17.35
22.93
11.12
-17.10
21.61
10.41
-17.43
21.61
9.53
-17.21
21.53
8.50
-17.25
21.62
7.49
-17.27
21.67
6.42
-17.31
21.70
5.56
-17.17
21.72
4.55
-17.15
21.89
3.62
-17.21
22.05
2.87
-17.42
22.26
2.39
-17.39
22.49
10.85
-16.83
21.41
10.43
-16.91
21.37
9.97
-16.88
21.35
6.14
-17.05
21.51
5.85
-17.01
21.51
14.63
-16.52
39.62
14.13
-16.50
39.80
13.38
-16.44
39.96
12.46
-16.43
40.09
11.43
-16.51
40.11
10.43
-16.25
40.13
9.49
-16.14
40.09
8.58
-16.07
40.03
7.75
-16.00
39.93
7.14
-15.91
39.81
15.00
-16.52
39.30
10.98
-17.03
39.99
10.31
-16.97
39.95
9.45
-16.91
39.89
8.55
-16.83
39.80
7.66
-16.69
39.67
6.79
-16.37
39.48
6.02
-16.37
39.02
16.05
-16.51
38.24
15.46
-16.50
38.82
5.41
-16.36
38.49
4.89
-16.28
37.97
17.04
-16.54
37.04
16.58
-16.52
37.66
4.53
-16.41
37.36
17.45
-16.56
36.37
4.14
-16.54
36.67
3.66
-16.21
36.35
18.24
-16.69
35.02
17.85
-16.60
35.65
3.96
-16.89
36.10
3.41
-16.55
35.78
2.73
-16.38
35.16
2.26
-16.03
34.82
18.48
-16.54
34.35
2.49
-16.69
34.56
2.07
-16.30
34.22
18.69
-16.39
33.64
1.76
-16.33
33.40
19.75
-17.05
32.00
19.35
-16.51
32.23
18.93
-16.32
32.94
1.52
-16.40
32.53
19.88
-17.01
31.31
19.54
-16.37
31.32
1.25
-16.45
31.55
0.89
-16.08
31.03
19.96
-16.99
30.46
19.64
-16.32
30.44
1.18
-16.73
30.78
0.85
-16.36
30.34
19.96
-17.00
29.58
19.65
-16.34
29.55
0.73
-16.37
29.45
19.89
-17.05
28.78
19.57
-16.44
28.67
0.72
-16.37
28.61
19.77
-17.14
28.18
19.41
-16.73
27.80
1.02
-16.61
27.19
0.81
-16.38
27.82
19.01
-16.74
27.01
18.56
-16.68
26.38
1.17
-16.63
26.37
18.16
-16.75
25.74
1.31
-16.54
25.46
17.77
-16.79
25.22
17.29
-16.70
24.78
16.72
-16.52
24.26
1.50
-16.50
24.52
16.22
-16.36
23.61
1.76
-16.47
23.60
15.76
-16.27
23.03
15.17
-16.38
22.61
14.37
-16.74
22.40
13.50
-16.88
22.18
12.64
-16.97
21.99
11.95
-17.03
21.83
2.99
-16.15
22.05
2.60
-16.27
22.27
2.16
-16.49
22.75
14.89
-15.95
22.27
14.28
-16.06
22.12
13.46
-16.16
21.97
12.56
-16.27
21.80
11.61
-16.50
21.61
9.38
-16.44
21.39
8.46
-16.43
21.49
7.46
-16.44
21.53
6.41
-16.51
21.52
5.57
-16.47
21.57
4.51
-16.37
21.74
3.45
-16.40
21.95
2.80
-16.76
22.19
2.40
-16.90
22.43
10.98
-16.45
21.36
10.47
-16.46
21.27
9.96
-16.45
21.27
6.14
-16.79
21.45
5.85
-16.77
21.46
14.59
-16.10
39.59
14.17
-15.88
39.71
13.41
-15.46
39.88
12.42
-15.47
40.13
11.44
-15.46
40.25
10.47
-15.38
40.29
9.51
-15.31
40.27
8.58
-15.27
40.21
7.71
-15.26
40.10
6.96
-15.30
39.91
14.86
-15.89
39.30
14.43
-15.46
39.42
13.95
-15.00
39.54
6.43
-15.53
39.61
5.80
-15.52
39.22
15.98
-15.53
38.16
15.28
-15.48
38.77
14.68
-15.01
39.08
14.26
-14.75
39.26
5.20
-15.51
38.71
4.58
-15.43
38.10
4.11
-14.99
37.84
16.97
-15.61
36.96
16.53
-15.57
37.57
4.20
-15.74
37.43
3.78
-15.16
37.33
17.33
-15.63
36.25
3.92
-15.94
36.91
3.41
-15.52
36.61
2.86
-15.14
36.24
18.02
-16.07
34.92
17.67
-15.66
35.35
3.13
-15.87
36.02
2.60
-15.51
35.66
2.05
-15.37
35.03
18.15
-15.91
34.34
17.78
-15.32
34.47
1.72
-15.50
34.28
18.31
-15.76
33.59
17.89
-15.15
33.64
1.45
-15.59
33.47
18.95
-15.78
32.01
18.51
-15.60
32.72
18.04
-15.12
32.95
1.22
-15.66
32.66
19.16
-15.75
31.25
0.96
-15.65
31.88
0.60
-15.38
31.18
0.27
-14.90
30.86
19.26
-15.71
30.41
0.48
-15.62
30.31
0.17
-14.96
30.24
19.26
-15.72
29.53
0.40
-15.68
29.44
0.11
-14.99
29.44
19.18
-15.78
28.65
0.41
-15.66
28.54
0.12
-14.99
28.60
18.95
-15.86
27.76
18.52
-15.54
27.35
0.83
-16.01
27.01
0.52
-15.54
27.50
0.19
-14.97
27.89
18.78
-16.10
27.11
18.27
-15.79
26.63
17.64
-15.27
26.27
17.20
-14.90
26.04
0.94
-15.88
26.36
0.65
-15.29
26.56
17.94
-16.08
25.80
17.51
-15.60
25.61
17.04
-15.11
25.41
1.05
-15.57
25.48
0.76
-15.07
25.89
17.72
-16.27
25.32
17.35
-16.01
25.04
16.77
-15.54
24.56
1.32
-15.52
24.50
16.27
-15.52
23.64
1.64
-15.49
23.57
15.81
-15.50
22.87
15.41
-15.76
22.52
2.99
-15.75
22.02
2.59
-15.64
22.24
2.08
-15.41
22.71
15.54
-15.21
22.47
15.09
-15.41
22.25
14.31
-15.41
22.02
13.44
-15.45
21.88
12.48
-15.52
21.73
11.41
-15.64
21.54
10.50
-15.48
21.44
9.58
-15.63
21.42
8.51
-15.55
21.49
7.49
-15.51
21.52
6.48
-15.51
21.52
5.51
-15.49
21.56
4.49
-15.45
21.67
3.44
-15.44
21.86
2.77
-15.10
22.06
2.34
-14.95
22.32
10.97
-16.02
21.34
10.49
-15.99
21.28
10.01
-16.02
21.27
13.08
-14.45
39.89
12.29
-14.49
40.17
11.40
-14.49
40.34
10.47
-14.46
40.42
9.52
-14.42
40.42
8.55
-14.40
40.35
7.61
-14.40
40.22
6.67
-14.44
39.99
6.00
-14.15
39.79
13.68
-14.29
39.53
6.23
-14.87
39.71
5.65
-14.62
39.44
15.94
-14.58
37.98
15.32
-14.48
38.46
14.71
-14.29
38.84
14.17
-14.20
39.17
5.07
-14.72
38.95
4.53
-14.59
38.50
4.00
-14.36
38.05
16.86
-14.78
36.87
16.46
-14.65
37.41
3.44
-14.36
37.40
2.95
-14.04
37.01
17.13
-14.77
36.21
3.14
-14.76
36.82
2.61
-14.37
36.41
2.07
-14.03
35.94
17.33
-14.73
35.39
2.29
-14.76
35.79
1.74
-14.36
35.26
1.27
-13.89
34.83
17.42
-14.59
34.50
1.39
-14.69
34.34
1.04
-14.01
34.24
17.45
-14.43
33.53
17.14
-13.92
33.14
1.13
-14.86
33.51
0.80
-14.13
33.46
18.70
-15.35
31.78
18.31
-15.09
32.08
17.73
-14.60
32.48
17.17
-13.93
32.38
0.94
-14.99
32.74
0.62
-14.36
32.65
18.76
-15.26
31.20
18.28
-14.88
31.30
17.70
-14.44
31.43
17.15
-13.91
31.45
0.79
-15.08
32.14
0.46
-14.62
31.81
0.14
-14.32
31.12
18.81
-15.21
30.40
18.27
-14.79
30.43
17.68
-14.37
30.47
17.11
-13.90
30.49
-0.04
-14.25
30.32
18.81
-15.21
29.53
18.27
-14.78
29.52
17.66
-14.37
29.52
17.07
-13.91
29.52
-0.12
-14.24
29.45
18.77
-15.26
28.69
18.25
-14.87
28.61
17.63
-14.44
28.57
17.01
-13.95
28.53
-0.10
-14.26
28.53
18.69
-15.36
28.04
18.24
-15.09
27.72
17.60
-14.61
27.66
16.97
-14.10
27.54
0.30
-14.85
27.19
0.03
-14.32
27.57
18.04
-15.21
27.05
17.55
-14.85
26.85
16.91
-14.36
26.47
0.40
-14.65
26.52
0.12
-14.06
26.70
16.62
-14.44
25.48
0.91
-14.82
25.19
0.58
-14.35
25.65
0.25
-13.92
26.08
16.37
-14.61
24.55
1.09
-14.52
24.46
0.78
-14.11
24.94
16.09
-14.73
23.66
1.45
-14.52
23.56
15.81
-14.79
22.94
1.84
-14.43
22.81
15.52
-14.77
22.48
15.04
-14.78
22.24
14.31
-14.76
22.08
13.44
-14.76
21.97
12.48
-14.76
21.87
11.48
-14.77
21.76
10.51
-14.70
21.69
9.54
-14.70
21.65
8.53
-14.63
21.64
7.52
-14.52
21.62
6.49
-14.51
21.58
5.50
-14.49
21.57
4.52
-14.47
21.62
3.58
-14.43
21.75
2.83
-14.33
21.96
2.27
-14.29
22.30
12.90
-13.54
39.87
12.18
-13.54
40.18
11.33
-13.52
40.41
10.46
-13.54
40.52
9.55
-13.48
40.53
8.55
-13.46
40.46
7.58
-13.45
40.34
6.64
-13.44
40.14
5.74
-13.37
39.83
5.14
-12.98
39.63
13.49
-13.48
39.49
5.24
-13.84
39.42
4.69
-13.24
39.22
4.24
-13.13
38.87
15.87
-13.71
37.77
15.30
-13.55
38.22
14.65
-13.45
38.66
14.05
-13.42
39.07
4.93
-14.14
39.08
4.51
-13.86
38.82
3.96
-13.46
38.42
16.75
-14.16
36.77
16.37
-13.73
37.11
3.36
-13.45
37.74
2.85
-13.36
37.20
16.90
-14.04
36.21
16.58
-13.35
36.31
2.40
-13.40
36.63
1.93
-13.33
36.09
17.03
-13.96
35.42
16.72
-13.22
35.44
1.52
-13.36
35.50
1.12
-13.24
34.92
17.10
-13.91
34.59
16.80
-13.22
34.51
0.79
-13.24
34.25
17.13
-13.90
33.88
16.86
-13.35
33.50
0.46
-13.27
33.38
0.17
-12.90
32.91
16.75
-13.25
32.44
0.33
-13.67
32.59
0.06
-13.10
32.32
16.69
-13.30
31.46
0.23
-13.92
31.96
-0.03
-13.45
31.46
16.63
-13.34
30.50
-0.21
-13.40
30.44
16.56
-13.36
29.54
-0.28
-13.39
29.48
16.42
-13.32
28.53
16.07
-12.88
28.19
-0.28
-13.39
28.52
16.39
-13.48
27.52
15.98
-12.92
27.52
-0.20
-13.38
27.57
16.22
-13.51
26.51
15.86
-12.96
26.85
-0.07
-13.31
26.69
16.12
-13.72
25.53
0.40
-13.49
25.35
0.12
-13.30
25.93
15.85
-13.80
24.58
15.26
-13.38
24.25
14.72
-13.13
24.10
0.97
-13.64
24.16
0.66
-13.44
24.71
15.72
-14.08
23.66
15.15
-13.65
23.56
14.38
-13.29
23.54
13.47
-13.12
23.31
12.56
-12.93
23.15
11.69
-12.82
22.95
11.04
-12.72
22.81
1.29
-13.62
23.48
15.57
-14.27
22.96
15.07
-13.95
22.90
14.33
-13.74
22.83
13.45
-13.61
22.72
12.52
-13.50
22.62
11.57
-13.37
22.52
10.58
-13.10
22.46
9.56
-13.08
22.25
8.69
-13.02
22.10
8.03
-12.93
22.00
1.67
-13.49
22.80
15.44
-14.40
22.56
15.02
-14.30
22.44
14.31
-14.20
22.34
13.44
-14.14
22.25
12.49
-14.09
22.17
11.52
-14.03
22.09
10.53
-13.92
22.03
9.54
-13.86
21.93
8.57
-13.74
21.86
7.56
-13.45
21.80
6.48
-13.49
21.67
5.49
-13.50
21.60
4.53
-13.49
21.60
3.62
-13.47
21.68
2.83
-13.44
21.89
2.18
-13.43
22.25
10.87
-12.19
40.65
10.48
-12.21
40.72
10.07
-12.17
40.73
12.78
-12.72
39.82
12.10
-12.61
40.14
11.22
-12.52
40.47
10.46
-12.68
40.62
9.66
-12.47
40.63
8.58
-12.49
40.53
7.57
-12.48
40.42
6.63
-12.46
40.26
5.78
-12.41
40.02
5.06
-12.31
39.71
13.32
-12.64
39.44
4.41
-12.38
39.25
4.11
-12.68
38.92
15.75
-13.04
37.65
15.27
-12.58
37.93
14.55
-12.52
38.49
13.88
-12.52
38.98
4.00
-12.21
38.95
3.73
-12.50
38.57
16.03
-12.86
37.14
15.68
-12.22
37.30
3.22
-12.60
37.94
2.74
-12.53
37.39
16.22
-12.48
36.38
15.91
-12.03
36.76
2.27
-12.52
36.81
1.82
-12.47
36.25
16.41
-12.39
35.45
1.39
-12.44
35.65
1.00
-12.40
35.03
16.50
-12.39
34.49
0.65
-12.38
34.35
16.49
-12.41
33.51
0.34
-12.35
33.63
0.07
-12.26
32.98
16.35
-12.34
32.42
16.11
-11.89
31.93
-0.10
-12.32
32.26
16.31
-12.61
31.42
16.04
-11.97
31.28
-0.23
-12.43
31.41
16.26
-12.72
30.50
15.97
-12.05
30.44
-0.34
-12.45
30.46
16.20
-12.79
29.61
15.91
-12.15
29.53
-0.39
-12.46
29.49
16.14
-12.83
28.89
15.85
-12.33
28.54
-0.39
-12.46
28.51
15.63
-12.29
27.56
-0.33
-12.45
27.55
15.78
-13.04
26.19
15.37
-12.42
26.51
14.65
-11.95
26.00
14.16
-11.70
25.71
-0.21
-12.42
26.60
15.71
-13.19
25.56
15.21
-12.75
25.56
14.54
-12.34
25.33
13.85
-11.88
25.17
13.34
-11.71
24.86
0.28
-12.82
25.14
0.01
-12.43
25.65
15.61
-13.32
24.98
15.16
-13.03
24.83
14.46
-12.74
24.55
13.70
-12.32
24.51
13.08
-11.91
24.41
0.85
-12.99
24.01
0.50
-12.52
24.44
0.16
-12.13
24.97
14.11
-12.90
23.98
13.46
-12.65
23.88
12.58
-12.22
23.74
11.64
-12.17
23.31
10.87
-12.18
23.01
1.09
-12.81
23.46
0.79
-12.19
23.64
10.24
-12.35
22.72
9.46
-12.29
22.50
8.63
-12.27
22.29
7.87
-12.30
22.09
1.44
-12.44
22.78
1.04
-11.99
23.12
7.22
-12.53
21.90
6.39
-12.51
21.75
5.46
-12.50
21.63
4.51
-12.50
21.58
3.61
-12.49
21.62
2.79
-12.48
21.80
2.08
-12.46
22.17
10.87
-11.86
40.61
10.47
-11.82
40.69
10.06
-11.84
40.72
12.69
-12.10
39.75
12.13
-11.72
39.94
11.20
-11.61
40.35
10.44
-11.37
40.52
9.65
-11.54
40.60
8.57
-11.52
40.53
7.56
-11.50
40.45
6.63
-11.49
40.32
5.77
-11.47
40.11
5.00
-11.44
39.80
13.07
-11.88
39.41
12.63
-11.33
39.50
4.25
-11.43
39.33
3.74
-11.12
39.01
14.97
-11.59
37.84
14.34
-11.57
38.36
13.57
-11.50
38.90
12.98
-11.05
39.14
3.88
-11.73
38.97
3.43
-11.54
38.58
2.92
-11.17
38.16
15.41
-11.47
37.24
3.09
-11.92
38.05
2.65
-11.62
37.63
16.05
-11.78
36.13
15.76
-11.39
36.53
2.17
-11.67
36.98
1.74
-11.55
36.41
16.13
-11.50
35.44
15.88
-11.12
35.93
1.31
-11.51
35.77
0.92
-11.48
35.12
16.26
-11.54
34.49
0.57
-11.46
34.44
16.26
-11.54
33.60
0.26
-11.44
33.74
-0.00
-11.41
33.02
16.15
-11.48
32.75
15.98
-11.30
32.06
-0.20
-11.43
32.25
15.86
-11.27
31.29
-0.33
-11.47
31.39
15.76
-11.29
30.43
-0.41
-11.48
30.46
15.67
-11.34
29.51
-0.45
-11.49
29.49
15.55
-11.41
28.58
-0.45
-11.49
28.51
15.32
-11.44
27.68
-0.41
-11.48
27.53
15.03
-11.50
26.92
14.54
-11.28
26.39
14.03
-11.17
25.90
-0.32
-11.47
26.57
13.58
-11.21
25.37
13.16
-11.26
24.94
-0.16
-11.45
25.65
12.77
-11.27
24.49
0.31
-11.55
24.25
0.04
-11.41
24.86
12.20
-11.35
23.96
11.45
-11.36
23.52
10.60
-11.37
23.15
9.99
-11.06
22.99
0.59
-11.41
23.60
10.09
-11.73
22.87
9.46
-11.40
22.73
8.53
-11.40
22.44
7.61
-11.42
22.17
6.97
-11.11
22.03
1.41
-11.43
22.49
0.94
-11.33
23.01
7.08
-11.82
21.97
6.41
-11.49
21.85
5.43
-11.50
21.67
4.49
-11.49
21.55
3.57
-11.48
21.53
2.75
-11.51
21.66
2.04
-11.46
21.98
11.91
-11.00
39.83
11.27
-10.61
39.99
10.38
-10.54
40.29
9.50
-10.55
40.42
8.52
-10.54
40.45
7.55
-10.54
40.41
6.62
-10.54
40.32
5.76
-10.53
40.15
4.99
-10.52
39.88
12.28
-10.71
39.48
11.80
-10.20
39.54
4.28
-10.46
39.50
3.59
-10.37
39.06
3.11
-10.03
38.75
14.77
-10.79
37.72
14.22
-10.69
38.13
13.50
-10.51
38.55
12.72
-10.34
39.00
12.17
-9.96
39.19
3.23
-10.76
38.65
2.73
-10.35
38.25
2.28
-9.96
37.85
15.14
-10.71
37.18
2.35
-10.79
37.58
2.02
-10.17
37.36
15.45
-10.59
36.50
2.06
-11.00
37.07
1.70
-10.56
36.67
15.93
-10.69
35.17
15.68
-10.48
35.77
1.25
-10.55
35.89
0.87
-10.51
35.20
16.06
-10.74
34.42
0.53
-10.49
34.50
16.08
-10.75
33.64
0.22
-10.48
33.79
-0.04
-10.47
33.05
16.00
-10.71
32.91
15.84
-10.53
32.23
-0.24
-10.48
32.26
15.71
-10.46
31.37
-0.37
-10.49
31.39
15.60
-10.45
30.46
-0.45
-10.49
30.46
15.49
-10.47
29.53
-0.48
-10.50
29.49
15.34
-10.50
28.62
-0.48
-10.50
28.50
15.06
-10.50
27.70
14.73
-10.14
27.24
-0.45
-10.49
27.52
14.86
-10.82
27.10
14.46
-10.44
26.71
13.89
-10.40
26.04
-0.39
-10.49
26.54
13.36
-10.43
25.40
13.05
-10.73
25.00
-0.26
-10.48
25.58
12.99
-10.16
25.03
12.67
-10.45
24.65
0.19
-10.86
24.13
-0.05
-10.47
24.62
12.05
-10.47
24.10
11.36
-10.47
23.67
10.63
-10.43
23.33
9.93
-10.36
23.07
0.37
-10.54
23.58
0.09
-10.14
23.97
9.24
-10.43
22.80
8.44
-10.45
22.54
7.63
-10.44
22.29
6.89
-10.39
22.09
1.33
-10.45
22.31
0.79
-10.45
22.91
6.19
-10.50
21.88
5.35
-10.51
21.69
4.44
-10.48
21.52
3.47
-10.41
21.39
2.69
-10.59
21.48
2.00
-10.40
21.74
3.05
-9.98
21.26
2.63
-10.02
21.30
2.25
-9.98
21.42
10.96
-9.74
39.84
10.26
-9.69
40.08
9.42
-9.62
40.23
8.48
-9.61
40.32
7.53
-9.61
40.32
6.61
-9.61
40.26
5.76
-9.61
40.12
5.03
-9.64
39.92
11.46
-9.53
39.46
4.37
-9.52
39.61
3.67
-9.44
39.23
3.09
-9.34
38.84
14.63
-10.24
37.59
14.19
-9.95
37.80
13.46
-9.54
38.12
12.65
-9.46
38.63
11.97
-9.36
39.03
2.60
-9.39
38.37
2.18
-9.32
37.89
14.84
-10.03
37.14
14.35
-9.39
37.25
13.82
-9.13
37.61
1.83
-9.38
37.31
15.11
-9.82
36.43
14.69
-9.15
36.54
1.49
-9.51
36.61
15.75
-10.08
35.01
15.38
-9.57
35.46
14.95
-9.03
35.92
1.16
-9.61
35.94
0.83
-9.53
35.29
15.84
-10.05
34.38
15.55
-9.40
34.43
0.50
-9.51
34.56
15.89
-10.07
33.64
15.63
-9.43
33.52
0.20
-9.50
33.82
-0.06
-9.49
33.07
15.87
-10.13
33.03
15.66
-9.67
32.55
-0.26
-9.49
32.27
15.54
-9.61
31.48
-0.39
-9.50
31.39
15.44
-9.59
30.51
-0.46
-9.50
30.46
15.34
-9.60
29.58
-0.49
-9.50
29.49
15.19
-9.61
28.70
-0.49
-9.50
28.50
14.95
-9.59
27.93
14.62
-9.48
27.34
-0.48
-9.50
27.51
14.23
-9.53
26.77
13.73
-9.51
26.15
-0.44
-9.49
26.52
13.29
-9.59
25.54
-0.35
-9.49
25.56
12.92
-9.59
25.08
12.51
-9.58
24.66
-0.20
-9.46
24.63
11.95
-9.59
24.18
11.31
-9.56
23.78
10.61
-9.51
23.45
9.89
-9.47
23.15
0.31
-9.81
23.38
0.03
-9.39
23.78
9.15
-9.48
22.87
8.37
-9.48
22.61
7.57
-9.48
22.37
6.78
-9.50
22.14
1.20
-9.50
22.20
0.60
-9.47
22.84
0.24
-9.08
23.23
6.08
-9.60
21.93
5.33
-9.54
21.73
4.46
-9.51
21.52
3.61
-9.50
21.35
1.80
-9.50
21.68
3.07
-9.50
21.23
2.61
-9.50
21.24
2.20
-9.50
21.38
10.78
-9.16
39.71
10.24
-8.94
39.83
9.39
-8.68
39.98
8.44
-8.74
40.14
7.52
-8.74
40.19
6.61
-8.74
40.15
5.72
-8.70
40.03
5.09
-8.95
39.91
11.09
-8.86
39.38
10.45
-8.28
39.44
9.74
-8.14
39.68
5.27
-8.23
39.86
4.60
-8.54
39.67
3.76
-8.50
39.28
3.09
-8.49
38.87
13.10
-8.69
37.92
12.43
-8.62
38.35
11.62
-8.48
38.83
10.98
-8.05
39.02
2.55
-8.50
38.39
2.12
-8.55
37.90
14.10
-8.75
37.06
13.60
-8.48
37.38
1.76
-8.49
37.30
14.28
-8.37
36.47
13.80
-8.07
36.86
1.34
-8.50
36.52
1.06
-8.13
36.00
15.06
-8.66
35.12
14.70
-8.40
35.72
1.09
-8.87
35.97
0.83
-8.50
35.45
15.23
-8.65
34.32
0.49
-8.50
34.62
15.31
-8.67
33.44
0.19
-8.50
33.85
-0.07
-8.50
33.08
15.34
-8.75
32.49
-0.26
-8.50
32.27
15.30
-8.76
31.50
-0.39
-8.50
31.39
15.24
-8.77
30.53
-0.46
-8.50
30.46
15.15
-8.78
29.61
-0.49
-8.50
29.49
15.01
-8.81
28.77
-0.50
-8.50
28.50
14.81
-8.82
28.08
14.47
-8.71
27.51
-0.50
-8.50
27.50
14.05
-8.69
26.91
13.49
-8.53
26.27
13.05
-8.05
25.92
-0.48
-8.50
26.52
13.10
-8.84
25.58
12.74
-8.25
25.42
-0.44
-8.50
25.55
12.83
-9.03
25.14
12.41
-8.69
24.83
-0.33
-8.48
24.63
11.87
-8.78
24.29
11.28
-8.70
23.92
10.58
-8.57
23.59
9.84
-8.53
23.25
-0.14
-8.43
23.80
9.10
-8.52
22.94
8.32
-8.51
22.67
7.48
-8.50
22.42
6.56
-8.50
22.17
5.93
-8.15
22.02
1.17
-8.57
22.06
0.59
-8.51
22.59
0.16
-8.37
23.13
6.01
-8.88
21.97
5.38
-8.54
21.83
4.42
-8.53
21.58
3.43
-8.57
21.36
2.61
-8.35
21.35
1.88
-8.57
21.57
3.03
-9.01
21.24
2.60
-8.97
21.25
2.21
-9.01
21.35
9.04
-8.04
39.86
8.35
-7.98
39.95
7.50
-7.96
40.01
6.64
-7.98
40.02
5.96
-8.04
39.98
10.17
-7.47
39.18
9.34
-7.50
39.55
8.40
-7.26
39.69
7.47
-7.18
39.79
6.52
-7.22
39.84
5.56
-7.48
39.81
4.62
-7.52
39.56
3.79
-7.55
39.20
3.12
-7.63
38.81
12.87
-8.11
37.77
12.35
-7.87
37.99
11.59
-7.53
38.33
10.85
-7.41
38.76
2.54
-7.55
38.28
2.14
-7.87
37.89
13.12
-7.79
37.34
12.50
-7.20
37.47
11.87
-7.04
37.85
2.21
-7.17
37.84
1.86
-7.52
37.41
14.02
-7.52
36.09
13.47
-7.37
36.69
12.93
-6.94
36.92
1.41
-7.49
36.66
1.06
-7.40
36.01
14.81
-8.05
34.91
14.43
-7.59
35.29
0.76
-7.48
35.35
14.88
-7.96
34.26
14.44
-7.23
34.35
14.22
-6.79
34.06
0.46
-7.50
34.60
14.94
-7.94
33.40
14.50
-7.20
33.38
14.23
-6.78
33.61
0.18
-7.51
33.84
-0.06
-7.51
33.07
14.99
-7.98
32.46
14.60
-7.31
32.43
-0.26
-7.51
32.27
14.99
-8.01
31.49
14.63
-7.34
31.48
-0.39
-7.50
31.39
14.96
-8.02
30.54
14.61
-7.36
30.53
-0.46
-7.50
30.46
14.88
-8.05
29.62
14.53
-7.40
29.60
-0.49
-7.50
29.49
14.76
-8.12
28.79
14.35
-7.46
28.67
13.98
-7.04
28.28
-0.51
-7.50
28.50
14.65
-8.26
28.19
14.27
-7.92
27.81
13.80
-7.25
27.64
-0.52
-7.50
27.50
13.95
-8.04
27.16
13.46
-7.57
26.82
12.88
-7.42
26.12
-0.53
-7.51
26.51
12.33
-7.44
25.42
11.82
-7.07
25.10
-0.53
-7.51
25.54
12.01
-7.89
24.78
11.46
-7.31
24.60
10.91
-7.14
24.25
-0.46
-7.51
24.61
11.74
-8.18
24.37
11.28
-7.93
24.15
10.57
-7.58
23.84
9.78
-7.59
23.39
-0.30
-7.46
23.75
9.04
-7.58
23.04
8.28
-7.54
22.76
7.45
-7.51
22.51
6.60
-7.48
22.27
5.83
-7.43
22.07
1.06
-7.68
21.96
0.53
-7.62
22.42
0.04
-7.46
22.99
5.18
-7.58
21.87
4.40
-7.52
21.65
3.49
-7.47
21.44
2.56
-7.30
21.35
1.70
-7.44
21.54
2.19
-6.81
21.27
1.81
-6.85
21.34
6.03
-5.91
39.72
5.68
-5.97
39.74
9.98
-6.72
38.91
9.26
-6.64
39.19
8.41
-6.42
39.37
7.45
-6.30
39.53
6.41
-6.25
39.67
5.50
-6.42
39.69
4.64
-6.55
39.45
3.77
-6.57
39.03
3.21
-6.92
38.75
11.25
-6.84
38.18
10.62
-6.60
38.46
3.31
-6.20
38.62
2.83
-6.59
38.33
12.19
-6.37
37.19
11.51
-6.40
37.74
10.89
-6.14
38.03
2.33
-6.46
37.77
1.89
-6.59
37.26
13.83
-6.80
35.83
13.39
-6.53
36.17
12.79
-6.26
36.57
1.49
-6.53
36.64
1.10
-6.52
35.99
14.06
-6.80
35.31
13.26
-6.08
35.92
12.97
-5.93
36.12
0.77
-6.52
35.31
14.09
-6.64
34.68
13.97
-6.38
34.16
0.47
-6.52
34.57
14.25
-6.76
33.04
13.99
-6.33
33.35
0.20
-6.53
33.81
-0.05
-6.55
33.06
14.26
-6.74
32.35
13.92
-6.16
32.42
-0.23
-6.53
32.26
14.26
-6.73
31.46
13.89
-6.11
31.48
-0.37
-6.51
31.39
14.24
-6.75
30.54
13.85
-6.13
30.53
-0.45
-6.50
30.46
14.18
-6.81
29.66
13.80
-6.24
29.58
-0.49
-6.50
29.49
14.11
-6.90
28.96
13.72
-6.47
28.62
-0.52
-6.50
28.50
13.41
-6.53
27.73
-0.55
-6.51
27.50
13.09
-6.69
26.99
12.62
-6.64
26.37
-0.60
-6.52
26.51
12.14
-6.64
25.77
11.62
-6.49
25.33
-0.64
-6.54
25.53
11.19
-6.59
24.82
10.68
-6.58
24.39
-0.62
-6.57
24.60
10.22
-6.75
23.95
9.61
-6.73
23.55
-0.52
-6.44
23.69
-0.66
-5.89
23.47
8.97
-6.73
23.18
8.25
-6.58
22.90
7.42
-6.52
22.60
6.54
-6.50
22.35
5.63
-6.49
22.09
5.04
-6.17
21.94
0.90
-7.09
21.91
0.48
-6.82
22.20
-0.11
-6.34
22.75
-0.50
-5.85
23.07
5.10
-6.86
21.91
4.50
-6.51
21.74
3.60
-6.48
21.47
2.82
-6.40
21.30
1.21
-6.76
21.62
0.69
-6.20
21.82
0.21
-6.06
22.20
2.22
-6.24
21.23
1.58
-6.25
21.34
1.10
-5.96
21.48
5.99
-5.52
39.64
5.50
-5.60
39.67
5.12
-5.48
39.58
9.81
-6.19
38.74
9.28
-5.95
38.86
8.49
-5.49
38.97
7.46
-5.34
39.21
6.53
-5.39
39.44
5.24
-5.90
39.64
4.75
-5.71
39.41
4.01
-5.69
38.97
10.13
-5.93
38.40
9.55
-5.50
38.49
9.02
-5.08
38.56
7.12
-4.88
39.12
6.69
-4.89
39.21
3.40
-5.47
38.44
2.88
-5.84
38.13
11.93
-5.64
36.95
11.32
-5.58
37.41
10.53
-5.43
37.87
9.78
-5.06
38.13
9.32
-4.86
38.28
3.01
-5.11
37.97
2.48
-5.48
37.58
1.99
-5.86
37.16
13.74
-6.40
35.67
13.52
-6.22
35.77
12.40
-5.54
36.41
2.08
-5.13
37.01
1.65
-5.53
36.60
1.18
-5.63
35.94
13.77
-6.28
35.33
13.35
-5.82
35.42
12.83
-5.50
35.85
0.84
-5.57
35.27
13.84
-6.21
34.85
13.58
-5.78
34.46
0.53
-5.55
34.52
13.56
-5.57
33.44
0.24
-5.56
33.73
-0.00
-5.63
33.03
13.55
-5.48
32.47
-0.18
-5.55
32.27
13.52
-5.44
31.51
-0.33
-5.53
31.39
13.44
-5.45
30.54
-0.42
-5.51
30.46
13.37
-5.58
29.57
-0.48
-5.51
29.49
13.24
-5.72
28.65
-0.53
-5.51
28.50
12.94
-5.78
27.77
12.40
-5.37
27.35
11.95
-5.01
27.13
-0.59
-5.51
27.51
12.80
-6.10
27.12
12.30
-5.87
26.66
11.68
-5.27
26.53
-0.69
-5.52
26.50
11.92
-6.06
26.03
11.27
-5.69
25.70
10.45
-5.34
25.28
9.80
-5.00
25.03
9.37
-4.70
24.86
-0.79
-5.54
25.51
-0.91
-5.05
25.10
10.95
-6.05
25.04
10.36
-5.91
24.64
9.67
-5.43
24.46
9.16
-4.90
24.38
-0.79
-5.79
24.64
-0.91
-5.16
24.49
10.00
-6.18
24.11
9.41
-5.91
23.82
8.83
-5.19
23.76
-0.75
-5.87
24.00
-0.80
-5.35
23.74
8.90
-6.06
23.35
8.28
-5.57
23.16
7.38
-5.53
22.73
6.51
-5.51
22.42
5.67
-5.51
22.16
5.02
-5.51
21.96
0.16
-5.04
22.11
-0.17
-5.36
22.51
-0.58
-5.28
23.09
4.40
-5.52
21.72
3.62
-5.52
21.44
2.93
-5.56
21.25
0.54
-5.35
21.79
0.16
-5.61
22.13
2.31
-5.43
21.17
1.64
-5.39
21.24
1.09
-5.38
21.42
5.85
-5.20
39.56
5.49
-5.19
39.55
5.14
-5.19
39.50
8.28
-4.69
38.77
7.68
-4.65
38.93
6.07
-4.95
39.35
5.48
-4.82
39.29
4.85
-5.00
39.21
4.23
-5.06
38.90
8.75
-4.48
38.47
7.18
-4.41
38.93
6.40
-4.40
39.02
5.54
-4.23
38.93
4.74
-4.29
38.77
3.89
-4.54
38.43
11.75
-5.09
36.75
11.26
-4.87
37.04
10.52
-4.46
37.39
9.76
-4.44
37.88
9.22
-4.44
38.19
3.20
-4.40
37.87
2.64
-4.46
37.38
11.99
-4.79
36.22
11.40
-4.40
36.55
10.91
-4.10
36.82
2.15
-4.39
36.84
1.61
-4.49
36.21
1.23
-4.91
35.82
13.01
-5.18
35.09
12.52
-4.79
35.41
1.30
-4.17
35.64
0.99
-4.62
35.26
13.10
-5.02
34.40
12.65
-4.48
34.53
0.65
-4.57
34.44
13.08
-4.77
33.46
12.73
-4.34
33.83
0.31
-4.55
33.53
0.06
-4.91
32.98
13.16
-4.78
32.48
0.15
-4.19
32.89
-0.06
-4.56
32.34
13.13
-4.77
31.55
-0.25
-4.55
31.39
12.97
-4.71
30.57
12.53
-4.20
30.20
12.18
-3.83
30.01
-0.37
-4.53
30.45
12.94
-4.94
29.56
12.50
-4.41
29.43
12.08
-3.92
29.36
-0.45
-4.52
29.49
12.85
-5.12
28.72
12.42
-4.62
28.63
11.93
-4.09
28.53
-0.52
-4.52
28.51
12.73
-5.25
28.11
12.34
-4.90
27.90
11.72
-4.42
27.58
-0.60
-4.51
27.51
11.14
-4.54
26.69
10.43
-4.19
26.31
9.81
-3.97
25.96
9.40
-3.81
25.67
-0.74
-4.51
26.46
-0.86
-4.18
25.92
10.94
-4.99
26.05
10.40
-4.76
25.79
9.79
-4.48
25.49
9.23
-4.13
25.15
-0.84
-4.83
25.77
-0.93
-4.44
25.32
8.84
-4.22
24.46
-0.95
-4.47
24.52
8.46
-4.37
23.80
-0.87
-4.53
23.79
7.96
-4.52
23.23
7.26
-4.53
22.81
6.43
-4.52
22.47
5.52
-4.52
22.15
5.01
-4.85
21.96
0.20
-4.39
22.15
-0.25
-4.50
22.62
-0.64
-4.53
23.15
5.01
-4.26
21.95
4.50
-4.53
21.74
3.59
-4.53
21.36
3.00
-4.86
21.21
1.21
-4.11
21.42
0.76
-4.44
21.68
3.09
-4.14
21.18
2.51
-4.48
21.13
1.66
-4.45
21.23
1.15
-4.77
21.39
8.20
-4.19
38.64
7.79
-4.17
38.75
9.68
-3.18
37.65
9.24
-3.36
37.94
8.53
-3.75
38.33
7.50
-3.74
38.59
6.50
-3.58
38.63
5.59
-3.47
38.56
4.75
-3.46
38.40
3.98
-3.51
38.10
10.11
-3.53
37.31
9.56
-3.81
37.83
9.09
-3.99
38.12
3.31
-3.51
37.66
2.78
-3.58
37.23
11.81
-4.25
35.88
11.38
-3.90
36.09
10.75
-3.46
36.46
2.30
-3.49
36.72
1.80
-3.47
36.10
12.01
-4.10
35.30
11.49
-3.58
35.38
10.99
-3.13
35.61
1.35
-3.42
35.38
1.04
-3.88
35.03
12.17
-3.89
34.46
11.55
-3.24
34.49
11.11
-2.95
34.97
1.13
-3.15
34.77
0.85
-3.61
34.39
12.78
-4.25
33.13
12.39
-3.85
33.48
11.80
-3.20
33.46
0.54
-3.57
33.54
12.81
-4.21
32.44
12.39
-3.72
32.51
11.89
-3.17
32.48
0.27
-3.50
32.77
0.03
-3.65
32.12
12.79
-4.21
31.65
12.40
-3.73
31.62
11.92
-3.22
31.52
-0.14
-3.61
31.33
12.75
-4.24
31.01
12.41
-3.88
30.82
11.92
-3.39
30.47
-0.28
-3.59
30.43
11.68
-3.37
29.49
-0.37
-3.56
29.48
11.45
-3.44
28.58
-0.45
-3.55
28.51
11.14
-3.58
27.71
10.68
-3.24
27.39
-0.54
-3.54
27.53
10.90
-3.86
27.06
10.37
-3.47
26.82
9.73
-3.34
26.32
9.24
-3.26
25.84
-0.65
-3.55
26.58
-0.80
-3.62
25.92
8.89
-3.35
25.22
-0.88
-3.72
25.27
8.55
-3.44
24.51
-0.90
-3.77
24.53
8.19
-3.53
23.83
-0.82
-3.82
23.83
7.78
-3.64
23.30
7.18
-3.57
22.91
6.40
-3.53
22.54
5.51
-3.48
22.18
4.99
-3.13
21.94
0.27
-3.55
22.34
-0.24
-3.73
22.80
-0.62
-3.84
23.25
5.01
-3.75
21.94
4.51
-3.50
21.70
3.77
-3.58
21.36
1.27
-3.41
21.51
0.77
-3.57
21.86
3.18
-3.43
21.16
2.53
-3.47
21.10
1.84
-3.46
21.23
9.60
-2.76
37.57
9.10
-2.79
37.84
8.38
-2.89
38.06
7.48
-2.87
38.20
6.53
-2.79
38.24
5.62
-2.69
38.20
4.78
-2.60
38.07
4.04
-2.60
37.83
9.95
-2.80
37.12
3.35
-2.55
37.40
2.88
-2.87
37.12
10.29
-2.74
36.40
2.98
-2.17
37.01
2.54
-2.50
36.68
1.99
-2.48
36.01
10.54
-2.60
35.58
1.57
-2.45
35.29
11.11
-2.65
34.16
10.78
-2.54
34.80
1.25
-2.43
34.49
0.95
-2.89
34.11
11.29
-2.65
33.35
1.10
-2.20
33.81
0.79
-2.66
33.42
11.38
-2.63
32.44
0.45
-2.65
32.48
0.15
-2.99
31.99
11.40
-2.66
31.49
0.35
-2.30
31.77
0.07
-2.71
31.32
11.37
-2.73
30.52
-0.11
-2.70
30.41
11.23
-2.76
29.57
-0.22
-2.62
29.47
11.00
-2.77
28.67
10.61
-2.47
28.31
-0.32
-2.61
28.50
10.90
-3.00
28.00
10.48
-2.70
27.70
-0.38
-2.60
27.51
10.08
-2.76
27.09
9.57
-2.65
26.63
9.05
-2.49
26.10
-0.16
-1.96
25.95
-0.42
-2.56
26.35
-0.68
-3.08
25.86
8.61
-2.50
25.34
-0.11
-1.95
25.30
-0.43
-2.54
25.37
-0.72
-3.10
25.27
8.28
-2.62
24.57
-0.02
-2.01
24.49
-0.39
-2.60
24.53
-0.71
-3.16
24.54
7.92
-2.69
23.85
7.54
-2.32
23.55
0.14
-2.17
23.63
-0.31
-2.75
23.76
-0.65
-3.24
23.85
7.66
-2.98
23.38
7.17
-2.63
23.12
6.39
-2.58
22.69
5.61
-2.50
22.32
4.94
-2.41
21.96
0.94
-2.15
22.18
0.44
-2.54
22.67
-0.20
-3.07
23.12
-0.55
-3.36
23.37
4.27
-2.51
21.56
3.80
-2.86
21.33
1.29
-2.48
21.71
0.82
-2.86
22.04
3.82
-2.20
21.31
3.34
-2.52
21.17
2.61
-2.52
21.11
1.94
-2.51
21.29
9.48
-2.42
37.46
9.04
-2.33
37.57
8.34
-2.27
37.68
7.47
-2.21
37.77
6.56
-2.11
37.81
5.67
-1.97
37.81
4.82
-1.74
37.70
4.13
-1.80
37.61
9.63
-2.32
37.04
9.09
-2.03
37.07
8.36
-1.84
37.14
7.49
-1.69
37.23
6.59
-1.55
37.30
5.77
-1.42
37.38
5.12
-1.21
37.35
3.61
-1.67
37.28
9.82
-2.20
36.35
9.19
-1.80
36.35
8.41
-1.47
36.41
7.53
-1.26
36.58
6.60
-1.03
36.69
5.77
-0.97
36.96
5.32
-0.96
37.11
3.11
-1.50
36.89
2.60
-1.51
36.46
2.13
-1.50
35.89
10.02
-2.08
35.47
9.34
-1.58
35.45
8.51
-1.03
35.47
7.60
-0.84
35.95
6.92
-0.73
36.19
1.78
-1.48
35.21
10.76
-2.27
33.97
10.29
-2.02
34.43
9.57
-1.47
34.46
8.96
-0.93
34.44
1.55
-1.47
34.39
10.82
-2.20
33.30
10.28
-1.82
33.42
9.67
-1.37
33.47
9.13
-0.86
33.48
1.30
-1.52
33.49
0.95
-2.01
33.12
10.86
-2.16
32.43
10.30
-1.74
32.46
9.71
-1.32
32.49
9.18
-0.83
32.49
1.18
-1.26
32.61
0.79
-1.86
32.42
10.87
-2.16
31.49
10.30
-1.73
31.50
9.72
-1.30
31.50
9.19
-0.82
31.50
1.04
-1.06
31.91
0.61
-1.57
31.48
0.23
-2.06
31.07
10.85
-2.20
30.54
10.30
-1.75
30.53
9.72
-1.32
30.52
9.18
-0.84
30.51
0.43
-1.33
30.54
0.12
-1.93
30.38
10.79
-2.25
29.66
10.28
-1.83
29.58
9.70
-1.38
29.55
9.17
-0.88
29.52
0.32
-1.16
29.84
0.03
-1.69
29.47
10.72
-2.32
28.97
10.28
-2.03
28.64
9.66
-1.51
28.61
9.11
-0.97
28.56
-0.10
-1.75
28.51
10.06
-2.16
27.82
9.54
-1.70
27.75
9.00
-1.16
27.61
-0.15
-1.75
27.61
9.87
-2.29
27.30
9.45
-2.03
27.05
8.81
-1.55
26.58
0.06
-1.38
26.16
-0.12
-1.68
26.78
8.24
-1.54
25.49
7.79
-1.11
25.05
0.19
-1.31
25.37
8.01
-1.88
24.63
7.63
-1.35
24.47
0.32
-1.33
24.52
7.81
-2.07
24.06
7.40
-1.69
23.80
0.48
-1.42
23.67
6.94
-1.80
23.26
6.31
-1.71
22.89
5.58
-1.56
22.51
4.85
-1.52
22.06
1.11
-1.43
22.27
0.74
-1.51
22.88
4.26
-1.61
21.63
1.53
-1.52
21.73
3.79
-1.61
21.33
3.27
-1.61
21.18
2.65
-1.61
21.15
2.05
-1.59
21.33
4.52
-1.24
37.47
4.16
-1.29
37.44
4.99
-0.48
36.83
4.68
-0.79
37.11
3.93
-0.93
37.10
6.22
-0.61
36.42
5.49
-0.49
36.62
5.14
-0.73
36.96
3.33
-0.71
36.68
2.73
-0.57
36.26
2.25
-0.55
35.77
8.19
-0.33
35.03
7.44
-0.30
35.53
6.58
-0.30
35.94
5.85
-0.14
36.11
1.98
-0.53
35.13
8.60
-0.32
34.32
2.38
0.08
33.84
2.20
-0.02
33.90
1.91
-0.46
34.29
8.75
-0.27
33.48
2.37
0.07
33.68
2.12
-0.06
33.46
1.74
-0.66
33.47
8.77
-0.26
32.51
1.90
-0.05
32.73
1.56
-0.58
32.61
8.75
-0.26
31.51
1.73
0.02
32.14
1.34
-0.36
31.65
0.89
-0.88
31.19
8.74
-0.27
30.51
1.11
-0.13
30.64
0.74
-0.70
30.46
8.72
-0.29
29.52
0.94
-0.01
29.92
0.57
-0.50
29.51
0.22
-1.05
29.14
8.66
-0.34
28.55
0.46
-0.34
28.49
0.14
-1.03
28.44
8.53
-0.45
27.62
0.40
-0.36
27.54
0.09
-1.04
27.64
8.29
-0.60
26.70
0.36
-0.59
26.53
0.09
-1.09
26.99
7.94
-0.67
25.87
7.45
-0.49
25.22
6.95
-0.10
24.98
0.49
-0.57
25.48
7.21
-0.77
24.47
6.73
-0.26
24.43
0.61
-0.61
24.56
6.96
-1.02
23.82
6.39
-0.46
23.75
5.84
-0.20
23.43
0.75
-0.67
23.73
6.75
-1.24
23.39
6.25
-0.98
23.19
5.49
-0.58
22.87
4.60
-0.52
22.21
4.05
-0.10
21.98
1.28
-0.59
22.42
0.95
-0.71
23.01
4.08
-0.86
21.68
3.67
-0.32
21.65
1.70
-0.63
21.82
3.73
-1.06
21.39
3.28
-0.76
21.32
2.66
-0.79
21.25
2.14
-0.77
21.41
4.83
-0.23
36.68
4.47
-0.27
36.76
4.00
-0.34
36.77
5.05
-0.04
36.36
4.42
0.12
36.33
3.64
0.07
36.35
2.85
0.38
35.98
2.32
0.32
35.63
8.39
0.60
34.57
8.12
0.33
34.75
7.36
0.29
35.14
6.48
0.31
35.44
5.49
0.35
35.75
4.54
0.61
35.76
3.72
0.74
35.79
3.15
0.83
35.78
2.10
0.32
35.10
8.50
0.61
34.30
8.47
0.27
34.26
2.40
0.21
33.85
2.24
0.35
33.92
2.09
0.34
34.43
8.52
0.64
33.97
8.47
0.39
33.57
2.39
0.22
33.68
2.23
0.37
33.45
8.40
0.36
32.53
2.05
0.44
32.73
8.36
0.36
31.51
1.87
0.46
32.10
1.65
0.46
31.48
8.35
0.36
30.51
1.42
0.54
30.58
8.33
0.35
29.52
1.17
0.57
29.66
0.84
0.19
29.21
8.28
0.32
28.57
1.11
0.79
28.98
0.85
0.47
28.47
8.14
0.27
27.67
0.77
0.44
27.48
7.83
0.22
26.79
7.25
0.63
26.37
6.66
0.90
25.98
6.18
1.12
25.76
1.10
0.88
26.08
0.81
0.41
26.47
7.71
-0.09
26.12
7.28
0.13
25.75
6.65
0.43
25.30
6.01
0.93
25.23
1.15
0.81
25.37
0.83
0.20
25.47
6.33
0.24
24.55
5.80
0.70
24.51
1.21
0.73
24.50
0.90
0.09
24.56
6.11
0.07
24.00
5.59
0.38
23.75
1.28
0.61
23.61
1.00
-0.00
23.74
5.11
0.27
23.10
4.47
0.36
22.60
3.86
0.47
22.18
1.42
0.32
22.72
1.10
-0.11
23.13
3.24
0.34
21.78
2.54
0.44
21.73
1.92
0.27
21.95
3.04
-0.15
21.44
2.60
-0.13
21.41
2.20
-0.18
21.52
2.60
1.06
35.64
2.29
0.99
35.47
8.33
0.76
34.52
7.99
0.73
34.58
7.31
0.76
34.73
6.45
0.82
34.88
5.52
0.92
35.03
4.58
1.10
35.09
3.64
1.30
35.14
2.98
1.24
35.44
2.17
1.01
35.00
8.37
0.82
34.27
7.99
0.91
34.18
7.30
1.06
34.17
6.45
1.19
34.22
5.55
1.32
34.30
4.67
1.46
34.36
3.87
1.63
34.37
2.19
0.79
33.87
2.17
1.04
34.23
8.39
0.82
33.96
8.06
0.88
33.55
7.30
1.22
33.43
6.44
1.45
33.44
5.56
1.59
33.54
4.72
1.72
33.62
4.01
1.84
33.63
2.18
0.87
33.37
2.19
1.28
33.41
7.93
0.92
32.53
7.25
1.37
32.49
6.39
1.69
32.49
5.51
1.82
32.76
4.72
1.91
32.91
4.12
1.96
33.03
2.09
0.91
32.69
2.14
1.32
32.56
7.89
0.96
31.50
7.24
1.51
31.46
6.65
1.76
31.76
1.98
0.87
32.13
1.96
1.15
31.65
7.93
0.97
30.50
7.41
1.50
30.46
1.78
1.20
30.59
7.94
0.97
29.53
7.47
1.49
29.52
1.58
1.23
29.65
7.90
0.94
28.61
7.44
1.46
28.61
1.40
1.26
28.83
1.17
1.14
28.22
7.79
0.88
27.78
7.35
1.36
27.78
1.42
1.47
27.10
1.14
1.16
27.46
7.63
0.80
27.16
7.13
1.19
27.00
6.50
1.36
26.50
5.89
1.48
26.05
1.40
1.33
26.37
1.09
1.00
26.77
5.42
1.45
25.35
4.85
1.70
25.10
1.52
1.35
25.43
5.25
1.20
24.52
4.70
1.58
24.47
1.58
1.32
24.50
5.06
0.98
23.80
4.52
1.39
23.75
1.60
1.27
23.58
4.83
0.82
23.28
4.28
1.09
23.04
3.63
1.12
22.52
1.64
1.25
22.69
1.57
1.56
22.40
3.07
1.08
22.14
2.47
1.13
22.05
1.88
1.21
22.20
1.64
1.55
22.24
2.48
1.40
35.41
2.30
1.35
35.36
3.16
1.60
34.85
2.69
1.55
35.04
2.33
1.44
34.98
3.26
1.79
34.27
2.74
1.76
34.29
2.36
1.55
34.27
3.42
1.94
33.48
2.82
1.91
33.44
2.40
1.69
33.43
6.02
1.92
31.97
5.38
2.02
32.07
4.57
2.08
32.23
3.71
2.07
32.55
2.92
2.00
32.51
2.41
1.74
32.51
6.82
1.83
31.05
6.24
1.99
31.31
5.39
2.15
31.30
4.53
2.22
31.37
3.67
2.19
31.48
2.91
2.05
31.51
2.34
1.72
31.55
6.87
1.87
30.35
6.21
2.10
30.40
5.39
2.25
30.41
4.51
2.31
30.44
3.64
2.27
30.48
2.85
2.09
30.51
2.23
1.74
30.54
6.90
1.88
29.49
6.21
2.14
29.49
5.38
2.29
29.48
4.49
2.35
29.48
3.60
2.30
29.49
2.77
2.11
29.51
2.07
1.75
29.54
6.89
1.85
28.61
6.20
2.11
28.58
5.38
2.27
28.54
4.48
2.34
28.51
3.57
2.30
28.50
2.69
2.12
28.50
1.85
1.73
28.49
1.44
1.53
28.13
6.85
1.76
27.82
6.20
1.99
27.74
5.39
2.15
27.59
4.47
2.26
27.53
3.56
2.27
27.50
2.67
2.12
27.48
1.84
1.78
27.44
1.43
1.54
27.68
6.78
1.62
27.25
6.25
1.76
27.01
5.42
1.90
26.59
4.47
2.13
26.53
3.56
2.20
26.51
2.71
2.10
26.49
1.97
1.80
26.45
5.09
1.81
25.81
4.41
1.97
25.50
3.52
2.12
25.51
2.73
2.06
25.50
2.05
1.79
25.47
4.13
1.88
24.56
3.42
2.04
24.56
2.70
2.00
24.54
2.07
1.76
24.52
3.97
1.74
23.77
3.33
1.89
23.69
2.64
1.91
23.65
2.03
1.71
23.60
3.85
1.55
23.20
3.26
1.63
22.90
2.55
1.76
22.87
1.92
1.66
22.74
1.65
1.70
22.42
2.92
1.49
22.41
2.45
1.56
22.37
1.93
1.59
22.35
1.67
1.68
22.28
