0
1
3
4
3
1
0
30
1
31
1
30
0
3
30
41
30
3
1
2
5
1
5
4
1
31
32
1
32
2
2
32
5
43
5
32
3
4
42
3
42
41
4
5
42
43
42
5
6
7
9
10
9
7
6
81
7
82
7
81
6
9
81
94
81
9
7
8
11
7
11
10
7
82
83
7
83
8
8
83
11
95
11
83
9
10
15
9
15
14
9
14
107
9
107
94
10
11
15
16
15
11
11
95
108
11
108
16
12
13
21
22
21
13
12
105
13
106
13
105
12
21
105
118
105
21
13
14
23
13
23
22
13
106
107
13
107
14
14
15
23
24
23
15
15
16
25
15
25
24
16
17
25
26
25
17
16
108
17
109
17
108
17
18
27
17
27
26
17
109
110
17
110
18
18
19
27
28
27
19
18
110
19
111
19
110
19
20
29
19
29
28
19
111
112
19
112
20
20
112
29
120
29
112
21
22
119
21
119
118
22
23
33
34
33
23
22
33
119
129
119
33
23
24
35
23
35
34
24
25
35
36
35
25
25
26
37
25
37
36
26
27
37
38
37
27
27
28
39
27
39
38
28
29
39
40
39
29
29
30
41
29
41
40
29
120
121
29
121
30
30
121
31
122
31
121
31
42
43
31
43
32
31
122
131
31
131
42
33
34
130
33
130
129
34
35
44
45
44
35
34
44
130
139
130
44
35
36
46
35
46
45
36
37
46
47
46
37
37
38
48
37
48
47
38
39
48
49
48
39
39
40
50
39
50
49
40
41
50
51
50
41
41
42
52
41
52
51
42
131
52
140
52
131
44
45
53
54
53
45
44
53
139
148
139
53
45
46
55
45
55
54
46
47
55
56
55
47
47
48
57
47
57
56
48
49
57
58
57
49
49
50
59
49
59
58
50
51
59
60
59
51
51
52
61
51
61
60
52
140
61
152
61
140
53
54
149
53
149
148
54
55
149
150
149
55
55
56
151
55
151
150
56
57
62
63
62
57
56
62
151
163
151
62
57
58
64
57
64
63
58
59
64
65
64
59
59
60
66
59
66
65
60
61
66
67
66
61
61
152
165
61
165
67
62
63
68
69
68
63
62
68
163
176
163
68
63
64
70
63
70
69
64
65
70
71
70
65
65
66
72
65
72
71
66
67
164
165
164
67
66
164
72
180
72
164
68
69
176
177
176
69
69
70
178
69
178
177
70
71
178
179
178
71
71
72
180
71
180
179
73
74
83
73
83
82
73
195
196
73
196
74
73
82
206
73
206
195
74
75
83
84
83
75
74
196
75
197
75
196
75
76
85
75
85
84
75
197
198
75
198
76
76
77
85
86
85
77
76
198
77
199
77
198
77
199
210
77
210
86
78
79
91
92
91
79
78
202
79
203
79
202
78
91
202
215
202
91
79
80
93
79
93
92
79
203
204
79
204
80
80
81
93
94
93
81
80
204
81
205
81
204
81
205
206
81
206
82
83
84
96
83
96
95
84
85
96
97
96
85
85
86
98
85
98
97
86
87
98
99
98
87
86
210
87
211
87
210
87
88
100
87
100
99
87
211
212
87
212
88
88
212
100
216
100
212
89
90
103
89
103
102
89
213
214
89
214
90
89
102
218
89
218
213
90
91
103
104
103
91
90
214
91
215
91
214
91
92
105
91
105
104
92
93
105
106
105
93
93
94
107
93
107
106
95
96
109
95
109
108
96
97
109
110
109
97
97
98
111
97
111
110
98
99
111
112
111
99
99
100
113
99
113
112
100
216
113
219
113
216
101
102
115
101
115
114
101
217
218
101
218
102
101
114
220
101
220
217
102
103
115
116
115
103
103
104
117
103
117
116
104
105
117
118
117
105
112
113
120
121
120
113
113
219
221
113
221
121
114
115
124
125
124
115
114
124
220
224
220
124
115
116
126
115
126
125
116
117
126
127
126
117
117
118
128
117
128
127
118
119
128
129
128
119
121
221
222
121
222
122
122
123
131
132
131
123
122
222
123
223
123
222
123
223
225
123
225
132
124
125
133
134
133
125
124
133
224
227
224
133
125
126
135
125
135
134
126
127
135
136
135
127
127
128
137
127
137
136
128
129
137
138
137
129
129
130
139
129
139
138
131
132
141
131
141
140
132
225
141
228
141
225
133
134
143
133
143
142
133
142
230
133
230
227
134
135
143
144
143
135
135
136
145
135
145
144
136
137
145
146
145
137
137
138
147
137
147
146
138
139
147
148
147
139
140
141
152
153
152
141
141
228
231
141
231
153
142
143
154
155
154
143
142
154
230
233
230
154
143
144
156
143
156
155
144
145
156
157
156
145
145
146
158
145
158
157
146
147
158
159
158
147
147
148
160
147
160
159
148
149
160
161
160
149
149
150
162
149
162
161
150
151
162
163
162
151
152
153
165
166
165
153
153
231
235
153
235
166
154
155
167
168
167
155
154
167
233
236
233
167
155
156
169
155
169
168
156
157
169
170
169
157
157
158
171
157
171
170
158
159
171
172
171
159
159
160
173
159
173
172
160
161
173
174
173
161
161
162
175
161
175
174
162
163
175
176
175
163
164
165
180
181
180
165
165
166
235
165
235
234
165
234
239
165
239
181
167
168
183
167
183
182
167
182
241
167
241
236
168
169
183
184
183
169
169
170
185
169
185
184
170
171
185
186
185
171
171
172
187
171
187
186
172
173
187
188
187
173
173
174
189
173
189
188
174
175
189
190
189
175
175
176
191
175
191
190
176
177
191
192
191
177
177
178
193
177
193
192
178
179
193
194
193
179
179
180
238
179
238
237
179
237
253
179
253
194
180
181
238
239
238
181
182
183
241
242
241
183
183
184
243
183
243
242
184
185
243
244
243
185
185
186
245
185
245
244
186
187
245
246
245
187
187
188
247
187
247
246
188
189
247
248
247
189
189
190
249
189
249
248
190
191
249
250
249
191
191
192
251
191
251
250
192
193
251
252
251
193
193
194
253
193
253
252
195
206
207
195
207
196
196
207
197
208
197
207
197
208
209
197
209
198
198
209
199
210
199
209
200
201
213
214
213
201
200
279
201
280
201
279
200
213
279
296
279
213
201
202
215
201
215
214
201
280
281
201
281
202
202
281
203
282
203
281
203
282
283
203
283
204
204
283
205
284
205
283
205
284
285
205
285
206
206
285
207
286
207
285
207
286
287
207
287
208
208
287
209
288
209
287
209
288
289
209
289
210
210
289
211
290
211
289
211
290
291
211
291
212
212
291
216
297
216
291
213
218
303
213
303
296
216
297
219
304
219
297
217
302
303
217
303
218
217
220
309
217
309
302
219
304
310
219
310
221
220
224
309
315
309
224
221
310
311
221
311
222
222
311
223
312
223
311
223
312
316
223
316
225
224
227
315
319
315
227
225
226
229
225
229
228
225
316
317
225
317
226
226
317
229
320
229
317
227
230
321
227
321
319
228
229
231
232
231
229
229
320
323
229
323
232
230
233
321
324
321
233
231
232
323
231
323
322
231
322
325
231
325
235
233
236
327
233
327
324
234
235
239
240
239
235
235
325
331
235
331
240
236
241
327
332
327
241
237
238
329
237
329
328
237
328
336
237
336
253
238
239
329
330
329
239
239
240
331
239
331
330
241
242
255
241
255
254
241
254
340
241
340
332
242
243
255
256
255
243
243
244
257
243
257
256
244
245
257
258
257
245
245
246
259
245
259
258
246
247
259
260
259
247
247
248
261
247
261
260
248
249
261
262
261
249
249
250
263
249
263
262
250
251
333
334
333
251
250
333
263
349
263
333
251
252
335
251
335
334
252
253
335
336
335
253
254
255
340
341
340
255
255
256
342
255
342
341
256
257
342
343
342
257
257
258
344
257
344
343
258
259
344
345
344
259
259
260
346
259
346
345
260
261
346
347
346
261
261
262
348
261
348
347
262
263
348
349
348
263
264
265
269
270
269
265
264
368
265
369
265
368
264
269
368
378
368
269
265
266
271
265
271
270
265
369
370
265
370
266
266
267
271
272
271
267
266
370
267
371
267
370
267
268
273
267
273
272
267
371
372
267
372
268
268
372
273
379
273
372
269
270
275
269
275
274
269
274
388
269
388
378
270
271
275
276
275
271
271
272
277
271
277
276
272
273
277
278
277
273
273
379
389
273
389
278
274
275
286
287
286
275
274
286
388
400
388
286
275
276
288
275
288
287
276
277
288
289
288
277
277
278
290
277
290
289
278
389
290
401
290
389
279
393
394
279
394
280
279
296
407
279
407
393
280
394
281
395
281
394
281
395
396
281
396
282
282
396
283
397
283
396
283
397
398
283
398
284
284
398
285
399
285
398
285
399
400
285
400
286
290
401
291
402
291
401
291
292
298
291
298
297
291
402
403
291
403
292
292
293
298
299
298
293
292
403
293
404
293
403
293
294
300
293
300
299
293
404
405
293
405
294
294
405
300
408
300
405
295
296
303
295
303
302
295
406
407
295
407
296
295
302
410
295
410
406
297
298
305
297
305
304
298
299
305
306
305
299
299
300
307
299
307
306
300
408
307
411
307
408
301
302
309
301
309
308
301
409
410
301
410
302
301
308
412
301
412
409
304
305
310
311
310
305
305
306
312
305
312
311
306
307
312
313
312
307
307
411
414
307
414
313
308
309
314
315
314
309
308
314
412
415
412
314
312
313
316
317
316
313
313
414
417
313
417
317
314
315
318
319
318
315
314
318
415
418
415
318
317
417
420
317
420
320
318
319
418
419
418
319
319
321
421
319
421
419
320
420
323
422
323
420
321
324
423
321
423
421
322
323
325
326
325
323
323
422
425
323
425
326
324
327
423
426
423
327
325
326
425
325
425
424
325
424
427
325
427
331
327
332
428
327
428
426
328
329
336
337
336
329
329
330
338
329
338
337
330
331
338
339
338
331
331
427
430
331
430
339
332
340
428
431
428
340
333
334
350
333
350
349
334
335
350
351
350
335
335
336
352
335
352
351
336
337
352
353
352
337
337
338
354
337
354
353
338
339
429
430
429
339
338
429
354
438
354
429
340
341
355
356
355
341
340
355
431
439
431
355
341
342
357
341
357
356
342
343
357
358
357
343
343
344
359
343
359
358
344
345
359
360
359
345
345
346
361
345
361
360
346
347
361
362
361
347
347
348
363
347
363
362
348
349
432
433
432
349
348
432
363
447
363
432
349
350
434
349
434
433
350
351
434
435
434
351
351
352
436
351
436
435
352
353
436
437
436
353
353
354
438
353
438
437
355
356
440
355
440
439
356
357
440
441
440
357
357
358
442
357
442
441
358
359
442
443
442
359
359
360
444
359
444
443
360
361
444
445
444
361
361
362
446
361
446
445
362
363
446
447
446
363
364
365
374
375
374
365
364
467
365
468
365
467
364
374
467
481
467
374
365
366
376
365
376
375
365
468
469
365
469
366
366
367
376
377
376
367
366
469
367
470
367
469
367
368
378
367
378
377
367
470
471
367
471
368
368
471
369
472
369
471
369
472
473
369
473
370
370
473
371
474
371
473
371
474
475
371
475
372
372
373
379
380
379
373
372
475
373
476
373
475
373
476
482
373
482
380
374
375
384
385
384
375
374
384
481
488
481
384
375
376
386
375
386
385
376
377
386
387
386
377
377
378
388
377
388
387
379
380
390
379
390
389
380
482
390
489
390
482
381
382
394
381
394
393
381
485
486
381
486
382
381
393
494
381
494
485
382
383
394
395
394
383
382
486
383
487
383
486
383
384
396
383
396
395
383
487
488
383
488
384
384
385
396
397
396
385
385
386
398
385
398
397
386
387
398
399
398
387
387
388
400
387
400
399
389
390
402
389
402
401
390
391
402
403
402
391
390
489
391
490
391
489
391
392
404
391
404
403
391
490
491
391
491
392
392
491
404
495
404
491
393
407
499
393
499
494
404
495
405
496
405
495
405
496
500
405
500
408
406
498
407
499
407
498
406
410
498
503
498
410
408
500
411
504
411
500
409
412
413
409
413
410
410
413
503
507
503
413
411
504
508
411
508
414
412
415
413
416
413
415
413
416
511
413
511
507
414
508
417
512
417
508
415
418
419
415
419
416
416
419
511
513
511
419
417
512
514
417
514
420
419
421
515
419
515
513
420
514
422
516
422
514
421
423
517
421
517
515
422
516
425
519
425
516
423
426
520
423
520
517
424
425
518
519
518
425
424
518
427
521
427
518
426
428
520
522
520
428
427
521
524
427
524
430
428
431
522
525
522
431
429
430
524
429
524
523
429
523
528
429
528
438
431
439
529
431
529
525
432
433
447
448
447
433
433
434
449
433
449
448
434
435
449
450
449
435
435
436
451
435
451
450
436
437
526
527
526
437
436
526
451
541
451
526
437
438
528
437
528
527
439
440
530
439
530
529
440
441
530
531
530
441
441
442
532
441
532
531
442
443
532
533
532
443
443
444
534
443
534
533
444
445
534
535
534
445
445
446
536
445
536
535
446
447
536
537
536
447
447
448
538
447
538
537
448
449
538
539
538
449
449
450
540
449
540
539
450
451
540
541
540
451
452
453
461
462
461
453
452
550
453
551
453
550
452
461
550
559
550
461
453
454
463
453
463
462
453
551
552
453
552
454
454
552
463
560
463
552
455
456
468
455
468
467
455
553
554
455
554
456
455
467
564
455
564
553
456
457
468
469
468
457
456
554
457
555
457
554
457
458
470
457
470
469
457
555
556
457
556
458
458
459
470
471
470
459
458
556
459
557
459
556
459
460
472
459
472
471
459
557
558
459
558
460
460
461
472
473
472
461
460
558
461
559
461
558
461
462
474
461
474
473
462
463
474
475
474
463
463
560
565
463
565
475
464
465
478
479
478
465
464
561
465
562
465
561
464
478
561
568
561
478
465
466
480
465
480
479
465
562
563
465
563
466
466
467
480
481
480
467
466
563
467
564
467
563
475
565
566
475
566
476
476
477
482
483
482
477
476
566
477
567
477
566
477
567
569
477
569
483
478
479
485
486
485
479
478
485
568
572
568
485
479
480
487
479
487
486
480
481
487
488
487
481
482
483
489
490
489
483
483
484
491
483
491
490
483
569
570
483
570
484
484
570
491
573
491
570
485
494
577
485
577
572
491
492
496
491
496
495
491
573
574
491
574
492
492
574
496
578
496
574
493
494
499
493
499
498
493
576
577
493
577
494
493
498
581
493
581
576
496
578
500
582
500
578
497
498
503
497
503
502
497
580
581
497
581
498
497
502
585
497
585
580
500
501
504
505
504
501
500
582
501
583
501
582
501
583
586
501
586
505
502
503
506
507
506
503
502
506
585
588
585
506
504
505
508
509
508
505
505
586
590
505
590
509
506
507
510
511
510
507
506
510
588
591
588
510
508
509
589
590
589
509
508
589
512
593
512
589
510
511
591
592
591
511
511
513
596
511
596
592
512
593
514
597
514
593
513
515
599
513
599
596
514
597
516
600
516
597
515
517
601
515
601
599
516
600
519
603
519
600
517
520
604
517
604
601
518
519
602
603
602
519
518
602
521
605
521
602
520
522
604
607
604
522
521
605
609
521
609
524
522
525
607
610
607
525
523
524
609
523
609
608
523
608
623
523
623
528
525
529
624
525
624
610
526
527
621
622
621
527
526
621
541
636
541
621
527
528
623
527
623
622
529
530
543
529
543
542
529
542
637
529
637
624
530
531
543
544
543
531
531
532
545
531
545
544
532
533
545
546
545
533
533
534
547
533
547
546
534
535
547
548
547
535
535
536
631
535
631
630
535
630
643
535
643
548
536
537
631
632
631
537
537
538
633
537
633
632
538
539
633
634
633
539
539
540
635
539
635
634
540
541
635
636
635
541
542
543
637
638
637
543
543
544
639
543
639
638
544
545
639
640
639
545
545
546
641
545
641
640
546
547
641
642
641
547
547
548
643
547
643
642
549
550
559
549
559
558
549
667
668
549
668
550
549
558
678
549
678
667
550
668
551
669
551
668
551
669
670
551
670
552
552
670
560
679
560
670
553
673
674
553
674
554
553
564
685
553
685
673
554
674
555
675
555
674
555
675
676
555
676
556
556
676
557
677
557
676
557
677
678
557
678
558
560
679
565
686
565
679
561
682
683
561
683
562
561
568
690
561
690
682
562
683
563
684
563
683
563
684
685
563
685
564
565
686
687
565
687
566
566
687
567
688
567
687
567
688
691
567
691
569
568
572
690
695
690
572
569
691
692
569
692
570
570
571
573
574
573
571
570
692
571
693
571
692
571
693
696
571
696
574
572
577
695
701
695
577
574
696
578
702
578
696
575
576
581
575
581
580
575
699
700
575
700
576
575
580
705
575
705
699
576
700
577
701
577
700
578
579
582
583
582
579
578
702
579
703
579
702
579
703
706
579
706
583
580
585
705
708
705
585
583
584
587
583
587
586
583
706
707
583
707
584
584
707
587
710
587
707
585
588
711
585
711
708
586
587
709
710
709
587
586
709
590
712
590
709
588
591
711
713
711
591
589
590
594
589
594
593
590
712
594
714
594
712
591
592
596
591
596
595
591
595
715
591
715
713
593
594
598
593
598
597
594
714
598
719
598
714
595
596
716
595
716
715
596
599
716
720
716
599
597
598
719
597
719
718
597
718
726
597
726
600
599
601
728
599
728
720
600
726
603
734
603
726
601
604
736
601
736
728
602
603
605
606
605
603
603
734
745
603
745
606
604
607
736
747
736
607
605
606
745
605
745
744
605
744
756
605
756
609
607
610
757
607
757
747
608
609
755
756
755
609
608
755
623
770
623
755
610
624
611
625
611
624
610
611
757
758
757
611
611
625
626
611
626
612
611
612
759
611
759
758
612
626
613
627
613
626
612
613
759
760
759
613
613
627
628
613
628
614
613
614
761
613
761
760
614
628
615
629
615
628
614
615
761
762
761
615
615
629
630
615
630
616
615
616
763
615
763
762
616
630
617
631
617
630
616
617
763
764
763
617
617
631
632
617
632
618
617
618
765
617
765
764
618
632
619
633
619
632
618
619
765
766
765
619
619
633
634
619
634
620
619
620
767
619
767
766
620
634
767
772
767
634
621
622
769
621
769
768
621
768
774
621
774
636
622
623
769
770
769
623
624
637
625
638
625
637
625
638
639
625
639
626
626
639
627
640
627
639
627
640
641
627
641
628
628
641
629
642
629
641
629
642
643
629
643
630
634
635
772
773
772
635
635
636
774
635
774
773
644
645
652
653
652
645
644
775
645
776
645
775
644
652
775
784
775
652
645
646
654
645
654
653
645
776
777
645
777
646
646
647
654
655
654
647
646
777
647
778
647
777
647
648
656
647
656
655
647
778
779
647
779
648
648
649
656
657
656
649
648
779
649
780
649
779
649
650
658
649
658
657
649
780
781
649
781
650
650
651
658
659
658
651
650
781
651
782
651
781
651
782
785
651
785
659
652
653
663
664
663
653
652
663
784
790
784
663
653
654
665
653
665
664
654
655
665
666
665
655
655
656
667
655
667
666
656
657
667
668
667
657
657
658
669
657
669
668
658
659
669
670
669
659
659
660
671
659
671
670
659
785
786
659
786
660
660
661
671
672
671
661
660
786
661
787
661
786
661
787
791
661
791
672
662
663
673
674
673
663
662
789
663
790
663
789
662
673
789
793
789
673
663
664
675
663
675
674
664
665
675
676
675
665
665
666
677
665
677
676
666
667
677
678
677
667
670
671
679
680
679
671
671
672
681
671
681
680
672
791
681
794
681
791
673
685
799
673
799
793
679
680
687
679
687
686
680
681
687
688
687
681
681
794
800
681
800
688
682
796
683
797
683
796
682
690
796
803
796
690
683
797
798
683
798
684
684
798
685
799
685
798
688
689
691
692
691
689
688
800
689
801
689
800
689
801
804
689
804
692
690
695
803
808
803
695
692
804
693
805
693
804
693
694
697
693
697
696
693
805
806
693
806
694
694
806
697
809
697
806
695
701
813
695
813
808
696
697
702
703
702
697
697
698
704
697
704
703
697
809
810
697
810
698
698
810
704
814
704
810
699
811
812
699
812
700
699
705
815
699
815
811
700
812
701
813
701
812
703
704
707
703
707
706
704
814
707
818
707
814
705
708
819
705
819
815
707
818
823
707
823
710
708
711
819
824
819
711
709
710
823
709
823
822
709
822
827
709
827
712
711
713
829
711
829
824
712
827
714
832
714
827
713
715
834
713
834
829
714
832
719
837
719
832
715
716
835
715
835
834
716
720
717
721
717
720
716
717
835
836
835
717
717
721
840
717
840
836
718
719
726
727
726
719
719
837
845
719
845
727
720
728
721
729
721
728
721
729
730
721
730
722
721
722
841
721
841
840
722
730
723
731
723
730
722
723
841
842
841
723
723
731
732
723
732
724
723
724
843
723
843
842
724
732
725
733
725
732
724
725
843
844
843
725
725
733
849
725
849
844
726
727
734
735
734
727
727
845
850
727
850
735
728
736
729
737
729
736
729
737
738
729
738
730
730
738
731
739
731
738
731
739
740
731
740
732
732
740
733
741
733
740
733
741
854
733
854
849
734
735
745
746
745
735
735
850
859
735
859
746
736
747
737
748
737
747
737
748
749
737
749
738
738
749
739
750
739
749
739
750
751
739
751
740
740
751
741
752
741
751
741
752
753
741
753
742
741
742
855
741
855
854
742
753
743
754
743
753
742
743
855
856
855
743
743
754
863
743
863
856
744
745
857
858
857
745
744
857
756
865
756
857
745
746
859
745
859
858
747
757
758
747
758
748
748
758
749
759
749
758
749
759
760
749
760
750
750
760
751
761
751
760
751
761
762
751
762
752
752
762
753
763
753
762
753
763
764
753
764
754
754
764
863
866
863
764
755
756
865
755
865
864
755
864
871
755
871
770
764
765
866
867
866
765
765
766
868
765
868
867
766
767
771
772
771
767
766
771
868
872
868
771
768
769
869
870
869
769
768
869
774
875
774
869
769
770
871
769
871
870
771
772
873
771
873
872
772
773
873
874
873
773
773
774
875
773
875
874
775
876
877
775
877
776
775
784
886
775
886
876
776
877
777
878
777
877
777
878
879
777
879
778
778
879
779
880
779
879
779
880
881
779
881
780
780
881
781
882
781
881
781
882
883
781
883
782
782
783
785
786
785
783
782
883
783
884
783
883
783
884
888
783
888
786
784
790
886
892
886
790
786
888
787
889
787
888
787
788
792
787
792
791
787
889
890
787
890
788
788
890
792
893
792
890
789
891
892
789
892
790
789
793
894
789
894
891
791
792
795
791
795
794
792
893
795
895
795
893
793
799
899
793
899
894
794
795
800
801
800
795
795
895
900
795
900
801
796
896
797
897
797
896
796
803
896
902
896
803
797
897
898
797
898
798
798
898
799
899
799
898
801
802
805
801
805
804
801
900
901
801
901
802
802
901
805
903
805
901
803
808
906
803
906
902
805
903
904
805
904
806
806
807
809
810
809
807
806
904
807
905
807
904
807
905
907
807
907
810
808
813
906
908
906
813
810
907
814
909
814
907
811
815
816
811
816
812
812
816
813
817
813
816
813
817
910
813
910
908
814
909
818
911
818
909
815
819
820
815
820
816
816
820
817
821
817
820
817
821
912
817
912
910
818
911
823
913
823
911
819
824
825
819
825
820
820
825
821
826
821
825
821
826
914
821
914
912
822
823
827
828
827
823
823
913
915
823
915
828
824
829
825
830
825
829
825
830
831
825
831
826
826
831
914
918
914
831
827
828
833
827
833
832
828
915
833
919
833
915
829
834
835
829
835
830
830
835
831
836
831
835
831
836
922
831
922
918
832
833
837
838
837
833
833
919
924
833
924
838
836
840
922
927
922
840
837
838
846
837
846
845
838
839
846
847
846
839
838
924
839
925
839
924
839
925
932
839
932
847
840
841
927
928
927
841
841
842
929
841
929
928
842
843
929
930
929
843
843
844
931
843
931
930
844
849
931
936
931
849
845
846
851
845
851
850
846
847
851
852
851
847
847
848
853
847
853
852
847
932
933
847
933
848
848
933
853
937
853
933
849
854
940
849
940
936
850
851
859
860
859
851
851
852
861
851
861
860
852
853
861
862
861
853
853
937
948
853
948
862
854
855
940
941
940
855
855
856
942
855
942
941
856
863
942
949
942
863
857
858
944
857
944
943
857
943
951
857
951
865
858
859
944
945
944
859
859
860
946
859
946
945
860
861
946
947
946
861
861
862
948
861
948
947
863
866
957
863
957
949
864
865
950
951
950
865
864
950
871
964
871
950
866
867
957
958
957
867
867
868
959
867
959
958
868
872
959
971
959
872
869
870
963
869
963
962
869
962
974
869
974
875
870
871
963
964
963
871
872
873
971
972
971
873
873
874
973
873
973
972
874
875
973
974
973
875
876
886
877
887
877
886
877
978
979
877
979
878
877
887
990
877
990
978
878
979
879
980
879
979
879
980
981
879
981
880
880
981
881
982
881
981
881
982
983
881
983
882
882
983
883
984
883
983
883
984
985
883
985
884
884
885
888
889
888
885
884
985
885
986
885
985
885
986
992
885
992
889
886
989
887
990
887
989
886
892
989
996
989
892
889
992
993
889
993
890
890
993
893
997
893
993
891
995
996
891
996
892
891
894
999
891
999
995
893
997
1000
893
1000
895
894
899
999
1005
999
899
895
1000
1006
895
1006
900
896
1002
897
1003
897
1002
896
902
1002
1010
1002
902
897
1003
1004
897
1004
898
898
1004
899
1005
899
1004
900
1006
901
1007
901
1006
901
1007
1011
901
1011
903
902
906
1010
1015
1010
906
903
1011
1012
903
1012
904
904
1012
905
1013
905
1012
905
1013
1016
905
1016
907
906
908
1015
1018
1015
908
907
1016
1019
907
1019
909
908
910
1018
1021
1018
910
909
1019
1022
909
1022
911
910
912
1021
1025
1021
912
911
1022
1026
911
1026
913
912
914
1025
1029
1025
914
913
1026
1030
913
1030
915
914
918
1029
1033
1029
918
915
916
920
915
920
919
915
1030
1031
915
1031
916
916
917
920
921
920
917
916
1031
917
1032
917
1031
917
1032
1034
917
1034
921
918
922
1033
1035
1033
922
919
920
925
919
925
924
920
921
925
926
925
921
921
1034
1037
921
1037
926
922
927
923
928
923
927
922
923
1035
1036
1035
923
923
928
1038
923
1038
1036
925
926
933
925
933
932
926
1037
933
1040
933
1037
928
929
1038
1039
1038
929
929
930
935
929
935
934
929
934
1041
929
1041
1039
930
931
935
936
935
931
933
1040
1042
933
1042
937
934
935
938
939
938
935
934
938
1041
1043
1041
938
935
936
940
935
940
939
937
1042
1048
937
1048
948
938
939
1043
1044
1043
939
939
940
1045
939
1045
1044
940
941
1045
1046
1045
941
941
942
1047
941
1047
1046
942
949
1047
1050
1047
949
943
944
952
943
952
951
944
945
952
953
952
945
945
946
954
945
954
953
946
947
954
955
954
947
947
948
956
947
956
955
948
1048
956
1051
956
1048
949
957
1052
949
1052
1050
950
951
964
965
964
951
951
952
966
951
966
965
952
953
966
967
966
953
953
954
968
953
968
967
954
955
968
969
968
955
955
956
970
955
970
969
956
1051
970
1065
970
1051
957
958
1053
957
1053
1052
958
959
1053
1054
1053
959
959
971
972
959
972
960
959
960
1055
959
1055
1054
960
972
961
973
961
972
960
961
1055
1056
1055
961
961
973
974
961
974
962
961
962
1057
961
1057
1056
962
963
1057
1058
1057
963
963
964
1059
963
1059
1058
964
965
1059
1060
1059
965
965
966
1061
965
1061
1060
966
967
1061
1062
1061
967
967
968
1063
967
1063
1062
968
969
1063
1064
1063
969
969
970
1065
969
1065
1064
975
976
981
975
981
980
975
1075
1076
975
1076
976
975
980
1080
975
1080
1075
976
977
981
982
981
977
976
1076
977
1077
977
1076
977
1077
1081
977
1081
982
978
990
979
991
979
990
979
1079
1080
979
1080
980
979
991
1090
979
1090
1079
982
1081
983
1082
983
1081
983
1082
1083
983
1083
984
984
1083
985
1084
985
1083
985
1084
1085
985
1085
986
986
987
992
993
992
987
986
1085
987
1086
987
1085
987
988
994
987
994
993
987
1086
1087
987
1087
988
988
1087
994
1091
994
1087
989
1088
1089
989
1089
990
989
996
1094
989
1094
1088
990
1089
991
1090
991
1089
993
994
998
993
998
997
994
1091
998
1095
998
1091
995
1093
1094
995
1094
996
995
999
1097
995
1097
1093
997
998
1001
997
1001
1000
998
1095
1001
1098
1001
1095
999
1005
1103
999
1103
1097
1000
1001
1006
1007
1006
1001
1001
1098
1104
1001
1104
1007
1002
1100
1003
1101
1003
1100
1002
1010
1100
1108
1100
1010
1003
1101
1102
1003
1102
1004
1004
1102
1005
1103
1005
1102
1007
1008
1012
1007
1012
1011
1007
1104
1105
1007
1105
1008
1008
1009
1012
1013
1012
1009
1008
1105
1009
1106
1009
1105
1009
1106
1111
1009
1111
1013
1010
1015
1108
1114
1108
1015
1013
1014
1017
1013
1017
1016
1013
1111
1112
1013
1112
1014
1014
1112
1017
1117
1017
1112
1015
1018
1119
1015
1119
1114
1016
1017
1019
1020
1019
1017
1017
1117
1122
1017
1122
1020
1018
1021
1119
1124
1119
1021
1019
1020
1023
1019
1023
1022
1020
1122
1023
1125
1023
1122
1021
1025
1127
1021
1127
1124
1022
1023
1026
1027
1026
1023
1023
1024
1028
1023
1028
1027
1023
1125
1126
1023
1126
1024
1024
1126
1028
1128
1028
1126
1025
1029
1130
1025
1130
1127
1026
1027
1030
1031
1030
1027
1027
1028
1032
1027
1032
1031
1028
1128
1032
1131
1032
1128
1029
1033
1133
1029
1133
1130
1032
1131
1034
1134
1034
1131
1033
1035
1136
1033
1136
1133
1034
1134
1037
1138
1037
1134
1035
1036
1137
1035
1137
1136
1036
1038
1137
1140
1137
1038
1037
1138
1142
1037
1142
1040
1038
1039
1140
1141
1140
1039
1039
1041
1143
1039
1143
1141
1040
1142
1042
1144
1042
1142
1041
1043
1145
1041
1145
1143
1042
1144
1048
1149
1048
1144
1043
1044
1146
1043
1146
1145
1044
1045
1146
1147
1146
1045
1045
1046
1148
1045
1148
1147
1046
1047
1049
1050
1049
1047
1046
1049
1148
1151
1148
1049
1048
1149
1051
1153
1051
1149
1049
1050
1152
1049
1152
1151
1050
1052
1152
1156
1152
1052
1051
1153
1166
1051
1166
1065
1052
1053
1156
1157
1156
1053
1053
1054
1158
1053
1158
1157
1054
1055
1158
1159
1158
1055
1055
1056
1160
1055
1160
1159
1056
1057
1066
1067
1066
1057
1056
1066
1160
1168
1160
1066
1057
1058
1068
1057
1068
1067
1058
1059
1068
1069
1068
1059
1059
1060
1070
1059
1070
1069
1060
1061
1161
1162
1161
1061
1060
1161
1070
1172
1070
1161
1061
1062
1163
1061
1163
1162
1062
1063
1163
1164
1163
1063
1063
1064
1165
1063
1165
1164
1064
1065
1071
1072
1071
1065
1064
1071
1165
1176
1165
1071
1065
1166
1177
1065
1177
1072
1066
1067
1168
1169
1168
1067
1067
1068
1170
1067
1170
1169
1068
1069
1170
1171
1170
1069
1069
1070
1172
1069
1172
1171
1071
1072
1177
1071
1177
1176
1073
1074
1079
1073
1079
1078
1073
1183
1184
1073
1184
1074
1073
1078
1193
1073
1193
1183
1074
1075
1079
1080
1079
1075
1074
1184
1075
1185
1075
1184
1075
1185
1186
1075
1186
1076
1076
1186
1077
1187
1077
1186
1077
1187
1194
1077
1194
1081
1078
1079
1089
1090
1089
1079
1078
1089
1193
1202
1193
1089
1081
1194
1195
1081
1195
1082
1082
1195
1083
1196
1083
1195
1083
1196
1197
1083
1197
1084
1084
1197
1085
1198
1085
1197
1085
1198
1199
1085
1199
1086
1086
1199
1087
1200
1087
1199
1087
1200
1203
1087
1203
1091
1088
1201
1089
1202
1089
1201
1088
1094
1201
1206
1201
1094
1091
1092
1096
1091
1096
1095
1091
1203
1204
1091
1204
1092
1092
1204
1096
1207
1096
1204
1093
1205
1206
1093
1206
1094
1093
1097
1208
1093
1208
1205
1095
1096
1099
1095
1099
1098
1096
1207
1099
1209
1099
1207
1097
1103
1212
1097
1212
1208
1098
1099
1104
1105
1104
1099
1099
1209
1213
1099
1213
1105
1100
1108
1101
1109
1101
1108
1101
1109
1110
1101
1110
1102
1102
1211
1103
1212
1103
1211
1102
1110
1211
1217
1211
1110
1105
1213
1214
1105
1214
1106
1106
1107
1111
1112
1111
1107
1106
1214
1107
1215
1107
1214
1107
1215
1218
1107
1218
1112
1108
1114
1109
1115
1109
1114
1109
1115
1116
1109
1116
1110
1110
1116
1217
1220
1217
1116
1112
1113
1117
1118
1117
1113
1112
1218
1113
1219
1113
1218
1113
1219
1221
1113
1221
1118
1114
1119
1115
1120
1115
1119
1115
1120
1121
1115
1121
1116
1116
1121
1220
1224
1220
1121
1117
1118
1123
1117
1123
1122
1118
1221
1123
1225
1123
1221
1119
1222
1223
1119
1223
1120
1119
1124
1226
1119
1226
1222
1120
1223
1121
1224
1121
1223
1122
1123
1125
1126
1125
1123
1123
1225
1228
1123
1228
1126
1124
1127
1226
1230
1226
1127
1126
1228
1128
1232
1128
1228
1127
1130
1234
1127
1234
1230
1128
1129
1131
1132
1131
1129
1128
1232
1129
1233
1129
1232
1129
1233
1236
1129
1236
1132
1130
1133
1234
1237
1234
1133
1131
1132
1135
1131
1135
1134
1132
1236
1135
1239
1135
1236
1133
1136
1240
1133
1240
1237
1134
1135
1138
1139
1138
1135
1135
1239
1243
1135
1243
1139
1136
1137
1240
1241
1240
1137
1137
1140
1244
1137
1244
1241
1138
1139
1242
1243
1242
1139
1138
1242
1142
1246
1142
1242
1140
1141
1244
1245
1244
1141
1141
1143
1247
1141
1247
1245
1142
1246
1144
1248
1144
1246
1143
1145
1249
1143
1249
1247
1144
1248
1149
1252
1149
1248
1145
1146
1250
1145
1250
1249
1146
1147
1250
1251
1250
1147
1147
1148
1151
1147
1151
1150
1147
1150
1253
1147
1253
1251
1149
1252
1254
1149
1254
1153
1150
1151
1154
1155
1154
1151
1150
1154
1253
1255
1253
1154
1151
1152
1156
1151
1156
1155
1153
1254
1263
1153
1263
1166
1154
1155
1255
1256
1255
1155
1155
1156
1257
1155
1257
1256
1156
1157
1257
1258
1257
1157
1157
1158
1259
1157
1259
1258
1158
1159
1259
1260
1259
1159
1159
1160
1168
1159
1168
1167
1159
1167
1268
1159
1268
1260
1161
1162
1173
1161
1173
1172
1162
1163
1173
1174
1173
1163
1163
1164
1175
1163
1175
1174
1164
1165
1175
1176
1175
1165
1166
1263
1177
1277
1177
1263
1167
1168
1179
1167
1179
1178
1167
1178
1278
1167
1278
1268
1168
1169
1179
1180
1179
1169
1169
1170
1270
1169
1270
1269
1169
1269
1280
1169
1280
1180
1170
1171
1270
1271
1270
1171
1171
1172
1272
1171
1272
1271
1172
1173
1181
1182
1181
1173
1172
1181
1272
1281
1272
1181
1173
1174
1274
1173
1274
1273
1173
1273
1282
1173
1282
1182
1174
1175
1274
1275
1274
1175
1175
1176
1276
1175
1276
1275
1176
1177
1276
1277
1276
1177
1178
1179
1278
1279
1278
1179
1179
1180
1280
1179
1280
1279
1181
1182
1282
1181
1282
1281
1183
1283
1284
1183
1284
1184
1183
1193
1293
1183
1293
1283
1184
1284
1185
1285
1185
1284
1185
1285
1286
1185
1286
1186
1186
1286
1187
1287
1187
1286
1187
1188
1195
1187
1195
1194
1187
1287
1288
1187
1288
1188
1188
1189
1195
1196
1195
1189
1188
1288
1189
1289
1189
1288
1189
1190
1197
1189
1197
1196
1189
1289
1290
1189
1290
1190
1190
1191
1197
1198
1197
1191
1190
1290
1191
1291
1191
1290
1191
1192
1199
1191
1199
1198
1191
1291
1292
1191
1292
1192
1192
1292
1199
1296
1199
1292
1193
1202
1299
1193
1299
1293
1199
1296
1297
1199
1297
1200
1200
1297
1203
1302
1203
1297
1201
1298
1299
1201
1299
1202
1201
1206
1306
1201
1306
1298
1203
1302
1303
1203
1303
1204
1204
1303
1207
1307
1207
1303
1205
1305
1306
1205
1306
1206
1205
1208
1309
1205
1309
1305
1207
1307
1310
1207
1310
1209
1208
1212
1309
1314
1309
1212
1209
1210
1214
1209
1214
1213
1209
1310
1311
1209
1311
1210
1210
1311
1214
1315
1214
1311
1211
1313
1314
1211
1314
1212
1211
1217
1318
1211
1318
1313
1214
1315
1215
1316
1215
1315
1215
1216
1219
1215
1219
1218
1215
1316
1317
1215
1317
1216
1216
1317
1219
1320
1219
1317
1217
1220
1321
1217
1321
1318
1219
1320
1323
1219
1323
1221
1220
1224
1321
1325
1321
1224
1221
1323
1327
1221
1327
1225
1222
1226
1223
1227
1223
1226
1223
1324
1325
1223
1325
1224
1223
1227
1328
1223
1328
1324
1225
1327
1329
1225
1329
1228
1226
1230
1227
1231
1227
1230
1227
1231
1332
1227
1332
1328
1228
1229
1232
1233
1232
1229
1228
1329
1229
1330
1229
1329
1229
1330
1333
1229
1333
1233
1230
1234
1231
1235
1231
1234
1231
1235
1335
1231
1335
1332
1233
1333
1336
1233
1336
1236
1234
1237
1235
1238
1235
1237
1235
1238
1338
1235
1338
1335
1236
1336
1239
1339
1239
1336
1237
1240
1241
1237
1241
1238
1238
1241
1338
1341
1338
1241
1239
1339
1344
1239
1344
1243
1241
1244
1346
1241
1346
1341
1242
1243
1343
1344
1343
1243
1242
1343
1246
1350
1246
1343
1244
1245
1346
1347
1346
1245
1245
1247
1352
1245
1352
1347
1246
1350
1248
1355
1248
1350
1247
1249
1357
1247
1357
1352
1248
1355
1252
1360
1252
1355
1249
1250
1358
1249
1358
1357
1250
1251
1358
1359
1358
1251
1251
1253
1361
1251
1361
1359
1252
1360
1254
1362
1254
1360
1253
1255
1363
1253
1363
1361
1254
1362
1263
1367
1263
1362
1255
1256
1364
1255
1364
1363
1256
1257
1264
1265
1264
1257
1256
1264
1364
1369
1364
1264
1257
1258
1266
1257
1266
1265
1258
1259
1266
1267
1266
1259
1259
1260
1268
1259
1268
1267
1261
1275
1276
1261
1276
1262
1261
1262
1366
1261
1366
1365
1261
1365
1381
1261
1381
1275
1262
1276
1263
1277
1263
1276
1262
1263
1366
1367
1366
1263
1264
1265
1369
1370
1369
1265
1265
1266
1371
1265
1371
1370
1266
1267
1371
1372
1371
1267
1267
1268
1373
1267
1373
1372
1268
1278
1373
1384
1373
1278
1269
1270
1376
1269
1376
1375
1269
1375
1386
1269
1386
1280
1270
1271
1376
1377
1376
1271
1271
1272
1378
1271
1378
1377
1272
1281
1273
1282
1273
1281
1272
1273
1378
1379
1378
1273
1273
1274
1380
1273
1380
1379
1274
1275
1380
1381
1380
1275
1278
1279
1384
1385
1384
1279
1279
1280
1386
1279
1386
1385
1283
1293
1294
1283
1294
1284
1284
1294
1285
1295
1285
1294
1285
1387
1388
1285
1388
1286
1285
1295
1396
1285
1396
1387
1286
1388
1287
1389
1287
1388
1287
1389
1390
1287
1390
1288
1288
1390
1289
1391
1289
1390
1289
1391
1392
1289
1392
1290
1290
1392
1291
1393
1291
1392
1291
1393
1394
1291
1394
1292
1292
1394
1296
1397
1296
1394
1293
1299
1300
1293
1300
1294
1294
1300
1295
1301
1295
1300
1295
1301
1402
1295
1402
1396
1296
1397
1297
1398
1297
1397
1297
1398
1403
1297
1403
1302
1298
1399
1299
1400
1299
1399
1298
1306
1399
1407
1399
1306
1299
1400
1401
1299
1401
1300
1300
1401
1301
1402
1301
1401
1302
1403
1303
1404
1303
1403
1303
1304
1308
1303
1308
1307
1303
1404
1405
1303
1405
1304
1304
1405
1308
1408
1308
1405
1305
1406
1407
1305
1407
1306
1305
1309
1410
1305
1410
1406
1307
1308
1311
1307
1311
1310
1308
1408
1311
1411
1311
1408
1309
1314
1414
1309
1414
1410
1311
1312
1316
1311
1316
1315
1311
1411
1412
1311
1412
1312
1312
1412
1316
1415
1316
1412
1313
1318
1319
1313
1319
1314
1314
1319
1414
1418
1414
1319
1316
1415
1317
1416
1317
1415
1317
1416
1419
1317
1419
1320
1318
1321
1319
1322
1319
1321
1319
1322
1421
1319
1421
1418
1320
1419
1323
1423
1323
1419
1321
1325
1326
1321
1326
1322
1322
1326
1421
1427
1421
1326
1323
1423
1429
1323
1429
1327
1324
1425
1325
1426
1325
1425
1324
1328
1425
1431
1425
1328
1325
1426
1427
1325
1427
1326
1327
1429
1435
1327
1435
1329
1328
1332
1431
1438
1431
1332
1329
1435
1436
1329
1436
1330
1330
1331
1333
1334
1333
1331
1330
1436
1331
1437
1331
1436
1331
1437
1442
1331
1442
1334
1332
1335
1438
1443
1438
1335
1333
1334
1337
1333
1337
1336
1334
1442
1337
1447
1337
1442
1335
1338
1448
1335
1448
1443
1336
1337
1339
1340
1339
1337
1337
1447
1452
1337
1452
1340
1338
1341
1448
1453
1448
1341
1339
1340
1345
1339
1345
1344
1340
1452
1345
1458
1345
1452
1341
1346
1347
1341
1347
1342
1341
1342
1454
1341
1454
1453
1342
1347
1454
1459
1454
1347
1343
1344
1351
1343
1351
1350
1344
1345
1457
1458
1457
1345
1344
1457
1351
1462
1351
1457
1347
1352
1353
1347
1353
1348
1347
1348
1460
1347
1460
1459
1348
1353
1349
1354
1349
1353
1348
1349
1460
1461
1460
1349
1349
1354
1464
1349
1464
1461
1350
1351
1355
1356
1355
1351
1351
1462
1466
1351
1466
1356
1352
1357
1353
1358
1353
1357
1353
1358
1359
1353
1359
1354
1354
1359
1464
1468
1464
1359
1355
1356
1466
1355
1466
1465
1355
1465
1469
1355
1469
1360
1359
1361
1471
1359
1471
1468
1360
1469
1362
1472
1362
1469
1361
1363
1473
1361
1473
1471
1362
1472
1367
1474
1367
1472
1363
1364
1369
1363
1369
1368
1363
1368
1475
1363
1475
1473
1365
1366
1382
1365
1382
1381
1366
1367
1382
1383
1382
1367
1367
1474
1490
1367
1490
1383
1368
1369
1475
1476
1475
1369
1369
1370
1477
1369
1477
1476
1370
1371
1477
1478
1477
1371
1371
1372
1479
1371
1479
1478
1372
1373
1479
1480
1479
1373
1373
1384
1385
1373
1385
1374
1373
1374
1481
1373
1481
1480
1374
1385
1375
1386
1375
1385
1374
1375
1481
1482
1481
1375
1375
1376
1483
1375
1483
1482
1376
1377
1483
1484
1483
1377
1377
1378
1485
1377
1485
1484
1378
1379
1485
1486
1485
1379
1379
1380
1487
1379
1487
1486
1380
1381
1487
1488
1487
1381
1381
1382
1489
1381
1489
1488
1382
1383
1489
1490
1489
1383
1387
1491
1492
1387
1492
1388
1387
1396
1501
1387
1501
1491
1388
1492
1389
1493
1389
1492
1389
1493
1494
1389
1494
1390
1390
1494
1391
1495
1391
1494
1391
1495
1496
1391
1496
1392
1392
1496
1393
1497
1393
1496
1393
1497
1498
1393
1498
1394
1394
1395
1397
1398
1397
1395
1394
1498
1395
1499
1395
1498
1395
1499
1502
1395
1502
1398
1396
1402
1501
1508
1501
1402
1398
1502
1403
1509
1403
1502
1399
1505
1506
1399
1506
1400
1399
1407
1513
1399
1513
1505
1400
1506
1401
1507
1401
1506
1401
1507
1508
1401
1508
1402
1403
1509
1510
1403
1510
1404
1404
1510
1405
1511
1405
1510
1405
1511
1514
1405
1514
1408
1406
1512
1407
1513
1407
1512
1406
1410
1512
1516
1512
1410
1408
1409
1411
1412
1411
1409
1408
1514
1409
1515
1409
1514
1409
1515
1518
1409
1518
1412
1410
1414
1516
1520
1516
1414
1412
1413
1415
1416
1415
1413
1412
1518
1413
1519
1413
1518
1413
1519
1522
1413
1522
1416
1414
1418
1520
1524
1520
1418
1416
1417
1419
1420
1419
1417
1416
1522
1417
1523
1417
1522
1417
1523
1526
1417
1526
1420
1418
1421
1524
1527
1524
1421
1419
1420
1424
1419
1424
1423
1420
1526
1424
1529
1424
1526
1421
1427
1428
1421
1428
1422
1421
1422
1528
1421
1528
1527
1422
1428
1528
1531
1528
1428
1423
1424
1430
1423
1430
1429
1424
1529
1430
1532
1430
1529
1425
1431
1432
1425
1432
1426
1426
1432
1427
1433
1427
1432
1427
1433
1434
1427
1434
1428
1428
1434
1531
1534
1531
1434
1429
1430
1436
1429
1436
1435
1430
1532
1436
1535
1436
1532
1431
1438
1439
1431
1439
1432
1432
1439
1433
1440
1433
1439
1433
1440
1441
1433
1441
1434
1434
1441
1534
1537
1534
1441
1436
1535
1437
1536
1437
1535
1437
1536
1538
1437
1538
1442
1438
1443
1439
1444
1439
1443
1439
1444
1445
1439
1445
1440
1440
1445
1441
1446
1441
1445
1441
1446
1539
1441
1539
1537
1442
1538
1447
1540
1447
1538
1443
1448
1449
1443
1449
1444
1444
1449
1445
1450
1445
1449
1445
1450
1451
1445
1451
1446
1446
1451
1539
1541
1539
1451
1447
1540
1543
1447
1543
1452
1448
1453
1449
1454
1449
1453
1449
1454
1455
1449
1455
1450
1450
1455
1451
1456
1451
1455
1451
1456
1544
1451
1544
1541
1452
1543
1458
1546
1458
1543
1454
1459
1455
1460
1455
1459
1455
1460
1461
1455
1461
1456
1456
1461
1544
1547
1544
1461
1457
1458
1463
1457
1463
1462
1458
1546
1463
1549
1463
1546
1461
1464
1550
1461
1550
1547
1462
1463
1466
1467
1466
1463
1463
1549
1552
1463
1552
1467
1464
1468
1550
1553
1550
1468
1465
1466
1470
1465
1470
1469
1466
1467
1551
1552
1551
1467
1466
1551
1470
1557
1470
1551
1468
1471
1553
1558
1553
1471
1469
1470
1557
1469
1557
1556
1469
1556
1565
1469
1565
1472
1471
1473
1566
1471
1566
1558
1472
1565
1474
1576
1474
1565
1473
1475
1577
1473
1577
1566
1474
1576
1490
1592
1490
1576
1475
1476
1578
1475
1578
1577
1476
1477
1578
1579
1578
1477
1477
1478
1580
1477
1580
1579
1478
1479
1580
1581
1580
1479
1479
1480
1582
1479
1582
1581
1480
1481
1582
1583
1582
1481
1481
1482
1584
1481
1584
1583
1482
1483
1584
1585
1584
1483
1483
1484
1586
1483
1586
1585
1484
1485
1586
1587
1586
1485
1485
1486
1588
1485
1588
1587
1486
1487
1588
1589
1588
1487
1487
1488
1590
1487
1590
1589
1488
1489
1590
1591
1590
1489
1489
1490
1592
1489
1592
1591
1491
1596
1597
1491
1597
1492
1491
1501
1606
1491
1606
1596
1492
1597
1493
1598
1493
1597
1493
1598
1599
1493
1599
1494
1494
1599
1495
1600
1495
1599
1495
1600
1601
1495
1601
1496
1496
1601
1497
1602
1497
1601
1497
1602
1603
1497
1603
1498
1498
1603
1499
1604
1499
1603
1499
1500
1503
1499
1503
1502
1499
1604
1605
1499
1605
1500
1500
1605
1503
1607
1503
1605
1501
1508
1612
1501
1612
1606
1502
1503
1509
1510
1509
1503
1503
1504
1511
1503
1511
1510
1503
1607
1608
1503
1608
1504
1504
1608
1511
1614
1511
1608
1505
1609
1610
1505
1610
1506
1505
1513
1615
1505
1615
1609
1506
1610
1507
1611
1507
1610
1507
1611
1612
1507
1612
1508
1511
1614
1617
1511
1617
1514
1512
1516
1513
1517
1513
1516
1513
1517
1619
1513
1619
1615
1514
1617
1515
1618
1515
1617
1515
1618
1621
1515
1621
1518
1516
1520
1517
1521
1517
1520
1517
1521
1623
1517
1623
1619
1518
1621
1519
1622
1519
1621
1519
1622
1624
1519
1624
1522
1520
1524
1521
1525
1521
1524
1521
1525
1626
1521
1626
1623
1522
1624
1523
1625
1523
1624
1523
1625
1627
1523
1627
1526
1524
1527
1525
1528
1525
1527
1525
1528
1628
1525
1628
1626
1526
1627
1529
1629
1529
1627
1528
1531
1628
1631
1628
1531
1529
1530
1533
1529
1533
1532
1529
1629
1630
1529
1630
1530
1530
1630
1533
1633
1533
1630
1531
1534
1634
1531
1634
1631
1532
1533
1535
1536
1535
1533
1533
1633
1636
1533
1636
1536
1534
1537
1634
1637
1634
1537
1536
1636
1538
1639
1538
1636
1537
1539
1640
1537
1640
1637
1538
1639
1540
1642
1540
1639
1539
1541
1643
1539
1643
1640
1540
1642
1543
1645
1543
1642
1541
1544
1545
1541
1545
1542
1541
1542
1644
1541
1644
1643
1542
1545
1644
1646
1644
1545
1543
1645
1647
1543
1647
1546
1544
1547
1545
1548
1545
1547
1545
1548
1649
1545
1649
1646
1546
1647
1549
1652
1549
1647
1547
1648
1649
1547
1649
1548
1547
1550
1653
1547
1653
1648
1549
1652
1659
1549
1659
1552
1550
1553
1653
1660
1653
1553
1551
1552
1659
1551
1659
1658
1551
1658
1666
1551
1666
1557
1553
1558
1559
1553
1559
1554
1553
1554
1661
1553
1661
1660
1554
1559
1555
1560
1555
1559
1554
1555
1661
1662
1661
1555
1555
1560
1668
1555
1668
1662
1556
1557
1665
1666
1665
1557
1556
1665
1565
1673
1565
1665
1558
1566
1559
1567
1559
1566
1559
1567
1568
1559
1568
1560
1560
1568
1561
1569
1561
1568
1560
1561
1668
1669
1668
1561
1561
1569
1570
1561
1570
1562
1561
1562
1670
1561
1670
1669
1562
1570
1563
1571
1563
1570
1562
1563
1670
1671
1670
1563
1563
1571
1572
1563
1572
1564
1563
1564
1672
1563
1672
1671
1564
1572
1672
1675
1672
1572
1565
1673
1679
1565
1679
1576
1566
1577
1567
1578
1567
1577
1567
1578
1579
1567
1579
1568
1568
1579
1569
1580
1569
1579
1569
1580
1581
1569
1581
1570
1570
1581
1571
1582
1571
1581
1571
1582
1583
1571
1583
1572
1572
1583
1573
1584
1573
1583
1572
1573
1675
1676
1675
1573
1573
1584
1585
1573
1585
1574
1573
1574
1677
1573
1677
1676
1574
1585
1575
1586
1575
1585
1574
1575
1677
1678
1677
1575
1575
1586
1681
1575
1681
1678
1576
1679
1592
1687
1592
1679
1586
1587
1681
1682
1681
1587
1587
1588
1683
1587
1683
1682
1588
1589
1683
1684
1683
1589
1589
1590
1685
1589
1685
1684
1590
1591
1685
1686
1685
1591
1591
1592
1687
1591
1687
1686
1593
1594
1599
1593
1599
1598
1593
1688
1689
1593
1689
1594
1593
1598
1693
1593
1693
1688
1594
1595
1599
1600
1599
1595
1594
1689
1595
1690
1595
1689
1595
1690
1695
1595
1695
1600
1596
1691
1597
1692
1597
1691
1596
1606
1691
1701
1691
1606
1597
1692
1693
1597
1693
1598
1600
1695
1601
1696
1601
1695
1601
1696
1697
1601
1697
1602
1602
1697
1603
1698
1603
1697
1603
1698
1699
1603
1699
1604
1604
1699
1605
1700
1605
1699
1605
1700
1703
1605
1703
1607
1606
1612
1701
1707
1701
1612
1607
1613
1614
1607
1614
1608
1607
1703
1709
1607
1709
1613
1609
1615
1616
1609
1616
1610
1610
1705
1611
1706
1611
1705
1610
1616
1705
1712
1705
1616
1611
1706
1707
1611
1707
1612
1613
1709
1710
1613
1710
1614
1614
1710
1617
1713
1617
1710
1615
1619
1620
1615
1620
1616
1616
1620
1712
1716
1712
1620
1617
1713
1714
1617
1714
1618
1618
1714
1621
1717
1621
1714
1619
1715
1716
1619
1716
1620
1619
1623
1719
1619
1719
1715
1621
1717
1718
1621
1718
1622
1622
1718
1624
1721
1624
1718
1623
1626
1723
1623
1723
1719
1624
1721
1625
1722
1625
1721
1625
1722
1724
1625
1724
1627
1626
1628
1723
1725
1723
1628
1627
1724
1726
1627
1726
1629
1628
1631
1725
1728
1725
1631
1629
1726
1727
1629
1727
1630
1630
1727
1633
1730
1633
1727
1631
1634
1635
1631
1635
1632
1631
1632
1729
1631
1729
1728
1632
1635
1729
1731
1729
1635
1633
1730
1732
1633
1732
1636
1634
1637
1635
1638
1635
1637
1635
1638
1733
1635
1733
1731
1636
1732
1639
1734
1639
1732
1637
1640
1641
1637
1641
1638
1638
1641
1733
1735
1733
1641
1639
1734
1736
1639
1736
1642
1640
1643
1641
1644
1641
1643
1641
1644
1737
1641
1737
1735
1642
1736
1645
1738
1645
1736
1644
1646
1737
1739
1737
1646
1645
1738
1740
1645
1740
1647
1646
1649
1739
1741
1739
1649
1647
1740
1744
1647
1744
1652
1648
1653
1649
1654
1649
1653
1649
1654
1655
1649
1655
1650
1649
1650
1742
1649
1742
1741
1650
1655
1651
1656
1651
1655
1650
1651
1742
1743
1742
1651
1651
1656
1745
1651
1745
1743
1652
1744
1659
1747
1659
1744
1653
1660
1661
1653
1661
1654
1654
1661
1655
1662
1655
1661
1655
1662
1663
1655
1663
1656
1656
1663
1657
1664
1657
1663
1656
1657
1745
1746
1745
1657
1657
1664
1748
1657
1748
1746
1658
1659
1666
1667
1666
1659
1659
1747
1750
1659
1750
1667
1662
1668
1663
1669
1663
1668
1663
1669
1670
1663
1670
1664
1664
1670
1748
1751
1748
1670
1665
1666
1674
1665
1674
1673
1666
1667
1749
1750
1749
1667
1666
1749
1674
1755
1674
1749
1670
1671
1751
1752
1751
1671
1671
1672
1753
1671
1753
1752
1672
1675
1753
1756
1753
1675
1673
1674
1680
1673
1680
1679
1674
1755
1680
1762
1680
1755
1675
1676
1757
1675
1757
1756
1676
1677
1757
1758
1757
1677
1677
1678
1759
1677
1759
1758
1678
1681
1759
1763
1759
1681
1679
1680
1762
1679
1762
1761
1679
1761
1769
1679
1769
1687
1681
1682
1764
1681
1764
1763
1682
1683
1764
1765
1764
1683
1683
1684
1766
1683
1766
1765
1684
1685
1766
1767
1766
1685
1685
1686
1768
1685
1768
1767
1686
1687
1768
1769
1768
1687
1688
1693
1689
1694
1689
1693
1689
1694
1695
1689
1695
1690
1691
1701
1702
1691
1702
1692
1692
1770
1693
1771
1693
1770
1692
1702
1770
1779
1770
1702
1693
1771
1772
1693
1772
1694
1694
1772
1695
1773
1695
1772
1695
1773
1774
1695
1774
1696
1696
1774
1697
1775
1697
1774
1697
1775
1776
1697
1776
1698
1698
1776
1699
1777
1699
1776
1699
1777
1778
1699
1778
1700
1700
1778
1703
1781
1703
1778
1701
1707
1708
1701
1708
1702
1702
1708
1779
1787
1779
1708
1703
1704
1710
1703
1710
1709
1703
1781
1782
1703
1782
1704
1704
1782
1710
1789
1710
1782
1705
1784
1785
1705
1785
1706
1705
1712
1792
1705
1792
1784
1706
1785
1707
1786
1707
1785
1707
1786
1787
1707
1787
1708
1710
1711
1713
1714
1713
1711
1710
1789
1711
1790
1711
1789
1711
1790
1793
1711
1793
1714
1712
1716
1792
1795
1792
1716
1714
1793
1717
1796
1717
1793
1715
1719
1720
1715
1720
1716
1716
1720
1795
1799
1795
1720
1717
1796
1797
1717
1797
1718
1718
1797
1721
1800
1721
1797
1719
1798
1799
1719
1799
1720
1719
1723
1802
1719
1802
1798
1721
1800
1801
1721
1801
1722
1722
1801
1724
1803
1724
1801
1723
1725
1804
1723
1804
1802
1724
1803
1726
1805
1726
1803
1725
1728
1807
1725
1807
1804
1726
1805
1727
1806
1727
1805
1727
1806
1809
1727
1809
1730
1728
1729
1807
1808
1807
1729
1729
1731
1810
1729
1810
1808
1730
1809
1732
1811
1732
1809
1731
1733
1812
1731
1812
1810
1732
1811
1734
1813
1734
1811
1733
1735
1814
1733
1814
1812
1734
1813
1736
1815
1736
1813
1735
1737
1816
1735
1816
1814
1736
1815
1738
1817
1738
1815
1737
1739
1818
1737
1818
1816
1738
1817
1740
1820
1740
1817
1739
1741
1821
1739
1821
1818
1740
1820
1744
1824
1744
1820
1741
1742
1822
1741
1822
1821
1742
1743
1822
1823
1822
1743
1743
1745
1825
1743
1825
1823
1744
1824
1747
1827
1747
1824
1745
1746
1826
1745
1826
1825
1746
1748
1826
1829
1826
1748
1747
1827
1831
1747
1831
1750
1748
1751
1829
1832
1829
1751
1749
1750
1831
1749
1831
1830
1749
1830
1836
1749
1836
1755
1751
1752
1833
1751
1833
1832
1752
1753
1833
1834
1833
1753
1753
1756
1757
1753
1757
1754
1753
1754
1835
1753
1835
1834
1754
1757
1835
1838
1835
1757
1755
1836
1843
1755
1843
1762
1757
1758
1839
1757
1839
1838
1758
1759
1839
1840
1839
1759
1759
1763
1764
1759
1764
1760
1759
1760
1841
1759
1841
1840
1760
1764
1841
1844
1841
1764
1761
1762
1843
1761
1843
1842
1761
1842
1849
1761
1849
1769
1764
1765
1844
1845
1844
1765
1765
1766
1846
1765
1846
1845
1766
1767
1846
1847
1846
1767
1767
1768
1848
1767
1848
1847
1768
1769
1848
1849
1848
1769
1770
1779
1771
1780
1771
1779
1771
1853
1854
1771
1854
1772
1771
1780
1861
1771
1861
1853
1772
1854
1773
1855
1773
1854
1773
1855
1856
1773
1856
1774
1774
1856
1775
1857
1775
1856
1775
1857
1858
1775
1858
1776
1776
1858
1777
1859
1777
1858
1777
1859
1860
1777
1860
1778
1778
1860
1781
1862
1781
1860
1779
1787
1788
1779
1788
1780
1780
1788
1861
1869
1861
1788
1781
1862
1863
1781
1863
1782
1782
1783
1789
1790
1789
1783
1782
1863
1783
1864
1783
1863
1783
1864
1870
1783
1870
1790
1784
1865
1785
1866
1785
1865
1784
1792
1865
1872
1865
1792
1785
1866
1867
1785
1867
1786
1786
1867
1787
1868
1787
1867
1787
1868
1869
1787
1869
1788
1790
1791
1793
1794
1793
1791
1790
1870
1791
1871
1791
1870
1791
1871
1875
1791
1875
1794
1792
1795
1872
1876
1872
1795
1793
1794
1797
1793
1797
1796
1794
1875
1797
1878
1797
1875
1795
1799
1880
1795
1880
1876
1797
1878
1882
1797
1882
1800
1798
1879
1799
1880
1799
1879
1798
1802
1879
1884
1879
1802
1800
1882
1801
1883
1801
1882
1801
1883
1886
1801
1886
1803
1802
1804
1884
1887
1884
1804
1803
1886
1889
1803
1889
1805
1804
1807
1887
1891
1887
1807
1805
1889
1890
1805
1890
1806
1806
1890
1809
1893
1809
1890
1807
1808
1892
1807
1892
1891
1808
1810
1892
1894
1892
1810
1809
1893
1895
1809
1895
1811
1810
1812
1894
1896
1894
1812
1811
1895
1897
1811
1897
1813
1812
1814
1896
1898
1896
1814
1813
1897
1899
1813
1899
1815
1814
1816
1898
1900
1898
1816
1815
1899
1901
1815
1901
1817
1816
1818
1900
1902
1900
1818
1817
1901
1904
1817
1904
1820
1818
1821
1819
1822
1819
1821
1818
1819
1902
1903
1902
1819
1819
1822
1905
1819
1905
1903
1820
1904
1824
1907
1824
1904
1822
1823
1905
1906
1905
1823
1823
1825
1908
1823
1908
1906
1824
1907
1827
1909
1827
1907
1825
1826
1829
1825
1829
1828
1825
1828
1910
1825
1910
1908
1827
1909
1912
1827
1912
1831
1828
1829
1910
1911
1910
1829
1829
1832
1913
1829
1913
1911
1830
1831
1836
1837
1836
1831
1831
1912
1918
1831
1918
1837
1832
1833
1913
1914
1913
1833
1833
1834
1915
1833
1915
1914
1834
1835
1915
1916
1915
1835
1835
1838
1919
1835
1919
1916
1836
1837
1917
1918
1917
1837
1836
1917
1843
1924
1843
1917
1838
1839
1919
1920
1919
1839
1839
1840
1921
1839
1921
1920
1840
1841
1921
1922
1921
1841
1841
1844
1926
1841
1926
1922
1842
1843
1923
1924
1923
1843
1842
1923
1849
1930
1849
1923
1844
1845
1926
1927
1926
1845
1845
1846
1928
1845
1928
1927
1846
1847
1928
1929
1928
1847
1847
1848
1851
1847
1851
1850
1847
1850
1931
1847
1931
1929
1848
1849
1851
1852
1851
1849
1849
1930
1933
1849
1933
1852
1850
1851
1931
1932
1931
1851
1851
1852
1933
1851
1933
1932
1853
1934
1935
1853
1935
1854
1853
1861
1942
1853
1942
1934
1854
1935
1855
1936
1855
1935
1855
1936
1937
1855
1937
1856
1856
1937
1857
1938
1857
1937
1857
1938
1939
1857
1939
1858
1858
1939
1859
1940
1859
1939
1859
1940
1941
1859
1941
1860
1860
1941
1862
1946
1862
1941
1861
1869
1951
1861
1951
1942
1862
1946
1863
1947
1863
1946
1863
1947
1948
1863
1948
1864
1864
1948
1870
1953
1870
1948
1865
1872
1873
1865
1873
1866
1866
1873
1867
1874
1867
1873
1867
1949
1950
1867
1950
1868
1867
1874
1956
1867
1956
1949
1868
1950
1869
1951
1869
1950
1870
1953
1871
1954
1871
1953
1871
1954
1957
1871
1957
1875
1872
1876
1873
1877
1873
1876
1873
1955
1956
1873
1956
1874
1873
1877
1958
1873
1958
1955
1875
1957
1960
1875
1960
1878
1876
1880
1877
1881
1877
1880
1877
1881
1963
1877
1963
1958
1878
1960
1882
1964
1882
1960
1879
1884
1885
1879
1885
1880
1880
1962
1881
1963
1881
1962
1880
1885
1962
1966
1962
1885
1882
1964
1883
1965
1883
1964
1883
1965
1967
1883
1967
1886
1884
1887
1885
1888
1885
1887
1885
1888
1968
1885
1968
1966
1886
1967
1889
1969
1889
1967
1887
1891
1892
1887
1892
1888
1888
1892
1968
1971
1968
1892
1889
1969
1970
1889
1970
1890
1890
1970
1893
1972
1893
1970
1892
1894
1971
1973
1971
1894
1893
1972
1974
1893
1974
1895
1894
1896
1973
1975
1973
1896
1895
1974
1976
1895
1976
1897
1896
1898
1975
1977
1975
1898
1897
1976
1978
1897
1978
1899
1898
1900
1977
1979
1977
1900
1899
1978
1980
1899
1980
1901
1900
1902
1979
1981
1979
1902
1901
1980
1983
1901
1983
1904
1902
1903
1981
1982
1981
1903
1903
1905
1984
1903
1984
1982
1904
1983
1907
1987
1907
1983
1905
1906
1985
1905
1985
1984
1906
1908
1985
1988
1985
1908
1907
1987
1990
1907
1990
1909
1908
1910
1988
1991
1988
1910
1909
1990
1993
1909
1993
1912
1910
1911
1991
1992
1991
1911
1911
1913
1994
1911
1994
1992
1912
1993
1918
1998
1918
1993
1913
1914
1995
1913
1995
1994
1914
1915
1995
1996
1995
1915
1915
1916
1997
1915
1997
1996
1916
1919
1997
1999
1997
1919
1917
1918
1925
1917
1925
1924
1918
1998
1925
2006
1925
1998
1919
1920
2000
1919
2000
1999
1920
1921
2000
2001
2000
1921
1921
1922
2002
1921
2002
2001
1922
1926
2002
2007
2002
1926
1923
1924
2005
1923
2005
2004
1923
2004
2012
1923
2012
1930
1924
1925
2005
2006
2005
1925
1926
1927
2007
2008
2007
1927
1927
1928
2009
1927
2009
2008
1928
1929
2009
2010
2009
1929
1929
1931
2013
1929
2013
2010
1930
2012
1933
2015
1933
2012
1931
1932
2014
1931
2014
2013
1932
1933
2014
2015
2014
1933
1934
1942
1935
1943
1935
1942
1935
1943
1944
1935
1944
1936
1936
2016
1937
2017
1937
2016
1936
1944
2016
2022
2016
1944
1937
2017
2018
1937
2018
1938
1938
2018
1939
2019
1939
2018
1939
2019
2020
1939
2020
1940
1940
1945
1941
1946
1941
1945
1940
2020
1945
2026
1945
2020
1942
1951
1943
1952
1943
1951
1943
2021
2022
1943
2022
1944
1943
1952
2033
1943
2033
2021
1945
2026
2027
1945
2027
1946
1946
2027
1947
2028
1947
2027
1947
2028
2029
1947
2029
1948
1948
2029
1953
2034
1953
2029
1949
2030
2031
1949
2031
1950
1949
1956
2036
1949
2036
2030
1950
2031
1951
2032
1951
2031
1951
2032
2033
1951
2033
1952
1953
2034
2035
1953
2035
1954
1954
2035
1957
2040
1957
2035
1955
1958
1959
1955
1959
1956
1956
1959
2036
2042
2036
1959
1957
2040
2044
1957
2044
1960
1958
2041
1959
2042
1959
2041
1958
1963
2041
2047
2041
1963
1960
1961
1964
1965
1964
1961
1960
2044
1961
2045
1961
2044
1961
2045
2048
1961
2048
1965
1962
2046
1963
2047
1963
2046
1962
1966
2046
2049
2046
1966
1965
2048
2052
1965
2052
1967
1966
1968
2049
2053
2049
1968
1967
2052
2056
1967
2056
1969
1968
1971
2053
2058
2053
1971
1969
2056
2057
1969
2057
1970
1970
2057
1972
2060
1972
2057
1971
1973
2061
1971
2061
2058
1972
2060
1974
2063
1974
2060
1973
1975
2064
1973
2064
2061
1974
2063
1976
2066
1976
2063
1975
1977
2067
1975
2067
2064
1976
2066
1978
2069
1978
2066
1977
1979
2070
1977
2070
2067
1978
2069
1980
2073
1980
2069
1979
1981
2074
1979
2074
2070
1980
2073
1983
2077
1983
2073
1981
1982
2075
1981
2075
2074
1982
1984
2075
2078
2075
1984
1983
2077
2081
1983
2081
1987
1984
1985
2078
2079
2078
1985
1985
1988
1989
1985
1989
1986
1985
1986
2080
1985
2080
2079
1986
1989
2080
2082
2080
1989
1987
2081
2084
1987
2084
1990
1988
1991
1989
1992
1989
1991
1989
1992
2085
1989
2085
2082
1990
2084
1993
2088
1993
2084
1992
1994
2085
2089
2085
1994
1993
2088
2093
1993
2093
1998
1994
1995
2089
2090
2089
1995
1995
1996
2091
1995
2091
2090
1996
1997
2091
2092
2091
1997
1997
1999
2094
1997
2094
2092
1998
2093
2006
2101
2006
2093
1999
2000
2095
1999
2095
2094
2000
2001
2095
2096
2095
2001
2001
2002
2097
2001
2097
2096
2002
2007
2003
2008
2003
2007
2002
2003
2097
2098
2097
2003
2003
2008
2102
2003
2102
2098
2004
2005
2099
2100
2099
2005
2004
2099
2012
2106
2012
2099
2005
2006
2101
2005
2101
2100
2008
2009
2102
2103
2102
2009
2009
2010
2104
2009
2104
2103
2010
2013
2011
2014
2011
2013
2010
2011
2104
2105
2104
2011
2011
2014
2015
2011
2015
2012
2011
2012
2106
2011
2106
2105
2016
2022
2017
2023
2017
2022
2017
2023
2024
2017
2024
2018
2018
2024
2019
2025
2019
2024
2019
2025
2026
2019
2026
2020
2021
2111
2112
2021
2112
2022
2021
2033
2121
2021
2121
2111
2022
2112
2023
2113
2023
2112
2023
2113
2114
2023
2114
2024
2024
2114
2025
2115
2025
2114
2025
2115
2116
2025
2116
2026
2026
2116
2027
2117
2027
2116
2027
2117
2118
2027
2118
2028
2028
2118
2029
2119
2029
2118
2029
2119
2123
2029
2123
2034
2030
2036
2031
2037
2031
2036
2031
2037
2038
2031
2038
2032
2032
2120
2033
2121
2033
2120
2032
2038
2120
2125
2120
2038
2034
2039
2035
2040
2035
2039
2034
2123
2039
2127
2039
2123
2036
2042
2037
2043
2037
2042
2037
2124
2125
2037
2125
2038
2037
2043
2131
2037
2131
2124
2039
2127
2128
2039
2128
2040
2040
2128
2044
2132
2044
2128
2041
2129
2130
2041
2130
2042
2041
2047
2134
2041
2134
2129
2042
2130
2043
2131
2043
2130
2044
2132
2045
2133
2045
2132
2045
2133
2137
2045
2137
2048
2046
2049
2047
2050
2047
2049
2047
2050
2138
2047
2138
2134
2048
2137
2052
2140
2052
2137
2049
2053
2054
2049
2054
2050
2050
2054
2051
2055
2051
2054
2050
2051
2138
2139
2138
2051
2051
2055
2142
2051
2142
2139
2052
2140
2056
2143
2056
2140
2053
2058
2059
2053
2059
2054
2054
2141
2055
2142
2055
2141
2054
2059
2141
2145
2141
2059
2056
2143
2057
2144
2057
2143
2057
2144
2147
2057
2147
2060
2058
2061
2059
2062
2059
2061
2059
2062
2148
2059
2148
2145
2060
2147
2063
2150
2063
2147
2061
2064
2065
2061
2065
2062
2062
2065
2148
2151
2148
2065
2063
2150
2153
2063
2153
2066
2064
2067
2065
2068
2065
2067
2065
2068
2154
2065
2154
2151
2066
2153
2069
2156
2069
2153
2067
2070
2071
2067
2071
2068
2068
2071
2154
2157
2154
2071
2069
2156
2159
2069
2159
2073
2070
2074
2071
2075
2071
2074
2071
2075
2076
2071
2076
2072
2071
2072
2158
2071
2158
2157
2072
2076
2158
2160
2158
2076
2073
2159
2161
2073
2161
2077
2075
2078
2079
2075
2079
2076
2076
2079
2160
2162
2160
2079
2077
2161
2164
2077
2164
2081
2079
2080
2163
2079
2163
2162
2080
2082
2163
2165
2163
2082
2081
2164
2167
2081
2167
2084
2082
2085
2083
2086
2083
2085
2082
2083
2165
2166
2165
2083
2083
2086
2168
2083
2168
2166
2084
2167
2088
2170
2088
2167
2085
2089
2090
2085
2090
2086
2086
2090
2087
2091
2087
2090
2086
2087
2168
2169
2168
2087
2087
2091
2171
2087
2171
2169
2088
2170
2093
2173
2093
2170
2091
2092
2172
2091
2172
2171
2092
2094
2172
2175
2172
2094
2093
2173
2183
2093
2183
2101
2094
2095
2175
2176
2175
2095
2095
2096
2177
2095
2177
2176
2096
2097
2177
2178
2177
2097
2097
2098
2179
2097
2179
2178
2098
2102
2179
2185
2179
2102
2099
2100
2182
2099
2182
2181
2099
2181
2189
2099
2189
2106
2100
2101
2182
2183
2182
2101
2102
2103
2185
2186
2185
2103
2103
2104
2187
2103
2187
2186
2104
2105
2187
2188
2187
2105
2105
2106
2108
2105
2108
2107
2105
2107
2192
2105
2192
2188
2106
2189
2108
2193
2108
2189
2107
2108
2193
2107
2193
2192
2109
2110
2116
2109
2116
2115
2109
2195
2196
2109
2196
2110
2109
2115
2202
2109
2202
2195
2110
2196
2116
2203
2116
2196
2111
2198
2199
2111
2199
2112
2111
2121
2206
2111
2206
2198
2112
2199
2113
2200
2113
2199
2113
2200
2201
2113
2201
2114
2114
2201
2115
2202
2115
2201
2116
2203
2117
2204
2117
2203
2117
2204
2205
2117
2205
2118
2118
2122
2119
2123
2119
2122
2118
2205
2122
2211
2122
2205
2120
2125
2121
2126
2121
2125
2121
2126
2215
2121
2215
2206
2122
2211
2123
2212
2123
2211
2123
2212
2219
2123
2219
2127
2124
2213
2125
2214
2125
2213
2124
2131
2213
2223
2213
2131
2125
2214
2215
2125
2215
2126
2127
2219
2220
2127
2220
2128
2128
2220
2132
2225
2132
2220
2129
2221
2222
2129
2222
2130
2129
2134
2227
2129
2227
2221
2130
2135
2131
2136
2131
2135
2130
2222
2135
2228
2135
2222
2131
2136
2229
2131
2229
2223
2132
2225
2133
2226
2133
2225
2133
2226
2230
2133
2230
2137
2134
2138
2227
2231
2227
2138
2135
2228
2229
2135
2229
2136
2137
2230
2233
2137
2233
2140
2138
2139
2231
2232
2231
2139
2139
2142
2234
2139
2234
2232
2140
2233
2143
2235
2143
2233
2141
2145
2146
2141
2146
2142
2142
2146
2234
2237
2234
2146
2143
2235
2236
2143
2236
2144
2144
2236
2147
2238
2147
2236
2145
2148
2149
2145
2149
2146
2146
2149
2237
2239
2237
2149
2147
2238
2240
2147
2240
2150
2148
2151
2149
2152
2149
2151
2149
2152
2241
2149
2241
2239
2150
2240
2153
2242
2153
2240
2151
2154
2155
2151
2155
2152
2152
2155
2241
2243
2241
2155
2153
2242
2244
2153
2244
2156
2154
2157
2155
2158
2155
2157
2155
2158
2245
2155
2245
2243
2156
2244
2159
2246
2159
2244
2158
2160
2245
2247
2245
2160
2159
2246
2250
2159
2250
2161
2160
2162
2247
2251
2247
2162
2161
2250
2254
2161
2254
2164
2162
2163
2251
2252
2251
2163
2163
2165
2255
2163
2255
2252
2164
2254
2167
2260
2167
2254
2165
2166
2256
2165
2256
2255
2166
2168
2256
2262
2256
2168
2167
2260
2266
2167
2266
2170
2168
2169
2262
2263
2262
2169
2169
2171
2268
2169
2268
2263
2170
2266
2173
2271
2173
2266
2171
2172
2269
2171
2269
2268
2172
2175
2269
2273
2269
2175
2173
2174
2184
2173
2184
2183
2173
2271
2272
2173
2272
2174
2174
2272
2184
2281
2184
2272
2175
2176
2274
2175
2274
2273
2176
2177
2274
2275
2274
2177
2177
2178
2276
2177
2276
2275
2178
2179
2276
2277
2276
2179
2179
2185
2186
2179
2186
2180
2179
2180
2278
2179
2278
2277
2180
2186
2278
2282
2278
2186
2181
2182
2190
2181
2190
2189
2182
2183
2190
2191
2190
2183
2183
2184
2281
2183
2281
2280
2183
2280
2286
2183
2286
2191
2186
2187
2282
2283
2282
2187
2187
2188
2284
2187
2284
2283
2188
2192
2284
2287
2284
2192
2189
2190
2194
2189
2194
2193
2190
2191
2285
2286
2285
2191
2190
2285
2194
2289
2194
2285
2192
2193
2287
2288
2287
2193
2193
2194
2289
2193
2289
2288
2195
2290
2291
2195
2291
2196
2195
2202
2295
2195
2295
2290
2196
2197
2203
2204
2203
2197
2196
2291
2197
2292
2197
2291
2197
2292
2297
2197
2297
2204
2198
2206
2199
2207
2199
2206
2199
2207
2208
2199
2208
2200
2200
2293
2201
2294
2201
2293
2200
2208
2293
2299
2293
2208
2201
2209
2210
2201
2210
2202
2201
2294
2300
2201
2300
2209
2202
2210
2295
2301
2295
2210
2204
2297
2205
2298
2205
2297
2205
2298
2304
2205
2304
2211
2206
2215
2207
2216
2207
2215
2207
2216
2217
2207
2217
2208
2208
2217
2299
2309
2299
2217
2209
2300
2301
2209
2301
2210
2211
2218
2219
2211
2219
2212
2211
2304
2310
2211
2310
2218
2213
2305
2306
2213
2306
2214
2213
2223
2312
2213
2312
2305
2214
2306
2215
2307
2215
2306
2215
2307
2308
2215
2308
2216
2216
2308
2217
2309
2217
2308
2218
2310
2219
2311
2219
2310
2219
2224
2225
2219
2225
2220
2219
2311
2315
2219
2315
2224
2221
2227
2228
2221
2228
2222
2223
2229
2319
2223
2319
2312
2224
2315
2225
2316
2225
2315
2225
2316
2317
2225
2317
2226
2226
2317
2230
2321
2230
2317
2227
2231
2232
2227
2232
2228
2228
2318
2229
2319
2229
2318
2228
2232
2318
2322
2318
2232
2230
2321
2233
2324
2233
2321
2232
2234
2322
2325
2322
2234
2233
2324
2327
2233
2327
2235
2234
2237
2325
2329
2325
2237
2235
2327
2328
2235
2328
2236
2236
2328
2238
2331
2238
2328
2237
2239
2332
2237
2332
2329
2238
2331
2240
2333
2240
2331
2239
2241
2334
2239
2334
2332
2240
2333
2242
2337
2242
2333
2241
2243
2338
2241
2338
2334
2242
2337
2244
2341
2244
2337
2243
2245
2342
2243
2342
2338
2244
2341
2246
2345
2246
2341
2245
2247
2346
2245
2346
2342
2246
2345
2250
2349
2250
2345
2247
2251
2252
2247
2252
2248
2247
2248
2347
2247
2347
2346
2248
2252
2249
2253
2249
2252
2248
2249
2347
2348
2347
2249
2249
2253
2350
2249
2350
2348
2250
2349
2254
2354
2254
2349
2252
2255
2253
2256
2253
2255
2253
2256
2356
2253
2356
2350
2254
2354
2260
2360
2260
2354
2256
2262
2257
2263
2257
2262
2256
2257
2356
2357
2356
2257
2257
2263
2264
2257
2264
2258
2257
2258
2358
2257
2358
2357
2258
2264
2259
2265
2259
2264
2258
2259
2358
2359
2358
2259
2259
2265
2362
2259
2362
2359
2260
2261
2266
2267
2266
2261
2260
2360
2261
2361
2261
2360
2261
2361
2363
2261
2363
2267
2263
2268
2269
2263
2269
2264
2264
2269
2265
2270
2265
2269
2265
2270
2364
2265
2364
2362
2266
2267
2271
2272
2271
2267
2267
2363
2365
2267
2365
2272
2269
2273
2274
2269
2274
2270
2270
2274
2364
2366
2364
2274
2272
2365
2281
2373
2281
2365
2274
2275
2366
2367
2366
2275
2275
2276
2368
2275
2368
2367
2276
2277
2368
2369
2368
2277
2277
2278
2370
2277
2370
2369
2278
2282
2370
2375
2370
2282
2279
2285
2286
2279
2286
2280
2279
2280
2372
2279
2372
2371
2279
2371
2379
2279
2379
2285
2280
2281
2372
2373
2372
2281
2282
2283
2375
2376
2375
2283
2283
2284
2377
2283
2377
2376
2284
2287
2377
2381
2377
2287
2285
2379
2383
2285
2383
2289
2287
2288
2382
2287
2382
2381
2288
2289
2382
2383
2382
2289
2290
2295
2291
2296
2291
2295
2291
2296
2297
2291
2297
2292
2293
2384
2385
2293
2385
2294
2293
2299
2388
2293
2388
2384
2294
2385
2300
2389
2300
2385
2295
2301
2302
2295
2302
2296
2296
2302
2297
2303
2297
2302
2297
2303
2304
2297
2304
2298
2299
2309
2396
2299
2396
2388
2300
2389
2301
2390
2301
2389
2301
2390
2391
2301
2391
2302
2302
2391
2303
2392
2303
2391
2303
2392
2393
2303
2393
2304
2304
2393
2310
2397
2310
2393
2305
2312
2313
2305
2313
2306
2306
2313
2307
2314
2307
2313
2307
2394
2395
2307
2395
2308
2307
2314
2401
2307
2401
2394
2308
2395
2309
2396
2309
2395
2310
2397
2311
2398
2311
2397
2311
2398
2402
2311
2402
2315
2312
2399
2313
2400
2313
2399
2312
2319
2399
2404
2399
2319
2313
2400
2401
2313
2401
2314
2315
2402
2403
2315
2403
2316
2316
2320
2317
2321
2317
2320
2316
2403
2320
2407
2320
2403
2318
2322
2319
2323
2319
2322
2319
2323
2409
2319
2409
2404
2320
2407
2321
2408
2321
2407
2321
2408
2413
2321
2413
2324
2322
2325
2323
2326
2323
2325
2323
2326
2415
2323
2415
2409
2324
2413
2327
2417
2327
2413
2325
2414
2415
2325
2415
2326
2325
2329
2418
2325
2418
2414
2327
2330
2331
2327
2331
2328
2327
2417
2421
2327
2421
2330
2329
2332
2423
2329
2423
2418
2330
2421
2331
2422
2331
2421
2331
2422
2426
2331
2426
2333
2332
2334
2423
2427
2423
2334
2333
2426
2430
2333
2430
2337
2334
2338
2335
2339
2335
2338
2334
2335
2427
2428
2427
2335
2335
2339
2340
2335
2340
2336
2335
2336
2429
2335
2429
2428
2336
2340
2429
2431
2429
2340
2337
2430
2432
2337
2432
2341
2338
2342
2339
2343
2339
2342
2339
2343
2344
2339
2344
2340
2340
2344
2431
2433
2431
2344
2341
2432
2434
2341
2434
2345
2342
2346
2343
2347
2343
2346
2343
2347
2348
2343
2348
2344
2344
2348
2433
2435
2433
2348
2345
2434
2437
2345
2437
2349
2348
2350
2435
2438
2435
2350
2349
2437
2442
2349
2442
2354
2350
2356
2351
2357
2351
2356
2350
2351
2438
2439
2438
2351
2351
2357
2358
2351
2358
2352
2351
2352
2440
2351
2440
2439
2352
2358
2353
2359
2353
2358
2352
2353
2440
2441
2440
2353
2353
2359
2444
2353
2444
2441
2354
2355
2360
2361
2360
2355
2354
2442
2355
2443
2355
2442
2355
2443
2445
2355
2445
2361
2359
2362
2446
2359
2446
2444
2361
2445
2447
2361
2447
2363
2362
2364
2446
2448
2446
2364
2363
2447
2449
2363
2449
2365
2364
2366
2448
2450
2448
2366
2365
2449
2457
2365
2457
2373
2366
2367
2450
2451
2450
2367
2367
2368
2452
2367
2452
2451
2368
2369
2452
2453
2452
2369
2369
2370
2375
2369
2375
2374
2369
2374
2458
2369
2458
2453
2371
2372
2456
2371
2456
2455
2371
2455
2462
2371
2462
2379
2372
2373
2456
2457
2456
2373
2374
2375
2458
2459
2458
2375
2375
2376
2460
2375
2460
2459
2376
2377
2380
2381
2380
2377
2376
2380
2460
2463
2460
2380
2378
2382
2379
2383
2379
2382
2378
2379
2461
2462
2461
2379
2378
2461
2382
2465
2382
2461
2380
2381
2463
2464
2463
2381
2381
2382
2465
2381
2465
2464
2384
2388
2385
2389
2385
2388
2386
2387
2394
2395
2394
2387
2386
2466
2387
2467
2387
2466
2386
2394
2466
2474
2466
2394
2387
2388
2396
2387
2396
2395
2387
2467
2468
2387
2468
2388
2388
2468
2389
2469
2389
2468
2389
2469
2470
2389
2470
2390
2390
2470
2391
2471
2391
2470
2391
2471
2472
2391
2472
2392
2392
2472
2393
2473
2393
2472
2393
2473
2475
2393
2475
2397
2394
2401
2474
2477
2474
2401
2397
2475
2476
2397
2476
2398
2398
2476
2402
2479
2402
2476
2399
2404
2405
2399
2405
2400
2400
2405
2401
2406
2401
2405
2401
2406
2481
2401
2481
2477
2402
2479
2403
2480
2403
2479
2403
2480
2482
2403
2482
2407
2404
2409
2405
2410
2405
2409
2405
2410
2411
2405
2411
2406
2406
2411
2481
2484
2481
2411
2407
2412
2413
2407
2413
2408
2407
2482
2485
2407
2485
2412
2409
2415
2416
2409
2416
2410
2410
2483
2411
2484
2411
2483
2410
2416
2483
2487
2483
2416
2412
2485
2413
2486
2413
2485
2413
2486
2489
2413
2489
2417
2414
2418
2415
2419
2415
2418
2415
2419
2420
2415
2420
2416
2416
2420
2487
2490
2487
2420
2417
2489
2491
2417
2491
2421
2418
2423
2419
2424
2419
2423
2419
2424
2425
2419
2425
2420
2420
2425
2490
2493
2490
2425
2421
2491
2492
2421
2492
2422
2422
2492
2426
2495
2426
2492
2423
2427
2428
2423
2428
2424
2424
2428
2425
2429
2425
2428
2425
2429
2496
2425
2496
2493
2426
2495
2430
2497
2430
2495
2429
2431
2498
2429
2498
2496
2430
2497
2432
2499
2432
2497
2431
2433
2500
2431
2500
2498
2432
2499
2434
2502
2434
2499
2433
2435
2503
2433
2503
2500
2434
2502
2437
2505
2437
2502
2435
2438
2439
2435
2439
2436
2435
2436
2504
2435
2504
2503
2436
2439
2504
2506
2504
2439
2437
2505
2510
2437
2510
2442
2439
2440
2507
2439
2507
2506
2440
2441
2507
2508
2507
2441
2441
2444
2512
2441
2512
2508
2442
2510
2443
2511
2443
2510
2443
2511
2515
2443
2515
2445
2444
2446
2512
2516
2512
2446
2445
2515
2519
2445
2519
2447
2446
2448
2516
2520
2516
2448
2447
2519
2524
2447
2524
2449
2448
2450
2520
2525
2520
2450
2449
2524
2533
2449
2533
2457
2450
2451
2525
2526
2525
2451
2451
2452
2527
2451
2527
2526
2452
2453
2527
2528
2527
2453
2453
2458
2459
2453
2459
2454
2453
2454
2529
2453
2529
2528
2454
2459
2529
2534
2529
2459
2455
2456
2532
2455
2532
2531
2455
2531
2537
2455
2537
2462
2456
2457
2532
2533
2532
2457
2459
2460
2535
2459
2535
2534
2460
2463
2535
2539
2535
2463
2461
2462
2537
2461
2537
2536
2461
2536
2541
2461
2541
2465
2463
2464
2540
2463
2540
2539
2464
2465
2540
2541
2540
2465
2466
2542
2467
2543
2467
2542
2466
2474
2542
2550
2542
2474
2467
2543
2544
2467
2544
2468
2468
2544
2469
2545
2469
2544
2469
2545
2546
2469
2546
2470
2470
2546
2471
2547
2471
2546
2471
2547
2548
2471
2548
2472
2472
2548
2473
2549
2473
2548
2473
2549
2557
2473
2557
2475
2474
2477
2550
2558
2550
2477
2475
2478
2479
2475
2479
2476
2475
2557
2565
2475
2565
2478
2477
2481
2568
2477
2568
2558
2478
2565
2479
2566
2479
2565
2479
2566
2567
2479
2567
2480
2480
2567
2482
2573
2482
2567
2481
2484
2575
2481
2575
2568
2482
2573
2485
2578
2485
2573
2483
2574
2575
2483
2575
2484
2483
2487
2579
2483
2579
2574
2485
2488
2489
2485
2489
2486
2485
2578
2583
2485
2583
2488
2487
2490
2585
2487
2585
2579
2488
2583
2489
2584
2489
2583
2489
2584
2590
2489
2590
2491
2490
2493
2585
2591
2585
2493
2491
2494
2495
2491
2495
2492
2491
2590
2596
2491
2596
2494
2493
2496
2598
2493
2598
2591
2494
2596
2495
2597
2495
2596
2495
2597
2603
2495
2603
2497
2496
2498
2598
2604
2598
2498
2497
2603
2609
2497
2609
2499
2498
2500
2604
2610
2604
2500
2499
2609
2614
2499
2614
2502
2500
2503
2501
2504
2501
2503
2500
2501
2610
2611
2610
2501
2501
2504
2615
2501
2615
2611
2502
2614
2505
2618
2505
2614
2504
2506
2615
2619
2615
2506
2505
2618
2623
2505
2623
2510
2506
2507
2619
2620
2619
2507
2507
2508
2621
2507
2621
2620
2508
2512
2621
2624
2621
2512
2509
2513
2514
2509
2514
2510
2509
2510
2623
2509
2623
2622
2509
2622
2626
2509
2626
2513
2510
2514
2511
2515
2511
2514
2512
2516
2624
2627
2624
2516
2513
2517
2518
2513
2518
2514
2513
2626
2629
2513
2629
2517
2514
2518
2515
2519
2515
2518
2516
2520
2627
2630
2627
2520
2517
2522
2523
2517
2523
2518
2517
2629
2632
2517
2632
2522
2518
2523
2519
2524
2519
2523
2520
2525
2521
2526
2521
2525
2520
2521
2630
2631
2630
2521
2521
2526
2633
2521
2633
2631
2522
2531
2523
2532
2523
2531
2522
2632
2531
2638
2531
2632
2523
2532
2533
2523
2533
2524
2526
2527
2633
2634
2633
2527
2527
2528
2635
2527
2635
2634
2528
2529
2635
2636
2635
2529
2529
2534
2639
2529
2639
2636
2530
2536
2531
2537
2531
2536
2530
2531
2637
2638
2637
2531
2530
2637
2536
2640
2536
2637
2534
2535
2538
2539
2538
2535
2534
2538
2639
2641
2639
2538
2536
2640
2541
2644
2541
2640
2538
2539
2641
2642
2641
2539
2539
2540
2643
2539
2643
2642
2540
2541
2643
2644
2643
2541
2542
2550
2543
2551
2543
2550
2543
2551
2552
2543
2552
2544
2544
2552
2545
2553
2545
2552
2545
2553
2554
2545
2554
2546
2546
2554
2547
2555
2547
2554
2547
2555
2556
2547
2556
2548
2548
2645
2549
2646
2549
2645
2548
2556
2645
2648
2645
2556
2549
2646
2649
2549
2649
2557
2550
2558
2551
2559
2551
2558
2551
2559
2560
2551
2560
2552
2552
2560
2553
2561
2553
2560
2553
2561
2562
2553
2562
2554
2554
2562
2555
2563
2555
2562
2555
2563
2564
2555
2564
2556
2556
2564
2648
2652
2648
2564
2557
2649
2653
2557
2653
2565
2558
2568
2559
2569
2559
2568
2559
2569
2570
2559
2570
2560
2560
2570
2561
2571
2561
2570
2561
2571
2572
2561
2572
2562
2562
2650
2563
2651
2563
2650
2562
2572
2650
2658
2650
2572
2563
2651
2652
2563
2652
2564
2565
2653
2654
2565
2654
2566
2566
2654
2567
2655
2567
2654
2567
2655
2660
2567
2660
2573
2568
2575
2569
2576
2569
2575
2569
2576
2577
2569
2577
2570
2570
2656
2571
2657
2571
2656
2570
2577
2656
2661
2656
2577
2571
2657
2658
2571
2658
2572
2573
2660
2664
2573
2664
2578
2574
2579
2575
2580
2575
2579
2575
2580
2581
2575
2581
2576
2576
2581
2577
2582
2577
2581
2577
2582
2665
2577
2665
2661
2578
2664
2583
2668
2583
2664
2579
2585
2586
2579
2586
2580
2580
2586
2581
2587
2581
2586
2581
2587
2588
2581
2588
2582
2582
2588
2665
2669
2665
2588
2583
2589
2590
2583
2590
2584
2583
2668
2671
2583
2671
2589
2585
2591
2592
2585
2592
2586
2586
2592
2587
2593
2587
2592
2587
2593
2594
2587
2594
2588
2588
2594
2669
2672
2669
2594
2589
2595
2596
2589
2596
2590
2589
2671
2674
2589
2674
2595
2591
2598
2599
2591
2599
2592
2592
2599
2593
2600
2593
2599
2593
2600
2601
2593
2601
2594
2594
2601
2672
2676
2672
2601
2595
2674
2675
2595
2675
2596
2596
2602
2597
2603
2597
2602
2596
2675
2602
2678
2602
2675
2598
2604
2599
2605
2599
2604
2599
2605
2606
2599
2606
2600
2600
2606
2601
2607
2601
2606
2601
2607
2679
2601
2679
2676
2602
2608
2603
2609
2603
2608
2602
2678
2608
2681
2608
2678
2604
2610
2605
2611
2605
2610
2605
2611
2612
2605
2612
2606
2606
2612
2607
2613
2607
2612
2607
2613
2683
2607
2683
2679
2608
2681
2609
2682
2609
2681
2609
2682
2685
2609
2685
2614
2611
2615
2616
2611
2616
2612
2612
2616
2613
2617
2613
2616
2613
2617
2686
2613
2686
2683
2614
2685
2618
2688
2618
2685
2615
2619
2620
2615
2620
2616
2616
2620
2617
2621
2617
2620
2617
2621
2689
2617
2689
2686
2618
2688
2623
2691
2623
2688
2621
2624
2692
2621
2692
2689
2622
2623
2690
2691
2690
2623
2622
2690
2626
2695
2626
2690
2624
2627
2625
2628
2625
2627
2624
2625
2692
2693
2692
2625
2625
2628
2696
2625
2696
2693
2626
2695
2629
2698
2629
2695
2627
2630
2631
2627
2631
2628
2628
2631
2696
2699
2696
2631
2629
2698
2702
2629
2702
2632
2631
2633
2703
2631
2703
2699
2632
2702
2638
2709
2638
2702
2633
2634
2704
2633
2704
2703
2634
2635
2704
2705
2704
2635
2635
2636
2706
2635
2706
2705
2636
2639
2706
2710
2706
2639
2637
2638
2709
2637
2709
2708
2637
2708
2712
2637
2712
2640
2639
2641
2713
2639
2713
2710
2640
2712
2644
2716
2644
2712
2641
2642
2714
2641
2714
2713
2642
2643
2714
2715
2714
2643
2643
2644
2716
2643
2716
2715
2645
2648
2649
2645
2649
2646
2647
2648
2652
2647
2652
2651
2647
2717
2718
2647
2718
2648
2647
2651
2720
2647
2720
2717
2648
2718
2649
2719
2649
2718
2649
2719
2722
2649
2722
2653
2650
2658
2651
2659
2651
2658
2651
2659
2729
2651
2729
2720
2653
2722
2723
2653
2723
2654
2654
2723
2655
2724
2655
2723
2655
2724
2733
2655
2733
2660
2656
2726
2657
2727
2657
2726
2656
2661
2726
2735
2726
2661
2657
2727
2728
2657
2728
2658
2658
2728
2659
2729
2659
2728
2660
2733
2664
2738
2664
2733
2661
2665
2740
2661
2740
2735
2662
2666
2663
2667
2663
2666
2662
2663
2736
2737
2736
2663
2662
2736
2666
2741
2666
2736
2663
2667
2668
2663
2668
2664
2663
2664
2738
2663
2738
2737
2665
2669
2743
2665
2743
2740
2666
2741
2667
2742
2667
2741
2667
2670
2671
2667
2671
2668
2667
2742
2744
2667
2744
2670
2669
2672
2745
2669
2745
2743
2670
2673
2671
2674
2671
2673
2670
2744
2673
2746
2673
2744
2672
2676
2745
2748
2745
2676
2673
2746
2747
2673
2747
2674
2674
2677
2675
2678
2675
2677
2674
2747
2677
2749
2677
2747
2676
2679
2748
2750
2748
2679
2677
2680
2681
2677
2681
2678
2677
2749
2751
2677
2751
2680
2679
2683
2753
2679
2753
2750
2680
2751
2681
2752
2681
2751
2681
2684
2685
2681
2685
2682
2681
2752
2755
2681
2755
2684
2683
2686
2756
2683
2756
2753
2684
2687
2685
2688
2685
2687
2684
2755
2687
2757
2687
2755
2686
2689
2756
2758
2756
2689
2687
2690
2691
2687
2691
2688
2687
2757
2763
2687
2763
2690
2689
2692
2764
2689
2764
2758
2690
2763
2695
2769
2695
2763
2692
2693
2764
2765
2764
2693
2693
2696
2697
2693
2697
2694
2693
2694
2766
2693
2766
2765
2694
2697
2766
2770
2766
2697
2695
2769
2773
2695
2773
2698
2696
2699
2697
2700
2697
2699
2697
2700
2774
2697
2774
2770
2698
2773
2702
2777
2702
2773
2699
2703
2704
2699
2704
2700
2700
2704
2701
2705
2701
2704
2700
2701
2774
2775
2774
2701
2701
2705
2778
2701
2778
2775
2702
2777
2709
2782
2709
2777
2705
2706
2779
2705
2779
2778
2706
2710
2707
2711
2707
2710
2706
2707
2779
2780
2779
2707
2707
2711
2783
2707
2783
2780
2708
2709
2781
2782
2781
2709
2708
2781
2712
2785
2712
2781
2710
2713
2711
2714
2711
2713
2711
2714
2786
2711
2786
2783
2712
2785
2716
2788
2716
2785
2714
2715
2786
2787
2786
2715
2715
2716
2788
2715
2788
2787
2717
2720
2721
2717
2721
2718
2718
2721
2719
2722
2719
2721
2720
2729
2721
2730
2721
2729
2721
2730
2731
2721
2731
2722
2722
2731
2723
2732
2723
2731
2723
2789
2790
2723
2790
2724
2723
2732
2798
2723
2798
2789
2724
2790
2733
2799
2733
2790
2725
2726
2735
2725
2735
2734
2725
2791
2792
2725
2792
2726
2725
2734
2800
2725
2800
2791
2726
2792
2727
2793
2727
2792
2727
2793
2794
2727
2794
2728
2728
2794
2729
2795
2729
2794
2729
2795
2796
2729
2796
2730
2730
2796
2731
2797
2731
2796
2731
2797
2798
2731
2798
2732
2733
2799
2808
2733
2808
2738
2734
2735
2739
2740
2739
2735
2734
2739
2800
2809
2800
2739
2736
2737
2741
2742
2741
2737
2737
2738
2808
2737
2808
2807
2737
2807
2816
2737
2816
2742
2739
2740
2810
2739
2810
2809
2740
2743
2810
2818
2810
2743
2742
2816
2744
2824
2744
2816
2743
2745
2826
2743
2826
2818
2744
2824
2746
2829
2746
2824
2745
2748
2831
2745
2831
2826
2746
2829
2747
2830
2747
2829
2747
2830
2833
2747
2833
2749
2748
2750
2831
2834
2831
2750
2749
2833
2836
2749
2836
2751
2750
2753
2834
2837
2834
2753
2751
2754
2755
2751
2755
2752
2751
2836
2839
2751
2839
2754
2753
2756
2841
2753
2841
2837
2754
2839
2755
2840
2755
2839
2755
2840
2844
2755
2844
2757
2756
2758
2841
2845
2841
2758
2757
2844
2850
2757
2850
2763
2758
2764
2759
2765
2759
2764
2758
2759
2845
2846
2845
2759
2759
2765
2766
2759
2766
2760
2759
2760
2847
2759
2847
2846
2760
2766
2761
2767
2761
2766
2760
2761
2847
2848
2847
2761
2761
2767
2851
2761
2851
2848
2762
2768
2763
2769
2763
2768
2762
2763
2849
2850
2849
2763
2762
2849
2768
2853
2768
2849
2766
2770
2767
2771
2767
2770
2767
2771
2854
2767
2854
2851
2768
2772
2769
2773
2769
2772
2768
2853
2772
2856
2772
2853
2770
2774
2771
2775
2771
2774
2771
2775
2857
2771
2857
2854
2772
2776
2773
2777
2773
2776
2772
2856
2776
2859
2776
2856
2775
2778
2860
2775
2860
2857
2776
2781
2777
2782
2777
2781
2776
2859
2781
2863
2781
2859
2778
2779
2860
2861
2860
2779
2779
2780
2862
2779
2862
2861
2780
2783
2862
2865
2862
2783
2781
2863
2867
2781
2867
2785
2783
2786
2787
2783
2787
2784
2783
2784
2866
2783
2866
2865
2784
2787
2785
2788
2785
2787
2784
2785
2866
2867
2866
2785
2789
2869
2870
2789
2870
2790
2789
2798
2872
2789
2872
2869
2790
2870
2799
2873
2799
2870
2791
2800
2801
2791
2801
2792
2792
2801
2793
2802
2793
2801
2793
2802
2803
2793
2803
2794
2794
2803
2795
2804
2795
2803
2795
2804
2805
2795
2805
2796
2796
2805
2797
2806
2797
2805
2797
2871
2872
2797
2872
2798
2797
2806
2874
2797
2874
2871
2799
2873
2876
2799
2876
2808
2800
2809
2801
2810
2801
2809
2801
2810
2811
2801
2811
2802
2802
2811
2803
2812
2803
2811
2803
2812
2813
2803
2813
2804
2804
2813
2805
2814
2805
2813
2805
2814
2815
2805
2815
2806
2806
2815
2874
2877
2874
2815
2807
2808
2817
2807
2817
2816
2808
2876
2817
2879
2817
2876
2810
2818
2811
2819
2811
2818
2811
2819
2820
2811
2820
2812
2812
2820
2813
2821
2813
2820
2813
2821
2822
2813
2822
2814
2814
2822
2815
2823
2815
2822
2815
2823
2883
2815
2883
2877
2816
2817
2824
2825
2824
2817
2817
2879
2885
2817
2885
2825
2818
2826
2819
2827
2819
2826
2819
2827
2828
2819
2828
2820
2820
2880
2821
2881
2821
2880
2820
2828
2880
2887
2880
2828
2821
2881
2882
2821
2882
2822
2822
2882
2823
2883
2823
2882
2824
2825
2829
2830
2829
2825
2825
2885
2892
2825
2892
2830
2826
2831
2827
2832
2827
2831
2827
2886
2887
2827
2887
2828
2827
2832
2893
2827
2893
2886
2830
2892
2833
2899
2833
2892
2831
2834
2835
2831
2835
2832
2832
2835
2893
2900
2893
2835
2833
2899
2906
2833
2906
2836
2834
2837
2835
2838
2835
2837
2835
2838
2907
2835
2907
2900
2836
2906
2839
2913
2839
2906
2837
2841
2842
2837
2842
2838
2838
2842
2907
2915
2907
2842
2839
2913
2914
2839
2914
2840
2840
2914
2844
2922
2844
2914
2841
2845
2846
2841
2846
2842
2842
2846
2915
2923
2915
2846
2843
2849
2850
2843
2850
2844
2843
2844
2922
2843
2922
2921
2843
2921
2929
2843
2929
2849
2846
2847
2923
2924
2923
2847
2847
2848
2925
2847
2925
2924
2848
2851
2925
2930
2925
2851
2849
2929
2934
2849
2934
2853
2851
2854
2855
2851
2855
2852
2851
2852
2931
2851
2931
2930
2852
2855
2931
2935
2931
2855
2853
2934
2938
2853
2938
2856
2854
2857
2855
2858
2855
2857
2855
2858
2939
2855
2939
2935
2856
2938
2859
2942
2859
2938
2857
2860
2861
2857
2861
2858
2858
2861
2939
2943
2939
2861
2859
2942
2946
2859
2946
2863
2861
2862
2944
2861
2944
2943
2862
2865
2944
2948
2944
2865
2863
2864
2868
2863
2868
2867
2863
2946
2947
2863
2947
2864
2864
2947
2868
2951
2868
2947
2865
2866
2949
2865
2949
2948
2866
2867
2949
2950
2949
2867
2867
2868
2951
2867
2951
2950
2869
2872
2873
2869
2873
2870
2871
2874
2875
2871
2875
2872
2872
2875
2873
2876
2873
2875
2874
2877
2875
2878
2875
2877
2875
2878
2879
2875
2879
2876
2877
2883
2884
2877
2884
2878
2878
2884
2879
2885
2879
2884
2880
2887
2881
2888
2881
2887
2881
2888
2889
2881
2889
2882
2882
2889
2883
2890
2883
2889
2883
2890
2891
2883
2891
2884
2884
2891
2885
2892
2885
2891
2886
2893
2887
2894
2887
2893
2887
2894
2895
2887
2895
2888
2888
2895
2889
2896
2889
2895
2889
2896
2897
2889
2897
2890
2890
2897
2891
2898
2891
2897
2891
2898
2899
2891
2899
2892
2893
2900
2901
2893
2901
2894
2894
2901
2895
2902
2895
2901
2895
2902
2903
2895
2903
2896
2896
2903
2897
2904
2897
2903
2897
2904
2905
2897
2905
2898
2898
2905
2899
2906
2899
2905
2900
2907
2901
2908
2901
2907
2901
2908
2909
2901
2909
2902
2902
2909
2903
2910
2903
2909
2903
2910
2911
2903
2911
2904
2904
2911
2905
2912
2905
2911
2905
2912
2913
2905
2913
2906
2907
2915
2916
2907
2916
2908
2908
2916
2909
2917
2909
2916
2909
2917
2918
2909
2918
2910
2910
2918
2911
2919
2911
2918
2911
2919
2920
2911
2920
2912
2912
2920
2913
2921
2913
2920
2913
2921
2922
2913
2922
2914
2915
2923
2924
2915
2924
2916
2916
2924
2917
2925
2917
2924
2917
2925
2926
2917
2926
2918
2918
2926
2919
2927
2919
2926
2919
2927
2928
2919
2928
2920
2920
2928
2921
2929
2921
2928
2925
2930
2931
2925
2931
2926
2926
2931
2927
2932
2927
2931
2927
2932
2933
2927
2933
2928
2928
2933
2929
2934
2929
2933
2931
2935
2936
2931
2936
2932
2932
2936
2933
2937
2933
2936
2933
2937
2938
2933
2938
2934
2935
2939
2940
2935
2940
2936
2936
2940
2937
2941
2937
2940
2937
2941
2942
2937
2942
2938
2939
2943
2944
2939
2944
2940
2940
2944
2941
2945
2941
2944
2941
2945
2946
2941
2946
2942
2944
2948
2945
2949
2945
2948
2945
2949
2950
2945
2950
2946
2946
2950
2947
2951
2947
2950
