0
1
2
3
2
1
0
23
1
24
1
23
0
2
23
25
23
2
1
24
26
1
26
3
2
3
4
5
4
3
2
4
25
28
25
4
3
26
29
3
29
5
4
5
7
8
7
5
4
7
28
32
28
7
5
6
9
5
9
8
5
29
30
5
30
6
6
30
9
33
9
30
7
8
12
7
12
11
7
11
35
7
35
32
8
9
12
13
12
9
9
10
14
9
14
13
9
33
34
9
34
10
10
34
14
36
14
34
11
12
16
11
16
15
11
15
38
11
38
35
12
13
16
17
16
13
13
14
18
13
18
17
14
36
18
41
18
36
15
16
20
15
20
19
15
19
43
15
43
38
16
17
20
21
20
17
17
18
22
17
22
21
18
41
22
46
22
41
19
20
44
19
44
43
20
21
44
45
44
21
21
22
46
21
46
45
23
48
49
23
49
24
23
25
51
23
51
48
24
49
26
52
26
49
25
28
54
25
54
51
26
27
29
30
29
27
26
52
27
53
27
52
27
53
55
27
55
30
28
32
54
57
54
32
30
31
33
34
33
31
30
55
31
56
31
55
31
56
58
31
58
34
32
35
57
60
57
35
34
58
36
61
36
58
35
38
63
35
63
60
36
37
41
42
41
37
36
61
37
62
37
61
37
62
67
37
67
42
38
43
39
44
39
43
38
39
63
64
63
39
39
44
45
39
45
40
39
40
65
39
65
64
40
45
65
68
65
45
41
42
47
41
47
46
42
67
47
70
47
67
45
46
69
45
69
68
46
47
69
70
69
47
48
71
49
72
49
71
48
51
71
74
71
51
49
50
53
49
53
52
49
72
73
49
73
50
50
73
53
76
53
73
51
54
78
51
78
74
53
76
79
53
79
55
54
57
78
82
78
57
55
79
80
55
80
56
56
80
58
83
58
80
57
60
85
57
85
82
58
59
61
62
61
59
58
83
59
84
59
83
59
84
86
59
86
62
60
63
85
87
85
63
62
86
67
91
67
86
63
64
88
63
88
87
64
65
88
89
88
65
65
68
69
65
69
66
65
66
90
65
90
89
66
69
67
70
67
69
66
67
90
91
90
67
71
74
75
71
75
72
72
97
73
98
73
97
72
75
97
101
97
75
73
98
102
73
102
76
74
100
75
101
75
100
74
78
100
105
100
78
76
77
79
80
79
77
76
102
77
103
77
102
77
103
106
77
106
80
78
82
105
108
105
82
80
81
83
84
83
81
80
106
81
107
81
106
81
107
109
81
109
84
82
85
108
111
108
85
84
109
86
113
86
109
85
87
115
85
115
111
86
113
91
119
91
113
87
88
116
87
116
115
88
89
116
117
116
89
89
90
118
89
118
117
90
91
118
119
118
91
92
93
95
96
95
93
92
124
93
125
93
124
92
95
124
127
124
95
93
125
128
93
128
96
94
95
97
98
97
95
94
126
95
127
95
126
94
97
126
129
126
97
95
96
99
95
99
98
96
128
99
130
99
128
97
101
132
97
132
129
98
99
102
103
102
99
99
130
133
99
133
103
100
131
101
132
101
131
100
105
131
135
131
105
103
104
107
103
107
106
103
133
134
103
134
104
104
134
107
136
107
134
105
108
138
105
138
135
107
136
140
107
140
109
108
111
138
142
138
111
109
110
114
109
114
113
109
140
141
109
141
110
110
141
114
144
114
141
111
115
116
111
116
112
111
112
143
111
143
142
112
116
143
145
143
116
113
114
120
113
120
119
114
144
120
149
120
144
116
117
145
146
145
117
117
118
122
117
122
121
117
121
150
117
150
146
118
119
122
123
122
119
119
120
149
119
149
148
119
148
152
119
152
123
121
122
151
121
151
150
122
123
151
152
151
123
124
153
125
154
125
153
124
127
153
156
153
127
125
154
157
125
157
128
126
155
127
156
127
155
126
129
155
158
155
129
128
157
130
160
130
157
129
132
163
129
163
158
130
160
133
164
133
160
131
162
163
131
163
132
131
135
167
131
167
162
133
164
165
133
165
134
134
165
136
169
136
165
135
138
171
135
171
167
136
137
140
141
140
137
136
169
137
170
137
169
137
170
174
137
174
141
138
142
139
143
139
142
138
139
171
172
171
139
139
143
176
139
176
172
141
174
178
141
178
144
143
145
181
143
181
176
144
178
149
185
149
178
145
146
182
145
182
181
146
150
147
151
147
150
146
147
182
183
182
147
147
151
152
147
152
148
147
148
184
147
184
183
148
149
184
185
184
149
153
188
189
153
189
154
153
156
191
153
191
188
154
189
157
192
157
189
155
158
159
155
159
156
156
159
191
195
191
159
157
192
196
157
196
160
158
194
159
195
159
194
158
163
194
198
194
163
160
161
164
165
164
161
160
196
161
197
161
196
161
197
200
161
200
165
162
167
163
168
163
167
163
168
202
163
202
198
165
166
170
165
170
169
165
200
201
165
201
166
166
201
170
204
170
201
167
171
172
167
172
168
168
172
202
206
202
172
170
204
174
209
174
204
172
176
173
177
173
176
172
173
206
207
206
173
173
177
211
173
211
207
174
175
178
179
178
175
174
209
175
210
175
209
175
210
214
175
214
179
176
181
177
182
177
181
177
182
216
177
216
211
178
179
185
186
185
179
179
180
187
179
187
186
179
214
215
179
215
180
180
215
187
221
187
215
182
183
216
217
216
183
183
184
218
183
218
217
184
185
218
219
218
185
185
186
220
185
220
219
186
187
220
221
220
187
188
222
189
223
189
222
188
191
222
225
222
191
189
190
193
189
193
192
189
223
224
189
224
190
190
224
193
227
193
224
191
195
228
191
228
225
192
193
196
197
196
193
193
227
229
193
229
197
194
198
195
199
195
198
195
199
231
195
231
228
197
229
232
197
232
200
198
202
199
203
199
202
199
203
234
199
234
231
200
232
201
233
201
232
201
233
235
201
235
204
202
206
203
207
203
206
203
207
237
203
237
234
204
205
209
210
209
205
204
235
205
236
205
235
205
236
239
205
239
210
207
211
212
207
212
208
207
208
238
207
238
237
208
212
238
240
238
212
210
239
214
242
214
239
211
216
217
211
217
212
212
217
213
218
213
217
212
213
240
241
240
213
213
218
243
213
243
241
214
220
215
221
215
220
214
242
220
245
220
242
218
219
243
244
243
219
219
220
245
219
245
244
222
225
223
226
223
225
223
246
247
223
247
224
223
226
249
223
249
246
224
247
227
250
227
247
225
248
249
225
249
226
225
228
251
225
251
248
227
250
253
227
253
229
228
231
251
255
251
231
229
230
233
229
233
232
229
253
254
229
254
230
230
254
233
256
233
254
231
234
258
231
258
255
233
256
259
233
259
235
234
237
258
261
258
237
235
259
260
235
260
236
236
260
239
263
239
260
237
238
262
237
262
261
238
240
262
265
262
240
239
263
267
239
267
242
240
241
265
266
265
241
241
243
268
241
268
266
242
267
245
270
245
267
243
244
269
243
269
268
244
245
269
270
269
245
246
249
247
250
247
249
248
251
249
252
249
251
249
271
272
249
272
250
249
252
274
249
274
271
250
272
253
275
253
272
251
273
274
251
274
252
251
255
277
251
277
273
253
275
276
253
276
254
254
276
256
279
256
276
255
258
281
255
281
277
256
257
259
260
259
257
256
279
257
280
257
279
257
280
282
257
282
260
258
261
281
284
281
261
260
282
263
285
263
282
261
262
265
261
265
264
261
264
287
261
287
284
263
285
290
263
290
267
264
265
287
288
287
265
265
266
289
265
289
288
266
268
289
292
289
268
267
290
294
267
294
270
268
269
292
293
292
269
269
270
294
269
294
293
271
296
297
271
297
272
271
274
299
271
299
296
272
297
275
300
275
297
273
277
278
273
278
274
274
278
299
303
299
278
275
300
301
275
301
276
276
301
279
304
279
301
277
302
303
277
303
278
277
281
306
277
306
302
279
304
305
279
305
280
280
305
282
307
282
305
281
284
309
281
309
306
282
283
285
286
285
283
282
307
283
308
283
307
283
308
310
283
310
286
284
287
309
311
309
287
285
286
291
285
291
290
286
310
291
314
291
310
287
288
312
287
312
311
288
289
312
313
312
289
289
292
316
289
316
313
290
291
294
295
294
291
291
314
319
291
319
295
292
293
316
317
316
293
293
294
318
293
318
317
294
295
318
319
318
295
296
325
297
326
297
325
296
299
325
328
325
299
297
298
301
297
301
300
297
326
327
297
327
298
298
327
301
329
301
327
299
303
331
299
331
328
301
329
332
301
332
304
302
330
303
331
303
330
302
306
330
335
330
306
304
332
305
333
305
332
305
333
336
305
336
307
306
309
335
338
335
309
307
336
337
307
337
308
308
337
310
339
310
337
309
311
341
309
341
338
310
339
314
344
314
339
311
312
342
311
342
341
312
313
342
343
342
313
313
316
346
313
346
343
314
315
319
320
319
315
314
344
315
345
315
344
315
345
348
315
348
320
316
317
346
347
346
317
317
318
322
317
322
321
317
321
350
317
350
347
318
319
322
323
322
319
319
320
324
319
324
323
320
348
324
353
324
348
321
322
351
321
351
350
322
323
351
352
351
323
323
324
353
323
353
352
325
354
355
325
355
326
325
328
357
325
357
354
326
355
327
356
327
355
327
356
359
327
359
329
328
331
357
362
357
331
329
359
363
329
363
332
330
361
331
362
331
361
330
335
361
366
361
335
332
363
333
364
333
363
333
334
337
333
337
336
333
364
365
333
365
334
334
365
337
367
337
365
335
338
369
335
369
366
337
367
370
337
370
339
338
341
369
372
369
341
339
340
345
339
345
344
339
370
371
339
371
340
340
371
345
375
345
371
341
342
373
341
373
372
342
343
373
374
373
343
343
346
377
343
377
374
345
375
379
345
379
348
346
347
349
350
349
347
346
349
377
381
377
349
348
379
353
385
353
379
349
350
382
349
382
381
350
351
382
383
382
351
351
352
384
351
384
383
352
353
384
385
384
353
354
357
355
358
355
357
355
386
387
355
387
356
355
358
389
355
389
386
356
387
359
390
359
387
357
388
389
357
389
358
357
362
393
357
393
388
359
360
364
359
364
363
359
390
391
359
391
360
360
391
364
394
364
391
361
392
393
361
393
362
361
366
396
361
396
392
364
394
365
395
365
394
365
395
398
365
398
367
366
369
396
400
396
369
367
368
371
367
371
370
367
398
399
367
399
368
368
399
371
402
371
399
369
372
403
369
403
400
371
402
406
371
406
375
372
373
403
404
403
373
373
374
405
373
405
404
374
377
405
408
405
377
375
376
380
375
380
379
375
406
407
375
407
376
376
407
380
411
380
407
377
381
382
377
382
378
377
378
409
377
409
408
378
382
409
412
409
382
379
380
411
379
411
410
379
410
415
379
415
385
382
383
412
413
412
383
383
384
414
383
414
413
384
385
414
415
414
385
386
389
387
390
387
389
388
425
389
426
389
425
388
393
425
429
425
393
389
426
427
389
427
390
390
427
391
428
391
427
391
428
430
391
430
394
392
396
393
397
393
396
393
397
432
393
432
429
394
430
395
431
395
430
395
431
433
395
433
398
396
400
397
401
397
400
397
401
435
397
435
432
398
433
399
434
399
433
399
434
436
399
436
402
400
403
401
404
401
403
401
404
438
401
438
435
402
436
406
440
406
436
404
405
438
439
438
405
405
408
442
405
442
439
406
440
407
441
407
440
407
441
444
407
444
411
408
409
442
443
442
409
409
412
445
409
445
443
410
411
415
416
415
411
411
444
448
411
448
416
412
413
445
446
445
413
413
414
447
413
447
446
414
415
417
418
417
415
414
417
447
451
447
417
415
416
419
415
419
418
416
448
419
452
419
448
417
418
421
417
421
420
417
420
454
417
454
451
418
419
421
422
421
419
419
452
456
419
456
422
420
421
454
455
454
421
421
422
456
421
456
455
423
424
428
423
428
427
423
457
458
423
458
424
423
427
461
423
461
457
424
458
428
462
428
458
425
459
460
425
460
426
425
429
463
425
463
459
426
460
427
461
427
460
428
462
430
464
430
462
429
432
466
429
466
463
430
464
431
465
431
464
431
465
467
431
467
433
432
435
466
469
466
435
433
467
468
433
468
434
434
468
436
470
436
468
435
438
472
435
472
469
436
437
440
441
440
437
436
470
437
471
437
470
437
471
474
437
474
441
438
439
472
473
472
439
439
442
475
439
475
473
441
474
477
441
477
444
442
443
475
476
475
443
443
445
478
443
478
476
444
477
448
479
448
477
445
446
450
445
450
449
445
449
480
445
480
478
446
447
450
451
450
447
448
479
452
484
452
479
449
450
481
449
481
480
450
451
453
454
453
451
450
453
481
485
481
453
452
484
456
488
456
484
453
454
486
453
486
485
454
455
486
487
486
455
455
456
488
455
488
487
457
489
490
457
490
458
457
461
493
457
493
489
458
490
462
494
462
490
459
491
492
459
492
460
459
463
495
459
495
491
460
492
461
493
461
492
462
494
464
496
464
494
463
466
498
463
498
495
464
496
465
497
465
496
465
497
499
465
499
467
466
469
498
501
498
469
467
499
500
467
500
468
468
500
470
502
470
500
469
472
504
469
504
501
470
502
471
503
471
502
471
503
506
471
506
474
472
473
504
505
504
473
473
475
507
473
507
505
474
506
477
509
477
506
475
476
508
475
508
507
476
478
508
511
508
478
477
509
512
477
512
479
478
480
511
514
511
480
479
512
518
479
518
484
480
481
514
515
514
481
481
485
520
481
520
515
482
486
483
487
483
486
482
483
516
517
516
483
482
516
486
521
486
516
483
487
488
483
488
484
483
484
518
483
518
517
485
486
521
485
521
520
489
522
523
489
523
490
489
493
526
489
526
522
490
523
494
527
494
523
491
524
525
491
525
492
491
495
528
491
528
524
492
525
493
526
493
525
494
527
496
529
496
527
495
498
531
495
531
528
496
529
497
530
497
529
497
530
532
497
532
499
498
501
531
534
531
501
499
532
533
499
533
500
500
533
502
535
502
533
501
504
537
501
537
534
502
535
503
536
503
535
503
536
539
503
539
506
504
505
537
538
537
505
505
507
541
505
541
538
506
539
509
543
509
539
507
508
542
507
542
541
508
511
542
546
542
511
509
510
513
509
513
512
509
543
544
509
544
510
510
544
513
547
513
544
511
514
548
511
548
546
512
513
518
519
518
513
513
547
553
513
553
519
514
515
548
549
548
515
515
520
521
515
521
516
515
516
550
515
550
549
516
517
550
551
550
517
517
518
552
517
552
551
518
519
552
553
552
519
522
573
523
574
523
573
522
526
573
577
573
526
523
574
578
523
578
527
524
575
525
576
525
575
524
528
575
579
575
528
525
576
577
525
577
526
527
578
580
527
580
529
528
531
579
582
579
531
529
580
581
529
581
530
530
581
532
583
532
581
531
534
585
531
585
582
532
583
533
584
533
583
533
584
586
533
586
535
534
537
585
588
585
537
535
586
587
535
587
536
536
587
539
589
539
587
537
538
541
537
541
540
537
540
591
537
591
588
539
589
593
539
593
543
540
541
591
592
591
541
541
542
546
541
546
545
541
545
595
541
595
592
543
593
594
543
594
544
544
594
547
597
547
594
545
546
596
545
596
595
546
548
596
599
596
548
547
597
600
547
600
553
548
549
555
556
555
549
548
555
599
602
599
555
549
550
557
549
557
556
550
551
557
558
557
551
551
552
559
551
559
558
552
553
559
560
559
553
553
554
561
553
561
560
553
600
601
553
601
554
554
601
561
604
561
601
555
556
603
555
603
602
556
557
562
563
562
557
556
562
603
606
603
562
557
558
564
557
564
563
558
559
564
565
564
559
559
560
566
559
566
565
560
561
566
567
566
561
561
604
608
561
608
567
562
563
606
607
606
563
563
564
569
563
569
568
563
568
609
563
609
607
564
565
569
570
569
565
565
566
571
565
571
570
566
567
571
572
571
567
567
608
613
567
613
572
568
569
609
610
609
569
569
570
611
569
611
610
570
571
611
612
611
571
571
572
613
571
613
612
573
577
578
573
578
574
575
614
615
575
615
576
575
579
618
575
618
614
576
615
577
616
577
615
577
616
617
577
617
578
578
617
580
619
580
617
579
582
621
579
621
618
580
619
581
620
581
619
581
620
622
581
622
583
582
585
621
624
621
585
583
622
623
583
623
584
584
623
586
625
586
623
585
588
627
585
627
624
586
625
587
626
587
625
587
626
628
587
628
589
588
591
627
630
627
591
589
590
594
589
594
593
589
628
629
589
629
590
590
629
594
632
594
629
591
592
631
591
631
630
592
595
631
634
631
595
594
632
597
635
597
632
595
596
599
595
599
598
595
598
637
595
637
634
597
635
639
597
639
600
598
599
637
638
637
599
599
602
641
599
641
638
600
639
601
640
601
639
601
640
642
601
642
604
602
603
605
606
605
603
602
605
641
643
641
605
604
642
608
646
608
642
605
606
644
605
644
643
606
607
644
645
644
607
607
609
647
607
647
645
608
646
613
651
613
646
609
610
648
609
648
647
610
611
648
649
648
611
611
612
650
611
650
649
612
613
650
651
650
613
614
652
615
653
615
652
614
618
652
657
652
618
615
653
654
615
654
616
616
654
617
655
617
654
617
655
659
617
659
619
618
621
657
661
657
621
619
659
660
619
660
620
620
660
622
663
622
660
621
624
665
621
665
661
622
663
623
664
623
663
623
664
666
623
666
625
624
627
665
668
665
627
625
666
667
625
667
626
626
667
628
669
628
667
627
630
671
627
671
668
628
669
629
670
629
669
629
670
672
629
672
632
630
631
633
634
633
631
630
633
671
674
671
633
632
672
635
676
635
672
633
634
675
633
675
674
634
637
675
679
675
637
635
636
640
635
640
639
635
676
677
635
677
636
636
677
640
681
640
677
637
638
680
637
680
679
638
641
680
683
680
641
640
681
642
684
642
681
641
643
685
641
685
683
642
684
646
688
646
684
643
644
686
643
686
685
644
645
686
687
686
645
645
647
690
645
690
687
646
688
651
694
651
688
647
648
691
647
691
690
648
649
691
692
691
649
649
650
693
649
693
692
650
651
693
694
693
651
652
657
653
658
653
657
653
708
709
653
709
654
653
658
712
653
712
708
654
709
655
710
655
709
655
656
660
655
660
659
655
710
711
655
711
656
656
711
660
714
660
711
657
661
662
657
662
658
658
662
712
716
712
662
660
714
663
717
663
714
661
715
716
661
716
662
661
665
719
661
719
715
663
717
718
663
718
664
664
718
666
720
666
718
665
668
722
665
722
719
666
720
667
721
667
720
667
721
723
667
723
669
668
671
722
725
722
671
669
723
724
669
724
670
670
724
672
726
672
724
671
674
728
671
728
725
672
673
676
677
676
673
672
726
673
727
673
726
673
727
729
673
729
677
674
675
678
679
678
675
674
678
728
730
728
678
677
729
732
677
732
681
678
679
730
731
730
679
679
680
683
679
683
682
679
682
733
679
733
731
681
732
735
681
735
684
682
683
733
734
733
683
683
685
736
683
736
734
684
735
688
738
688
735
685
686
737
685
737
736
686
687
689
690
689
687
686
689
737
741
737
689
688
738
694
744
694
738
689
690
742
689
742
741
690
691
742
743
742
691
691
692
696
691
696
695
691
695
746
691
746
743
692
693
696
697
696
693
693
694
698
693
698
697
694
744
698
747
698
744
695
696
700
695
700
699
695
699
749
695
749
746
696
697
700
701
700
697
697
698
702
697
702
701
698
747
702
751
702
747
699
700
750
699
750
749
700
701
704
705
704
701
700
704
750
753
750
704
701
702
706
701
706
705
702
703
706
707
706
703
702
751
703
752
703
751
703
752
756
703
756
707
704
705
753
754
753
705
705
706
755
705
755
754
706
707
755
756
755
707
708
712
709
713
709
712
709
766
767
709
767
710
709
713
770
709
770
766
710
767
711
768
711
767
711
768
771
711
771
714
712
769
713
770
713
769
712
716
769
773
769
716
714
771
717
775
717
771
715
772
773
715
773
716
715
719
777
715
777
772
717
775
776
717
776
718
718
776
720
778
720
776
719
722
780
719
780
777
720
778
721
779
721
778
721
779
781
721
781
723
722
725
780
783
780
725
723
781
782
723
782
724
724
782
726
784
726
782
725
728
786
725
786
783
726
784
727
785
727
784
727
785
787
727
787
729
728
730
786
788
786
730
729
787
790
729
790
732
730
731
788
789
788
731
731
733
792
731
792
789
732
790
735
794
735
790
733
734
793
733
793
792
734
736
793
797
793
736
735
794
798
735
798
738
736
737
740
741
740
737
736
740
797
800
797
740
738
739
744
745
744
739
738
798
739
799
739
798
739
799
804
739
804
745
740
741
800
801
800
741
741
742
802
741
802
801
742
743
802
803
802
743
743
746
806
743
806
803
744
745
747
748
747
745
745
804
807
745
807
748
746
749
806
808
806
749
747
748
752
747
752
751
748
807
752
810
752
807
749
750
809
749
809
808
750
753
809
812
809
753
752
810
756
813
756
810
753
754
758
753
758
757
753
757
814
753
814
812
754
755
758
759
758
755
755
756
760
755
760
759
756
813
760
816
760
813
757
758
815
757
815
814
758
759
762
763
762
759
758
762
815
818
815
762
759
760
764
759
764
763
760
761
764
765
764
761
760
816
761
817
761
816
761
817
821
761
821
765
762
763
818
819
818
763
763
764
820
763
820
819
764
765
820
821
820
765
766
822
767
823
767
822
766
770
822
825
822
770
767
823
824
767
824
768
768
824
771
827
771
824
769
773
774
769
774
770
770
774
825
830
825
774
771
827
832
771
832
775
772
828
773
829
773
828
772
777
828
834
828
777
773
829
830
773
830
774
775
832
833
775
833
776
776
833
778
835
778
833
777
780
838
777
838
834
778
835
779
836
779
835
779
836
839
779
839
781
780
783
838
842
838
783
781
839
840
781
840
782
782
840
784
843
784
840
783
786
845
783
845
842
784
843
785
844
785
843
785
844
846
785
846
787
786
788
845
848
845
788
787
846
850
787
850
790
788
789
848
849
848
789
789
792
853
789
853
849
790
791
794
795
794
791
790
850
791
851
791
850
791
851
854
791
854
795
792
793
796
797
796
793
792
796
853
855
853
796
794
795
798
799
798
795
795
854
857
795
857
799
796
797
855
856
855
797
797
800
858
797
858
856
799
857
861
799
861
804
800
801
858
859
858
801
801
802
860
801
860
859
802
803
805
806
805
803
802
805
860
862
860
805
804
861
807
864
807
861
805
806
863
805
863
862
806
808
863
865
863
808
807
864
866
807
866
810
808
809
811
812
811
809
808
811
865
867
865
811
810
866
813
869
813
866
811
812
868
811
868
867
812
814
868
870
868
814
813
869
872
813
872
816
814
815
870
871
870
815
815
818
874
815
874
871
816
820
817
821
817
820
816
872
820
876
820
872
818
819
874
875
874
819
819
820
876
819
876
875
822
825
823
826
823
825
823
826
827
823
827
824
825
830
831
825
831
826
826
882
827
883
827
882
826
831
882
887
882
831
827
883
888
827
888
832
828
884
829
885
829
884
828
834
884
890
884
834
829
885
886
829
886
830
830
886
831
887
831
886
832
888
833
889
833
888
833
889
892
833
892
835
834
838
890
895
890
838
835
892
893
835
893
836
836
893
839
896
839
893
837
838
842
837
842
841
837
894
895
837
895
838
837
841
898
837
898
894
839
896
897
839
897
840
840
897
843
900
843
897
841
842
899
841
899
898
842
845
899
903
899
845
843
900
901
843
901
844
844
901
846
904
846
901
845
848
907
845
907
903
846
847
850
851
850
847
846
904
847
905
847
904
847
905
908
847
908
851
848
849
852
853
852
849
848
852
907
909
907
852
851
908
911
851
911
854
852
853
909
910
909
853
853
855
913
853
913
910
854
911
857
915
857
911
855
856
914
855
914
913
856
858
914
917
914
858
857
915
920
857
920
861
858
859
917
918
917
859
859
860
919
859
919
918
860
862
919
923
919
862
861
920
925
861
925
864
862
863
923
924
923
863
863
865
928
863
928
924
864
925
866
929
866
925
865
867
931
865
931
928
866
929
869
933
869
929
867
868
932
867
932
931
868
870
932
936
932
870
869
933
937
869
937
872
870
871
873
874
873
871
870
873
936
939
936
873
872
937
876
941
876
937
873
874
940
873
940
939
874
875
877
878
877
875
874
877
940
943
940
877
875
876
879
875
879
878
876
941
879
945
879
941
877
878
944
877
944
943
878
879
880
881
880
879
878
880
944
946
944
880
879
945
947
879
947
881
880
881
946
947
946
881
882
950
883
951
883
950
882
887
950
954
950
887
883
951
955
883
955
888
884
890
885
891
885
890
885
952
953
885
953
886
885
891
958
885
958
952
886
953
887
954
887
953
888
955
889
956
889
955
889
956
960
889
960
892
890
957
891
958
891
957
890
895
957
963
957
895
892
960
893
961
893
960
893
961
964
893
964
896
894
962
895
963
895
962
894
898
962
966
962
898
896
964
897
965
897
964
897
965
967
897
967
900
898
899
902
903
902
899
898
902
966
969
966
902
900
967
901
968
901
967
901
968
970
901
970
904
902
903
906
907
906
903
902
906
969
972
969
906
904
970
905
971
905
970
905
971
974
905
974
908
906
907
972
973
972
907
907
909
975
907
975
973
908
974
911
976
911
974
909
910
913
909
913
912
909
912
977
909
977
975
911
976
980
911
980
915
912
913
977
978
977
913
913
914
979
913
979
978
914
917
979
982
979
917
915
916
921
915
921
920
915
980
981
915
981
916
916
981
921
984
921
981
917
918
983
917
983
982
918
919
922
923
922
919
918
922
983
985
983
922
920
921
925
926
925
921
921
984
987
921
987
926
922
923
985
986
985
923
923
924
928
923
928
927
923
927
988
923
988
986
925
926
930
925
930
929
926
987
930
990
930
987
927
928
989
927
989
988
928
931
989
992
989
931
929
930
934
929
934
933
930
990
934
993
934
990
931
932
936
931
936
935
931
935
994
931
994
992
933
934
938
933
938
937
934
993
938
997
938
993
935
936
995
935
995
994
936
939
995
998
995
939
937
938
997
937
997
996
937
996
999
937
999
941
939
940
943
939
943
942
939
942
1001
939
1001
998
941
999
1004
941
1004
945
942
943
1001
1002
1001
943
943
944
1003
943
1003
1002
944
946
1003
1006
1003
946
945
1004
1007
945
1007
947
946
947
948
949
948
947
946
948
1006
1009
1006
948
947
1007
1010
947
1010
949
948
949
1009
1010
1009
949
950
954
951
955
951
954
952
1031
953
1032
953
1031
952
958
1031
1036
1031
958
953
1032
1033
953
1033
954
954
1033
955
1034
955
1033
955
959
960
955
960
956
955
1034
1037
955
1037
959
957
1035
1036
957
1036
958
957
963
1041
957
1041
1035
959
1037
1038
959
1038
960
960
1038
961
1039
961
1038
961
1039
1043
961
1043
964
962
1040
963
1041
963
1040
962
966
1040
1045
1040
966
964
1043
965
1044
965
1043
965
1044
1047
965
1047
967
966
969
1045
1049
1045
969
967
1047
1048
967
1048
968
968
1048
970
1050
970
1048
969
972
1052
969
1052
1049
970
1050
971
1051
971
1050
971
1051
1054
971
1054
974
972
973
1052
1053
1052
973
973
975
1056
973
1056
1053
974
1054
976
1057
976
1054
975
977
1058
975
1058
1056
976
1057
980
1061
980
1057
977
978
1059
977
1059
1058
978
979
1059
1060
1059
979
979
982
1063
979
1063
1060
980
1061
981
1062
981
1061
981
1062
1065
981
1065
984
982
983
1063
1064
1063
983
983
985
1067
983
1067
1064
984
1065
987
1069
987
1065
985
986
1068
985
1068
1067
986
988
1068
1071
1068
988
987
1069
1072
987
1072
990
988
989
991
992
991
989
988
991
1071
1073
1071
991
990
1072
993
1075
993
1072
991
992
1074
991
1074
1073
992
994
1074
1076
1074
994
993
1075
1078
993
1078
997
994
995
1076
1077
1076
995
995
998
1079
995
1079
1077
996
997
999
1000
999
997
997
1078
1081
997
1081
1000
998
1001
1079
1082
1079
1001
999
1000
1081
999
1081
1080
999
1080
1084
999
1084
1004
1001
1002
1083
1001
1083
1082
1002
1003
1005
1006
1005
1003
1002
1005
1083
1087
1083
1005
1004
1084
1007
1088
1007
1084
1005
1006
1009
1005
1009
1008
1005
1008
1090
1005
1090
1087
1007
1088
1091
1007
1091
1010
1008
1009
1011
1012
1011
1009
1008
1011
1090
1093
1090
1011
1009
1010
1013
1009
1013
1012
1010
1091
1013
1095
1013
1091
1011
1012
1094
1011
1094
1093
1012
1013
1014
1015
1014
1013
1012
1014
1094
1097
1094
1014
1013
1095
1098
1013
1098
1015
1014
1015
1017
1018
1017
1015
1014
1017
1097
1100
1097
1017
1015
1016
1019
1015
1019
1018
1015
1098
1099
1015
1099
1016
1016
1099
1019
1101
1019
1099
1017
1018
1022
1017
1022
1021
1017
1021
1103
1017
1103
1100
1018
1019
1022
1023
1022
1019
1019
1020
1024
1019
1024
1023
1019
1101
1102
1019
1102
1020
1020
1102
1024
1105
1024
1102
1021
1022
1026
1021
1026
1025
1021
1025
1106
1021
1106
1103
1022
1023
1026
1027
1026
1023
1023
1024
1028
1023
1028
1027
1024
1105
1028
1109
1028
1105
1025
1026
1030
1025
1030
1029
1025
1029
1110
1025
1110
1106
1026
1027
1107
1108
1107
1027
1026
1107
1030
1111
1030
1107
1027
1028
1109
1027
1109
1108
1029
1030
1111
1029
1111
1110
1031
1114
1115
1031
1115
1032
1031
1036
1118
1031
1118
1114
1032
1115
1033
1116
1033
1115
1033
1116
1117
1033
1117
1034
1034
1117
1037
1120
1037
1117
1035
1041
1042
1035
1042
1036
1036
1042
1118
1124
1118
1042
1037
1120
1121
1037
1121
1038
1038
1121
1039
1122
1039
1121
1039
1122
1125
1039
1125
1043
1040
1045
1041
1046
1041
1045
1041
1123
1124
1041
1124
1042
1041
1046
1128
1041
1128
1123
1043
1125
1126
1043
1126
1044
1044
1126
1047
1129
1047
1126
1045
1127
1128
1045
1128
1046
1045
1049
1131
1045
1131
1127
1047
1129
1130
1047
1130
1048
1048
1130
1050
1132
1050
1130
1049
1052
1134
1049
1134
1131
1050
1132
1051
1133
1051
1132
1051
1133
1135
1051
1135
1054
1052
1053
1055
1056
1055
1053
1052
1055
1134
1136
1134
1055
1054
1135
1057
1138
1057
1135
1055
1056
1137
1055
1137
1136
1056
1058
1137
1139
1137
1058
1057
1138
1142
1057
1142
1061
1058
1059
1139
1140
1139
1059
1059
1060
1141
1059
1141
1140
1060
1063
1141
1145
1141
1063
1061
1142
1143
1061
1143
1062
1062
1143
1065
1146
1065
1143
1063
1064
1067
1063
1067
1066
1063
1066
1147
1063
1147
1145
1065
1146
1149
1065
1149
1069
1066
1067
1147
1148
1147
1067
1067
1068
1071
1067
1071
1070
1067
1070
1151
1067
1151
1148
1069
1149
1153
1069
1153
1072
1070
1071
1151
1152
1151
1071
1071
1073
1155
1071
1155
1152
1072
1153
1075
1157
1075
1153
1073
1074
1156
1073
1156
1155
1074
1076
1156
1158
1156
1076
1075
1157
1160
1075
1160
1078
1076
1077
1158
1159
1158
1077
1077
1079
1161
1077
1161
1159
1078
1160
1081
1162
1081
1160
1079
1082
1163
1079
1163
1161
1080
1081
1084
1085
1084
1081
1081
1162
1164
1081
1164
1085
1082
1083
1086
1087
1086
1083
1082
1086
1163
1165
1163
1086
1084
1085
1088
1089
1088
1085
1085
1164
1167
1085
1167
1089
1086
1087
1165
1166
1165
1087
1087
1090
1168
1087
1168
1166
1088
1089
1091
1092
1091
1089
1089
1167
1169
1089
1169
1092
1090
1093
1168
1170
1168
1093
1091
1092
1096
1091
1096
1095
1092
1169
1096
1172
1096
1169
1093
1094
1171
1093
1171
1170
1094
1097
1171
1174
1171
1097
1095
1096
1099
1095
1099
1098
1096
1172
1099
1175
1099
1172
1097
1100
1177
1097
1177
1174
1099
1175
1178
1099
1178
1101
1100
1103
1177
1180
1177
1103
1101
1104
1105
1101
1105
1102
1101
1178
1181
1101
1181
1104
1103
1106
1185
1103
1185
1180
1104
1181
1105
1182
1105
1181
1105
1182
1188
1105
1188
1109
1106
1110
1185
1191
1185
1110
1107
1108
1187
1107
1187
1186
1107
1186
1192
1107
1192
1111
1108
1109
1187
1188
1187
1109
1110
1111
1112
1113
1112
1111
1110
1112
1191
1194
1191
1112
1111
1192
1195
1111
1195
1113
1112
1113
1194
1195
1194
1113
1114
1118
1115
1119
1115
1118
1115
1199
1200
1115
1200
1116
1115
1119
1203
1115
1203
1199
1116
1200
1117
1201
1117
1200
1117
1201
1205
1117
1205
1120
1118
1202
1119
1203
1119
1202
1118
1124
1202
1209
1202
1124
1120
1205
1121
1206
1121
1205
1121
1206
1207
1121
1207
1122
1122
1207
1125
1211
1125
1207
1123
1208
1209
1123
1209
1124
1123
1128
1214
1123
1214
1208
1125
1211
1212
1125
1212
1126
1126
1212
1129
1217
1129
1212
1127
1213
1214
1127
1214
1128
1127
1131
1219
1127
1219
1213
1129
1217
1218
1129
1218
1130
1130
1218
1132
1221
1132
1218
1131
1134
1223
1131
1223
1219
1132
1221
1133
1222
1133
1221
1133
1222
1225
1133
1225
1135
1134
1136
1223
1226
1223
1136
1135
1225
1228
1135
1228
1138
1136
1137
1226
1227
1226
1137
1137
1139
1229
1137
1229
1227
1138
1228
1142
1231
1142
1228
1139
1140
1230
1139
1230
1229
1140
1141
1144
1145
1144
1141
1140
1144
1230
1234
1230
1144
1142
1231
1143
1232
1143
1231
1143
1232
1236
1143
1236
1146
1144
1145
1234
1235
1234
1145
1145
1147
1239
1145
1239
1235
1146
1236
1149
1240
1149
1236
1147
1148
1151
1147
1151
1150
1147
1150
1241
1147
1241
1239
1149
1240
1243
1149
1243
1153
1150
1151
1241
1242
1241
1151
1151
1152
1155
1151
1155
1154
1151
1154
1246
1151
1246
1242
1153
1243
1249
1153
1249
1157
1154
1155
1246
1247
1246
1155
1155
1156
1248
1155
1248
1247
1156
1158
1248
1253
1248
1158
1157
1249
1255
1157
1255
1160
1158
1159
1253
1254
1253
1159
1159
1161
1259
1159
1259
1254
1160
1255
1162
1260
1162
1255
1161
1163
1262
1161
1262
1259
1162
1260
1164
1263
1164
1260
1163
1165
1265
1163
1265
1262
1164
1263
1167
1267
1167
1263
1165
1166
1266
1165
1266
1265
1166
1168
1266
1269
1266
1168
1167
1267
1270
1167
1270
1169
1168
1170
1269
1271
1269
1170
1169
1270
1272
1169
1272
1172
1170
1171
1173
1174
1173
1171
1170
1173
1271
1273
1271
1173
1172
1272
1175
1274
1175
1272
1173
1174
1177
1173
1177
1176
1173
1176
1275
1173
1275
1273
1175
1274
1276
1175
1276
1178
1176
1177
1179
1180
1179
1177
1176
1179
1275
1277
1275
1179
1178
1276
1181
1278
1181
1276
1179
1180
1185
1179
1185
1184
1179
1184
1281
1179
1281
1277
1181
1278
1279
1181
1279
1182
1182
1183
1188
1189
1188
1183
1182
1279
1183
1280
1183
1279
1183
1280
1285
1183
1285
1189
1184
1185
1190
1191
1190
1185
1184
1190
1281
1286
1281
1190
1186
1187
1282
1283
1282
1187
1186
1282
1192
1287
1192
1282
1187
1188
1284
1187
1284
1283
1188
1189
1284
1285
1284
1189
1190
1191
1193
1194
1193
1191
1190
1193
1286
1288
1286
1193
1192
1287
1195
1289
1195
1287
1193
1194
1197
1193
1197
1196
1193
1196
1290
1193
1290
1288
1194
1195
1197
1198
1197
1195
1195
1289
1292
1195
1292
1198
1196
1197
1290
1291
1290
1197
1197
1198
1292
1197
1292
1291
1199
1203
1204
1199
1204
1200
1200
1204
1201
1205
1201
1204
1202
1293
1203
1294
1203
1293
1202
1209
1293
1298
1293
1209
1203
1294
1295
1203
1295
1204
1204
1295
1205
1296
1205
1295
1205
1296
1297
1205
1297
1206
1206
1210
1207
1211
1207
1210
1206
1297
1210
1299
1210
1297
1208
1214
1209
1215
1209
1214
1209
1215
1303
1209
1303
1298
1210
1299
1211
1300
1211
1299
1211
1216
1217
1211
1217
1212
1211
1300
1304
1211
1304
1216
1213
1301
1302
1213
1302
1214
1213
1219
1306
1213
1306
1301
1214
1302
1215
1303
1215
1302
1216
1304
1217
1305
1217
1304
1217
1220
1221
1217
1221
1218
1217
1305
1308
1217
1308
1220
1219
1223
1310
1219
1310
1306
1220
1308
1221
1309
1221
1308
1221
1224
1225
1221
1225
1222
1221
1309
1312
1221
1312
1224
1223
1226
1314
1223
1314
1310
1224
1312
1225
1313
1225
1312
1225
1313
1316
1225
1316
1228
1226
1227
1314
1315
1314
1227
1227
1229
1318
1227
1318
1315
1228
1316
1231
1319
1231
1316
1229
1230
1234
1229
1234
1233
1229
1233
1321
1229
1321
1318
1231
1319
1320
1231
1320
1232
1232
1320
1236
1322
1236
1320
1233
1234
1238
1233
1238
1237
1233
1237
1323
1233
1323
1321
1234
1235
1238
1239
1238
1235
1236
1322
1240
1326
1240
1322
1237
1238
1324
1237
1324
1323
1238
1239
1324
1325
1324
1239
1239
1241
1328
1239
1328
1325
1240
1326
1243
1329
1243
1326
1241
1242
1246
1241
1246
1245
1241
1245
1331
1241
1331
1328
1243
1244
1250
1243
1250
1249
1243
1329
1330
1243
1330
1244
1244
1330
1250
1333
1250
1330
1245
1246
1332
1245
1332
1331
1246
1247
1251
1252
1251
1247
1246
1251
1332
1334
1332
1251
1247
1248
1253
1247
1253
1252
1249
1250
1256
1249
1256
1255
1250
1333
1256
1336
1256
1333
1251
1252
1335
1251
1335
1334
1252
1253
1257
1258
1257
1253
1252
1257
1335
1337
1335
1257
1253
1254
1259
1253
1259
1258
1255
1256
1261
1255
1261
1260
1256
1336
1261
1340
1261
1336
1257
1258
1338
1257
1338
1337
1258
1259
1338
1339
1338
1259
1259
1262
1342
1259
1342
1339
1260
1261
1263
1264
1263
1261
1261
1340
1343
1261
1343
1264
1262
1265
1342
1345
1342
1265
1263
1264
1268
1263
1268
1267
1264
1343
1268
1348
1268
1343
1265
1266
1346
1265
1346
1345
1266
1269
1346
1351
1346
1269
1267
1268
1348
1267
1348
1347
1267
1347
1352
1267
1352
1270
1269
1271
1356
1269
1356
1351
1270
1352
1272
1357
1272
1352
1271
1273
1360
1271
1360
1356
1272
1357
1274
1361
1274
1357
1273
1275
1364
1273
1364
1360
1274
1361
1276
1365
1276
1361
1275
1277
1368
1275
1368
1364
1276
1365
1278
1369
1278
1365
1277
1281
1372
1277
1372
1368
1278
1369
1279
1370
1279
1369
1279
1370
1371
1279
1371
1280
1280
1371
1285
1376
1285
1371
1281
1286
1377
1281
1377
1372
1282
1283
1373
1374
1373
1283
1282
1373
1287
1378
1287
1373
1283
1284
1375
1283
1375
1374
1284
1285
1375
1376
1375
1285
1286
1288
1377
1379
1377
1288
1287
1378
1381
1287
1381
1289
1288
1290
1379
1382
1379
1290
1289
1381
1384
1289
1384
1292
1290
1291
1382
1383
1382
1291
1291
1292
1384
1291
1384
1383
1293
1385
1386
1293
1386
1294
1293
1298
1390
1293
1390
1385
1294
1386
1295
1387
1295
1386
1295
1387
1388
1295
1388
1296
1296
1388
1297
1389
1297
1388
1297
1389
1394
1297
1394
1299
1298
1303
1390
1397
1390
1303
1299
1394
1395
1299
1395
1300
1300
1395
1304
1399
1304
1395
1301
1306
1307
1301
1307
1302
1302
1396
1303
1397
1303
1396
1302
1307
1396
1402
1396
1307
1304
1399
1305
1400
1305
1399
1305
1400
1403
1305
1403
1308
1306
1401
1307
1402
1307
1401
1306
1310
1401
1405
1401
1310
1308
1403
1309
1404
1309
1403
1309
1404
1408
1309
1408
1312
1310
1314
1311
1315
1311
1314
1310
1311
1405
1406
1405
1311
1311
1315
1410
1311
1410
1406
1312
1408
1313
1409
1313
1408
1313
1409
1411
1313
1411
1316
1315
1318
1414
1315
1414
1410
1316
1317
1319
1320
1319
1317
1316
1411
1317
1412
1317
1411
1317
1412
1415
1317
1415
1320
1318
1321
1414
1417
1414
1321
1320
1415
1322
1418
1322
1415
1321
1323
1419
1321
1419
1417
1322
1418
1326
1421
1326
1418
1323
1324
1420
1323
1420
1419
1324
1325
1327
1328
1327
1325
1324
1327
1420
1422
1420
1327
1326
1421
1329
1424
1329
1421
1327
1328
1423
1327
1423
1422
1328
1331
1423
1426
1423
1331
1329
1424
1425
1329
1425
1330
1330
1425
1333
1429
1333
1425
1331
1332
1427
1331
1427
1426
1332
1334
1427
1431
1427
1334
1333
1429
1433
1333
1433
1336
1334
1335
1431
1432
1431
1335
1335
1337
1435
1335
1435
1432
1336
1433
1340
1437
1340
1433
1337
1338
1436
1337
1436
1435
1338
1339
1341
1342
1341
1339
1338
1341
1436
1439
1436
1341
1340
1437
1343
1440
1343
1437
1341
1342
1345
1341
1345
1344
1341
1344
1442
1341
1442
1439
1343
1440
1443
1343
1443
1348
1344
1345
1349
1350
1349
1345
1344
1349
1442
1445
1442
1349
1345
1346
1351
1345
1351
1350
1347
1348
1353
1347
1353
1352
1348
1443
1353
1446
1353
1443
1349
1350
1355
1349
1355
1354
1349
1354
1447
1349
1447
1445
1350
1351
1355
1356
1355
1351
1352
1353
1357
1358
1357
1353
1353
1446
1449
1353
1449
1358
1354
1355
1447
1448
1447
1355
1355
1356
1360
1355
1360
1359
1355
1359
1451
1355
1451
1448
1357
1358
1362
1357
1362
1361
1358
1449
1362
1452
1362
1449
1359
1360
1364
1359
1364
1363
1359
1363
1454
1359
1454
1451
1361
1362
1366
1361
1366
1365
1362
1452
1366
1455
1366
1452
1363
1364
1368
1363
1368
1367
1363
1367
1457
1363
1457
1454
1365
1366
1370
1365
1370
1369
1366
1455
1370
1459
1370
1455
1367
1368
1458
1367
1458
1457
1368
1372
1458
1463
1458
1372
1370
1459
1371
1460
1371
1459
1371
1460
1467
1371
1467
1376
1372
1377
1463
1470
1463
1377
1373
1374
1465
1373
1465
1464
1373
1464
1471
1373
1471
1378
1374
1375
1465
1466
1465
1375
1375
1376
1467
1375
1467
1466
1377
1379
1474
1377
1474
1470
1378
1471
1381
1476
1381
1471
1379
1382
1383
1379
1383
1380
1379
1380
1475
1379
1475
1474
1380
1383
1381
1384
1381
1383
1380
1381
1475
1476
1475
1381
1385
1390
1391
1385
1391
1386
1386
1391
1387
1392
1387
1391
1387
1392
1393
1387
1393
1388
1388
1393
1389
1394
1389
1393
1390
1477
1391
1478
1391
1477
1390
1397
1477
1483
1477
1397
1391
1478
1479
1391
1479
1392
1392
1479
1393
1480
1393
1479
1393
1480
1481
1393
1481
1394
1394
1398
1395
1399
1395
1398
1394
1481
1398
1486
1398
1481
1396
1482
1397
1483
1397
1482
1396
1402
1482
1489
1482
1402
1398
1486
1399
1487
1399
1486
1399
1487
1488
1399
1488
1400
1400
1488
1403
1491
1403
1488
1401
1405
1406
1401
1406
1402
1402
1406
1489
1493
1489
1406
1403
1407
1408
1403
1408
1404
1403
1491
1494
1403
1494
1407
1406
1410
1493
1498
1493
1410
1407
1494
1495
1407
1495
1408
1408
1495
1409
1496
1409
1495
1409
1496
1500
1409
1500
1411
1410
1414
1498
1503
1498
1414
1411
1500
1501
1411
1501
1412
1412
1501
1415
1505
1415
1501
1413
1414
1417
1413
1417
1416
1413
1502
1503
1413
1503
1414
1413
1416
1506
1413
1506
1502
1415
1505
1508
1415
1508
1418
1416
1417
1506
1507
1506
1417
1417
1419
1509
1417
1509
1507
1418
1508
1421
1511
1421
1508
1419
1420
1510
1419
1510
1509
1420
1422
1510
1513
1510
1422
1421
1511
1515
1421
1515
1424
1422
1423
1513
1514
1513
1423
1423
1426
1516
1423
1516
1514
1424
1428
1425
1429
1425
1428
1424
1515
1428
1517
1428
1515
1426
1427
1430
1431
1430
1427
1426
1430
1516
1519
1516
1430
1428
1517
1429
1518
1429
1517
1429
1518
1521
1429
1521
1433
1430
1431
1519
1520
1519
1431
1431
1432
1435
1431
1435
1434
1431
1434
1523
1431
1523
1520
1433
1521
1525
1433
1525
1437
1434
1435
1523
1524
1523
1435
1435
1436
1439
1435
1439
1438
1435
1438
1528
1435
1528
1524
1437
1525
1529
1437
1529
1440
1438
1439
1441
1442
1441
1439
1438
1441
1528
1531
1528
1441
1440
1529
1443
1532
1443
1529
1441
1442
1445
1441
1445
1444
1441
1444
1534
1441
1534
1531
1443
1532
1536
1443
1536
1446
1444
1445
1534
1535
1534
1445
1445
1447
1537
1445
1537
1535
1446
1536
1449
1538
1449
1536
1447
1448
1451
1447
1451
1450
1447
1450
1539
1447
1539
1537
1449
1538
1540
1449
1540
1452
1450
1451
1453
1454
1453
1451
1450
1453
1539
1541
1539
1453
1452
1540
1455
1542
1455
1540
1453
1454
1457
1453
1457
1456
1453
1456
1543
1453
1543
1541
1455
1542
1544
1455
1544
1459
1456
1457
1461
1462
1461
1457
1456
1461
1543
1546
1543
1461
1457
1458
1463
1457
1463
1462
1459
1544
1545
1459
1545
1460
1460
1545
1467
1550
1467
1545
1461
1462
1469
1461
1469
1468
1461
1468
1551
1461
1551
1546
1462
1463
1469
1470
1469
1463
1464
1465
1547
1548
1547
1465
1464
1547
1471
1552
1471
1547
1465
1466
1549
1465
1549
1548
1466
1467
1549
1550
1549
1467
1468
1469
1472
1473
1472
1469
1468
1472
1551
1553
1551
1472
1469
1470
1474
1469
1474
1473
1471
1552
1557
1471
1557
1476
1472
1473
1553
1554
1553
1473
1473
1474
1555
1473
1555
1554
1474
1475
1555
1556
1555
1475
1475
1476
1557
1475
1557
1556
1477
1483
1484
1477
1484
1478
1478
1484
1479
1485
1479
1484
1479
1558
1559
1479
1559
1480
1479
1485
1564
1479
1564
1558
1480
1559
1481
1560
1481
1559
1481
1560
1566
1481
1566
1486
1482
1561
1483
1562
1483
1561
1482
1489
1561
1568
1561
1489
1483
1562
1563
1483
1563
1484
1484
1563
1485
1564
1485
1563
1486
1566
1487
1567
1487
1566
1487
1490
1491
1487
1491
1488
1487
1567
1570
1487
1570
1490
1489
1493
1573
1489
1573
1568
1490
1570
1491
1571
1491
1570
1491
1571
1575
1491
1575
1494
1492
1493
1497
1498
1497
1493
1492
1572
1493
1573
1493
1572
1492
1497
1572
1577
1572
1497
1494
1575
1495
1576
1495
1575
1495
1499
1500
1495
1500
1496
1495
1576
1579
1495
1579
1499
1497
1498
1503
1497
1503
1502
1497
1502
1581
1497
1581
1577
1499
1579
1580
1499
1580
1500
1500
1504
1501
1505
1501
1504
1500
1580
1504
1582
1504
1580
1502
1506
1581
1584
1581
1506
1504
1582
1505
1583
1505
1582
1505
1583
1587
1505
1587
1508
1506
1507
1584
1585
1584
1507
1507
1509
1588
1507
1588
1585
1508
1587
1511
1589
1511
1587
1509
1510
1513
1509
1513
1512
1509
1512
1590
1509
1590
1588
1511
1589
1593
1511
1593
1515
1512
1513
1590
1591
1590
1513
1513
1514
1592
1513
1592
1591
1514
1516
1592
1595
1592
1516
1515
1593
1596
1515
1596
1517
1516
1519
1595
1598
1595
1519
1517
1596
1597
1517
1597
1518
1518
1597
1521
1599
1521
1597
1519
1520
1523
1519
1523
1522
1519
1522
1600
1519
1600
1598
1521
1599
1601
1521
1601
1525
1522
1523
1526
1527
1526
1523
1522
1526
1600
1602
1600
1526
1523
1524
1528
1523
1528
1527
1525
1601
1604
1525
1604
1529
1526
1527
1602
1603
1602
1527
1527
1528
1531
1527
1531
1530
1527
1530
1605
1527
1605
1603
1529
1604
1606
1529
1606
1532
1530
1531
1533
1534
1533
1531
1530
1533
1605
1607
1605
1533
1532
1606
1536
1610
1536
1606
1533
1534
1608
1533
1608
1607
1534
1535
1608
1609
1608
1535
1535
1537
1612
1535
1612
1609
1536
1610
1538
1613
1538
1610
1537
1539
1615
1537
1615
1612
1538
1613
1540
1616
1540
1613
1539
1541
1618
1539
1618
1615
1540
1616
1542
1619
1542
1616
1541
1543
1621
1541
1621
1618
1542
1619
1544
1622
1544
1619
1543
1546
1625
1543
1625
1621
1544
1622
1545
1623
1545
1622
1545
1623
1629
1545
1629
1550
1546
1551
1625
1630
1625
1551
1547
1548
1627
1547
1627
1626
1547
1626
1631
1547
1631
1552
1548
1549
1627
1628
1627
1549
1549
1550
1629
1549
1629
1628
1551
1553
1632
1551
1632
1630
1552
1631
1557
1636
1557
1631
1553
1554
1633
1553
1633
1632
1554
1555
1633
1634
1633
1555
1555
1556
1635
1555
1635
1634
1556
1557
1635
1636
1635
1557
1558
1564
1559
1565
1559
1564
1559
1565
1566
1559
1566
1560
1561
1637
1638
1561
1638
1562
1561
1568
1643
1561
1643
1637
1562
1638
1563
1639
1563
1638
1563
1639
1640
1563
1640
1564
1564
1640
1565
1641
1565
1640
1565
1641
1642
1565
1642
1566
1566
1569
1567
1570
1567
1569
1566
1642
1569
1646
1569
1642
1568
1573
1643
1649
1643
1573
1569
1646
1647
1569
1647
1570
1570
1574
1571
1575
1571
1574
1570
1647
1574
1650
1574
1647
1572
1648
1573
1649
1573
1648
1572
1577
1648
1652
1648
1577
1574
1650
1575
1651
1575
1650
1575
1578
1579
1575
1579
1576
1575
1651
1654
1575
1654
1578
1577
1581
1657
1577
1657
1652
1578
1654
1579
1655
1579
1654
1579
1655
1656
1579
1656
1580
1580
1656
1582
1659
1582
1656
1581
1584
1660
1581
1660
1657
1582
1586
1583
1587
1583
1586
1582
1659
1586
1662
1586
1659
1584
1585
1660
1661
1660
1585
1585
1588
1665
1585
1665
1661
1586
1662
1587
1663
1587
1662
1587
1663
1667
1587
1667
1589
1588
1590
1665
1668
1665
1590
1589
1667
1670
1589
1670
1593
1590
1591
1668
1669
1668
1591
1591
1592
1595
1591
1595
1594
1591
1594
1672
1591
1672
1669
1593
1670
1674
1593
1674
1596
1594
1595
1672
1673
1672
1595
1595
1598
1678
1595
1678
1673
1596
1674
1597
1675
1597
1674
1597
1675
1679
1597
1679
1599
1598
1600
1678
1682
1678
1600
1599
1679
1683
1599
1683
1601
1600
1602
1682
1684
1682
1602
1601
1683
1686
1601
1686
1604
1602
1603
1684
1685
1684
1603
1603
1605
1688
1603
1688
1685
1604
1686
1606
1689
1606
1686
1605
1607
1691
1605
1691
1688
1606
1689
1610
1693
1610
1689
1607
1608
1692
1607
1692
1691
1608
1609
1611
1612
1611
1609
1608
1611
1692
1695
1692
1611
1610
1693
1613
1696
1613
1693
1611
1612
1615
1611
1615
1614
1611
1614
1698
1611
1698
1695
1613
1696
1699
1613
1699
1616
1614
1615
1617
1618
1617
1615
1614
1617
1698
1701
1698
1617
1616
1699
1619
1702
1619
1699
1617
1618
1621
1617
1621
1620
1617
1620
1704
1617
1704
1701
1619
1702
1707
1619
1707
1622
1620
1621
1624
1625
1624
1621
1620
1624
1704
1710
1704
1624
1622
1707
1623
1708
1623
1707
1623
1708
1715
1623
1715
1629
1624
1625
1710
1711
1710
1625
1625
1630
1718
1625
1718
1711
1626
1627
1712
1713
1712
1627
1626
1712
1631
1719
1631
1712
1627
1628
1714
1627
1714
1713
1628
1629
1714
1715
1714
1629
1630
1632
1718
1722
1718
1632
1631
1719
1726
1631
1726
1636
1632
1633
1722
1723
1722
1633
1633
1634
1724
1633
1724
1723
1634
1635
1724
1725
1724
1635
1635
1636
1726
1635
1726
1725
1637
1643
1644
1637
1644
1638
1638
1644
1639
1645
1639
1644
1639
1727
1728
1639
1728
1640
1639
1645
1734
1639
1734
1727
1640
1728
1641
1729
1641
1728
1641
1729
1730
1641
1730
1642
1642
1730
1646
1737
1646
1730
1643
1732
1733
1643
1733
1644
1643
1649
1739
1643
1739
1732
1644
1733
1645
1734
1645
1733
1646
1737
1647
1738
1647
1737
1647
1738
1741
1647
1741
1650
1648
1652
1649
1653
1649
1652
1649
1653
1744
1649
1744
1739
1650
1741
1651
1742
1651
1741
1651
1742
1746
1651
1746
1654
1652
1743
1653
1744
1653
1743
1652
1657
1743
1748
1743
1657
1654
1746
1655
1747
1655
1746
1655
1658
1659
1655
1659
1656
1655
1747
1750
1655
1750
1658
1657
1660
1752
1657
1752
1748
1658
1750
1659
1751
1659
1750
1659
1751
1754
1659
1754
1662
1660
1661
1664
1665
1664
1661
1660
1664
1752
1755
1752
1664
1662
1666
1663
1667
1663
1666
1662
1754
1666
1757
1666
1754
1664
1665
1755
1756
1755
1665
1665
1668
1760
1665
1760
1756
1666
1757
1667
1758
1667
1757
1667
1758
1762
1667
1762
1670
1668
1669
1671
1672
1671
1669
1668
1671
1760
1763
1760
1671
1670
1762
1674
1764
1674
1762
1671
1672
1677
1671
1677
1676
1671
1676
1766
1671
1766
1763
1672
1673
1677
1678
1677
1673
1674
1764
1675
1765
1675
1764
1675
1765
1768
1675
1768
1679
1676
1677
1680
1681
1680
1677
1676
1680
1766
1769
1766
1680
1677
1678
1682
1677
1682
1681
1679
1768
1772
1679
1772
1683
1680
1681
1769
1770
1769
1681
1681
1682
1771
1681
1771
1770
1682
1684
1771
1774
1771
1684
1683
1772
1775
1683
1775
1686
1684
1685
1687
1688
1687
1685
1684
1687
1774
1776
1774
1687
1686
1775
1689
1777
1689
1775
1687
1688
1691
1687
1691
1690
1687
1690
1778
1687
1778
1776
1689
1777
1780
1689
1780
1693
1690
1691
1778
1779
1778
1691
1691
1692
1695
1691
1695
1694
1691
1694
1781
1691
1781
1779
1693
1780
1782
1693
1782
1696
1694
1695
1697
1698
1697
1695
1694
1697
1781
1783
1781
1697
1696
1782
1699
1784
1699
1782
1697
1698
1701
1697
1701
1700
1697
1700
1785
1697
1785
1783
1699
1784
1786
1699
1786
1702
1700
1701
1703
1704
1703
1701
1700
1703
1785
1788
1785
1703
1702
1786
1707
1791
1707
1786
1703
1704
1710
1703
1710
1709
1703
1709
1793
1703
1793
1788
1705
1712
1713
1705
1713
1706
1705
1706
1790
1705
1790
1789
1705
1789
1794
1705
1794
1712
1706
1713
1707
1714
1707
1713
1706
1707
1790
1791
1790
1707
1707
1714
1715
1707
1715
1708
1709
1710
1717
1709
1717
1716
1709
1716
1797
1709
1797
1793
1710
1711
1717
1718
1717
1711
1712
1794
1719
1800
1719
1794
1716
1717
1720
1721
1720
1717
1716
1720
1797
1801
1797
1720
1717
1718
1722
1717
1722
1721
1719
1800
1807
1719
1807
1726
1720
1721
1801
1802
1801
1721
1721
1722
1803
1721
1803
1802
1722
1723
1803
1804
1803
1723
1723
1724
1805
1723
1805
1804
1724
1725
1805
1806
1805
1725
1725
1726
1807
1725
1807
1806
1727
1734
1735
1727
1735
1728
1728
1735
1729
1736
1729
1735
1729
1808
1809
1729
1809
1730
1729
1736
1814
1729
1814
1808
1730
1731
1737
1738
1737
1731
1730
1809
1731
1810
1731
1809
1731
1810
1816
1731
1816
1738
1732
1739
1733
1740
1733
1739
1733
1811
1812
1733
1812
1734
1733
1740
1818
1733
1818
1811
1734
1812
1735
1813
1735
1812
1735
1813
1814
1735
1814
1736
1738
1816
1741
1823
1741
1816
1739
1817
1818
1739
1818
1740
1739
1744
1825
1739
1825
1817
1741
1745
1746
1741
1746
1742
1741
1823
1830
1741
1830
1745
1743
1824
1825
1743
1825
1744
1743
1748
1832
1743
1832
1824
1745
1830
1831
1745
1831
1746
1746
1749
1747
1750
1747
1749
1746
1831
1749
1835
1749
1831
1748
1752
1832
1837
1832
1752
1749
1835
1836
1749
1836
1750
1750
1753
1751
1754
1751
1753
1750
1836
1753
1839
1753
1836
1752
1755
1837
1841
1837
1755
1753
1839
1840
1753
1840
1754
1754
1840
1757
1843
1757
1840
1755
1756
1760
1755
1760
1759
1755
1759
1844
1755
1844
1841
1757
1761
1762
1757
1762
1758
1757
1843
1846
1757
1846
1761
1759
1760
1845
1759
1845
1844
1760
1763
1845
1849
1845
1763
1761
1846
1847
1761
1847
1762
1762
1847
1764
1851
1764
1847
1763
1766
1853
1763
1853
1849
1764
1767
1765
1768
1765
1767
1764
1851
1767
1854
1767
1851
1766
1769
1853
1857
1853
1769
1767
1854
1855
1767
1855
1768
1768
1855
1772
1860
1772
1855
1769
1770
1858
1769
1858
1857
1770
1771
1773
1774
1773
1771
1770
1773
1858
1863
1858
1773
1772
1860
1775
1865
1775
1860
1773
1774
1864
1773
1864
1863
1774
1776
1864
1868
1864
1776
1775
1865
1869
1775
1869
1777
1776
1778
1868
1872
1868
1778
1777
1869
1874
1777
1874
1780
1778
1779
1872
1873
1872
1779
1779
1781
1876
1779
1876
1873
1780
1874
1782
1877
1782
1874
1781
1783
1879
1781
1879
1876
1782
1877
1784
1880
1784
1877
1783
1785
1882
1783
1882
1879
1784
1880
1786
1883
1786
1880
1785
1788
1886
1785
1886
1882
1786
1787
1791
1792
1791
1787
1786
1883
1787
1884
1787
1883
1787
1884
1890
1787
1890
1792
1788
1793
1886
1893
1886
1793
1789
1790
1888
1789
1888
1887
1789
1887
1894
1789
1894
1794
1790
1791
1795
1796
1795
1791
1790
1795
1888
1895
1888
1795
1791
1792
1890
1791
1890
1889
1791
1889
1896
1791
1896
1796
1793
1797
1899
1793
1899
1893
1794
1894
1800
1902
1800
1894
1795
1796
1896
1795
1896
1895
1797
1801
1905
1797
1905
1899
1798
1805
1799
1806
1799
1805
1798
1799
1900
1901
1900
1799
1798
1900
1805
1909
1805
1900
1799
1806
1807
1799
1807
1800
1799
1800
1902
1799
1902
1901
1801
1802
1906
1801
1906
1905
1802
1803
1906
1907
1906
1803
1803
1804
1908
1803
1908
1907
1804
1805
1908
1909
1908
1805
1808
1814
1809
1815
1809
1814
1809
1815
1816
1809
1816
1810
1811
1818
1819
1811
1819
1812
1812
1819
1813
1820
1813
1819
1813
1820
1821
1813
1821
1814
1814
1821
1815
1822
1815
1821
1815
1822
1823
1815
1823
1816
1817
1825
1826
1817
1826
1818
1818
1826
1819
1827
1819
1826
1819
1827
1828
1819
1828
1820
1820
1910
1821
1911
1821
1910
1820
1828
1910
1916
1910
1828
1821
1911
1912
1821
1912
1822
1822
1829
1823
1830
1823
1829
1822
1912
1829
1918
1829
1912
1824
1832
1825
1833
1825
1832
1825
1913
1914
1825
1914
1826
1825
1833
1921
1825
1921
1913
1826
1914
1827
1915
1827
1914
1827
1915
1916
1827
1916
1828
1829
1918
1919
1829
1919
1830
1830
1834
1831
1835
1831
1834
1830
1919
1834
1923
1834
1919
1832
1920
1833
1921
1833
1920
1832
1837
1920
1925
1920
1837
1834
1923
1835
1924
1835
1923
1835
1838
1839
1835
1839
1836
1835
1924
1928
1835
1928
1838
1837
1841
1930
1837
1930
1925
1838
1928
1839
1929
1839
1928
1839
1842
1843
1839
1843
1840
1839
1929
1931
1839
1931
1842
1841
1844
1933
1841
1933
1930
1842
1931
1843
1932
1843
1931
1843
1932
1936
1843
1936
1846
1844
1845
1933
1934
1933
1845
1845
1849
1938
1845
1938
1934
1846
1850
1847
1851
1847
1850
1846
1936
1850
1939
1850
1936
1848
1849
1852
1853
1852
1849
1848
1937
1849
1938
1849
1937
1848
1852
1937
1941
1937
1852
1850
1939
1851
1940
1851
1939
1851
1940
1943
1851
1943
1854
1852
1853
1856
1857
1856
1853
1852
1856
1941
1944
1941
1856
1854
1859
1855
1860
1855
1859
1854
1943
1859
1946
1859
1943
1856
1857
1861
1862
1861
1857
1856
1861
1944
1948
1944
1861
1857
1858
1863
1857
1863
1862
1859
1946
1947
1859
1947
1860
1860
1947
1865
1951
1865
1947
1861
1862
1949
1861
1949
1948
1862
1863
1866
1867
1866
1863
1862
1866
1949
1952
1949
1866
1863
1864
1868
1863
1868
1867
1865
1951
1954
1865
1954
1869
1866
1867
1870
1871
1870
1867
1866
1870
1952
1955
1952
1870
1867
1868
1872
1867
1872
1871
1869
1954
1959
1869
1959
1874
1870
1871
1955
1956
1955
1871
1871
1872
1957
1871
1957
1956
1872
1873
1875
1876
1875
1873
1872
1875
1957
1960
1957
1875
1874
1959
1877
1961
1877
1959
1875
1876
1879
1875
1879
1878
1875
1878
1962
1875
1962
1960
1877
1961
1963
1877
1963
1880
1878
1879
1881
1882
1881
1879
1878
1881
1962
1964
1962
1881
1880
1963
1883
1965
1883
1963
1881
1882
1886
1881
1886
1885
1881
1885
1966
1881
1966
1964
1883
1889
1890
1883
1890
1884
1883
1965
1969
1883
1969
1889
1885
1886
1893
1885
1893
1892
1885
1892
1971
1885
1971
1966
1887
1888
1968
1887
1968
1967
1887
1967
1975
1887
1975
1894
1888
1895
1889
1896
1889
1895
1888
1889
1968
1969
1968
1889
1891
1892
1898
1891
1898
1897
1891
1970
1971
1891
1971
1892
1891
1897
1976
1891
1976
1970
1892
1893
1898
1899
1898
1893
1894
1975
1902
1983
1902
1975
1897
1898
1904
1897
1904
1903
1897
1903
1984
1897
1984
1976
1898
1899
1977
1978
1977
1899
1898
1977
1904
1985
1904
1977
1899
1905
1986
1899
1986
1978
1900
1901
1981
1982
1981
1901
1900
1981
1909
1990
1909
1981
1901
1902
1983
1901
1983
1982
1903
1904
1985
1903
1985
1984
1905
1906
1987
1905
1987
1986
1906
1907
1987
1988
1987
1907
1907
1908
1989
1907
1989
1988
1908
1909
1989
1990
1989
1909
1910
1916
1911
1917
1911
1916
1911
1917
1918
1911
1918
1912
1913
1991
1992
1913
1992
1914
1913
1921
1997
1913
1997
1991
1914
1992
1915
1993
1915
1992
1915
1993
1994
1915
1994
1916
1916
1994
1917
1995
1917
1994
1917
1995
1996
1917
1996
1918
1918
1922
1919
1923
1919
1922
1918
1996
1922
2002
1922
1996
1920
1925
1921
1926
1921
1925
1921
1926
2005
1921
2005
1997
1922
2002
1923
2003
1923
2002
1923
1927
1928
1923
1928
1924
1923
2003
2008
1923
2008
1927
1925
2004
2005
1925
2005
1926
1925
1930
2011
1925
2011
2004
1927
2008
2009
1927
2009
1928
1928
2009
1929
2010
1929
2009
1929
2010
2014
1929
2014
1931
1930
1933
2011
2015
2011
1933
1931
1935
1936
1931
1936
1932
1931
2014
2017
1931
2017
1935
1933
1934
1938
1933
1938
1937
1933
1937
2019
1933
2019
2015
1935
2017
2018
1935
2018
1936
1936
2018
1939
2021
1939
2018
1937
1941
2022
1937
2022
2019
1939
1942
1943
1939
1943
1940
1939
2021
2024
1939
2024
1942
1941
1944
2025
1941
2025
2022
1942
1945
1943
1946
1943
1945
1942
2024
1945
2026
1945
2024
1944
1948
2025
2028
2025
1948
1945
2026
2027
1945
2027
1946
1946
1950
1947
1951
1947
1950
1946
2027
1950
2031
1950
2027
1948
1949
2028
2029
2028
1949
1949
1952
2033
1949
2033
2029
1950
1953
1951
1954
1951
1953
1950
2031
1953
2035
1953
2031
1952
1955
2033
2037
2033
1955
1953
1958
1959
1953
1959
1954
1953
2035
2040
1953
2040
1958
1955
1956
2038
1955
2038
2037
1956
1957
2038
2039
2038
1957
1957
1960
2043
1957
2043
2039
1958
2040
1959
2041
1959
2040
1959
2041
2045
1959
2045
1961
1960
1962
2043
2047
2043
1962
1961
2045
2049
1961
2049
1963
1962
1964
2047
2052
2047
1964
1963
2049
2054
1963
2054
1965
1964
1966
2052
2057
2052
1966
1965
2054
2063
1965
2063
1969
1966
1971
2057
2065
2057
1971
1967
1968
2062
1967
2062
2061
1967
2061
2070
1967
2070
1975
1968
1969
2062
2063
2062
1969
1970
2064
1971
2065
1971
2064
1970
1976
2064
2071
2064
1976
1972
1979
1973
1980
1973
1979
1972
1973
2066
2067
2066
1973
1972
2066
1979
2072
1979
2066
1973
1980
1981
1973
1981
1974
1973
1974
2068
1973
2068
2067
1974
1981
2068
2073
2068
1981
1975
2070
2075
1975
2075
1983
1976
1984
2071
2076
2071
1984
1977
1978
1986
1977
1986
1985
1979
1988
1989
1979
1989
1980
1979
2072
2080
1979
2080
1988
1980
1989
1981
1990
1981
1989
1981
1982
2074
1981
2074
2073
1982
1983
2074
2075
2074
1983
1984
1985
2076
2077
2076
1985
1985
1986
2078
1985
2078
2077
1986
1987
2078
2079
2078
1987
1987
1988
2080
1987
2080
2079
1991
1997
1998
1991
1998
1992
1992
1998
1993
1999
1993
1998
1993
1999
2000
1993
2000
1994
1994
2000
1995
2001
1995
2000
1995
2001
2002
1995
2002
1996
1997
2081
2082
1997
2082
1998
1997
2005
2087
1997
2087
2081
1998
2082
1999
2083
1999
2082
1999
2083
2084
1999
2084
2000
2000
2084
2001
2085
2001
2084
2001
2006
2007
2001
2007
2002
2001
2085
2091
2001
2091
2006
2002
2007
2003
2008
2003
2007
2004
2086
2005
2087
2005
2086
2004
2011
2086
2094
2086
2011
2006
2091
2007
2092
2007
2091
2007
2092
2093
2007
2093
2008
2008
2012
2009
2013
2009
2012
2008
2093
2012
2097
2012
2093
2009
2013
2014
2009
2014
2010
2011
2015
2099
2011
2099
2094
2012
2097
2013
2098
2013
2097
2013
2016
2017
2013
2017
2014
2013
2098
2102
2013
2102
2016
2015
2019
2104
2015
2104
2099
2016
2102
2017
2103
2017
2102
2017
2020
2021
2017
2021
2018
2017
2103
2106
2017
2106
2020
2019
2022
2108
2019
2108
2104
2020
2023
2021
2024
2021
2023
2020
2106
2023
2109
2023
2106
2022
2025
2108
2112
2108
2025
2023
2109
2110
2023
2110
2024
2024
2110
2026
2113
2026
2110
2025
2028
2115
2025
2115
2112
2026
2030
2027
2031
2027
2030
2026
2113
2030
2116
2030
2113
2028
2029
2032
2033
2032
2029
2028
2032
2115
2117
2115
2032
2030
2034
2031
2035
2031
2034
2030
2116
2034
2118
2034
2116
2032
2033
2036
2037
2036
2033
2032
2036
2117
2120
2117
2036
2034
2118
2035
2119
2035
2118
2035
2119
2124
2035
2124
2040
2036
2037
2120
2121
2120
2037
2037
2038
2122
2037
2122
2121
2038
2039
2042
2043
2042
2039
2038
2042
2122
2127
2122
2042
2040
2044
2041
2045
2041
2044
2040
2124
2044
2128
2044
2124
2042
2043
2046
2047
2046
2043
2042
2046
2127
2130
2127
2046
2044
2048
2045
2049
2045
2048
2044
2128
2048
2131
2048
2128
2046
2047
2051
2052
2051
2047
2046
2051
2130
2133
2130
2051
2048
2053
2049
2054
2049
2053
2048
2131
2053
2138
2053
2131
2050
2051
2055
2056
2055
2051
2050
2132
2051
2133
2051
2132
2050
2055
2132
2140
2132
2055
2051
2052
2057
2051
2057
2056
2053
2138
2139
2053
2139
2054
2054
2139
2063
2147
2063
2139
2055
2056
2141
2055
2141
2140
2056
2057
2064
2065
2064
2057
2056
2064
2141
2149
2141
2064
2058
2067
2059
2068
2059
2067
2058
2059
2142
2143
2142
2059
2058
2142
2067
2151
2067
2142
2059
2068
2069
2059
2069
2060
2059
2060
2144
2059
2144
2143
2060
2069
2061
2070
2061
2069
2060
2061
2144
2145
2144
2061
2061
2062
2146
2061
2146
2145
2062
2063
2146
2147
2146
2063
2064
2071
2149
2153
2149
2071
2066
2067
2150
2151
2150
2067
2066
2150
2072
2154
2072
2150
2068
2073
2069
2074
2069
2073
2069
2074
2075
2069
2075
2070
2071
2076
2157
2071
2157
2153
2072
2154
2080
2161
2080
2154
2076
2077
2157
2158
2157
2077
2077
2078
2159
2077
2159
2158
2078
2079
2159
2160
2159
2079
2079
2080
2161
2079
2161
2160
2081
2087
2088
2081
2088
2082
2082
2088
2083
2089
2083
2088
2083
2089
2090
2083
2090
2084
2084
2090
2085
2091
2085
2090
2086
2094
2087
2095
2087
2094
2087
2162
2163
2087
2163
2088
2087
2095
2168
2087
2168
2162
2088
2163
2089
2164
2089
2163
2089
2164
2165
2089
2165
2090
2090
2165
2091
2166
2091
2165
2091
2166
2167
2091
2167
2092
2092
2096
2093
2097
2093
2096
2092
2167
2096
2173
2096
2167
2094
2099
2095
2100
2095
2099
2095
2100
2176
2095
2176
2168
2096
2173
2097
2174
2097
2173
2097
2101
2102
2097
2102
2098
2097
2174
2178
2097
2178
2101
2099
2175
2176
2099
2176
2100
2099
2104
2180
2099
2180
2175
2101
2178
2179
2101
2179
2102
2102
2105
2103
2106
2103
2105
2102
2179
2105
2183
2105
2179
2104
2108
2180
2186
2180
2108
2105
2183
2184
2105
2184
2106
2106
2184
2109
2189
2109
2184
2107
2108
2112
2107
2112
2111
2107
2185
2186
2107
2186
2108
2107
2111
2191
2107
2191
2185
2109
2189
2190
2109
2190
2110
2110
2190
2113
2196
2113
2190
2111
2112
2115
2111
2115
2114
2111
2114
2197
2111
2197
2191
2113
2196
2200
2113
2200
2116
2114
2115
2197
2198
2197
2115
2115
2117
2201
2115
2201
2198
2116
2200
2118
2203
2118
2200
2117
2120
2204
2117
2204
2201
2118
2123
2119
2124
2119
2123
2118
2203
2123
2205
2123
2203
2120
2121
2125
2126
2125
2121
2120
2125
2204
2207
2204
2125
2121
2122
2127
2121
2127
2126
2123
2205
2206
2123
2206
2124
2124
2206
2128
2209
2128
2206
2125
2126
2208
2125
2208
2207
2126
2127
2129
2130
2129
2127
2126
2129
2208
2211
2208
2129
2128
2209
2131
2213
2131
2209
2129
2130
2212
2129
2212
2211
2130
2133
2212
2216
2212
2133
2131
2213
2221
2131
2221
2138
2132
2215
2133
2216
2133
2215
2132
2140
2215
2223
2215
2140
2134
2142
2135
2143
2135
2142
2134
2135
2217
2218
2217
2135
2134
2217
2142
2224
2142
2217
2135
2143
2144
2135
2144
2136
2135
2136
2219
2135
2219
2218
2136
2144
2137
2145
2137
2144
2136
2137
2219
2220
2219
2137
2137
2145
2146
2137
2146
2138
2137
2138
2221
2137
2221
2220
2138
2146
2139
2147
2139
2146
2140
2141
2148
2149
2148
2141
2140
2148
2223
2229
2223
2148
2142
2224
2151
2230
2151
2224
2148
2149
2152
2153
2152
2149
2148
2152
2229
2234
2229
2152
2150
2151
2154
2155
2154
2151
2151
2230
2236
2151
2236
2155
2152
2153
2156
2157
2156
2153
2152
2156
2234
2239
2234
2156
2154
2155
2235
2236
2235
2155
2154
2235
2161
2244
2161
2235
2156
2157
2239
2240
2239
2157
2157
2158
2241
2157
2241
2240
2158
2159
2241
2242
2241
2159
2159
2160
2243
2159
2243
2242
2160
2161
2243
2244
2243
2161
2162
2168
2163
2169
2163
2168
2163
2169
2170
2163
2170
2164
2164
2170
2165
2171
2165
2170
2165
2171
2172
2165
2172
2166
2166
2172
2167
2173
2167
2172
2168
2246
2169
2247
2169
2246
2168
2176
2246
2252
2246
2176
2169
2247
2248
2169
2248
2170
2170
2248
2171
2249
2171
2248
2171
2249
2250
2171
2250
2172
2172
2250
2173
2251
2173
2250
2173
2177
2178
2173
2178
2174
2173
2251
2257
2173
2257
2177
2175
2180
2181
2175
2181
2176
2176
2181
2252
2260
2252
2181
2177
2257
2258
2177
2258
2178
2178
2182
2179
2183
2179
2182
2178
2258
2182
2265
2182
2258
2180
2259
2181
2260
2181
2259
2180
2186
2259
2266
2259
2186
2182
2187
2183
2188
2183
2187
2182
2265
2187
2269
2187
2265
2183
2188
2189
2183
2189
2184
2185
2191
2192
2185
2192
2186
2186
2192
2266
2270
2266
2192
2187
2193
2194
2187
2194
2188
2187
2269
2271
2187
2271
2193
2188
2194
2189
2195
2189
2194
2189
2195
2196
2189
2196
2190
2191
2197
2198
2191
2198
2192
2192
2198
2270
2274
2270
2198
2193
2271
2272
2193
2272
2194
2194
2272
2195
2273
2195
2272
2195
2199
2200
2195
2200
2196
2195
2273
2277
2195
2277
2199
2198
2201
2274
2278
2274
2201
2199
2202
2203
2199
2203
2200
2199
2277
2279
2199
2279
2202
2201
2204
2281
2201
2281
2278
2202
2279
2203
2280
2203
2279
2203
2280
2282
2203
2282
2205
2204
2207
2281
2284
2281
2207
2205
2282
2283
2205
2283
2206
2206
2283
2209
2286
2209
2283
2207
2208
2211
2207
2211
2210
2207
2210
2287
2207
2287
2284
2209
2286
2289
2209
2289
2213
2210
2211
2214
2215
2214
2211
2210
2214
2287
2290
2287
2214
2211
2212
2216
2211
2216
2215
2213
2289
2293
2213
2293
2221
2214
2215
2222
2223
2222
2215
2214
2222
2290
2294
2290
2222
2217
2218
2225
2217
2225
2224
2218
2219
2225
2226
2225
2219
2219
2220
2227
2219
2227
2226
2220
2221
2227
2228
2227
2221
2221
2293
2298
2221
2298
2228
2222
2223
2294
2295
2294
2223
2223
2229
2300
2223
2300
2295
2224
2225
2230
2231
2230
2225
2225
2226
2232
2225
2232
2231
2226
2227
2232
2233
2232
2227
2227
2228
2298
2227
2298
2297
2227
2297
2302
2227
2302
2233
2229
2234
2303
2229
2303
2300
2230
2231
2236
2237
2236
2231
2231
2232
2238
2231
2238
2237
2232
2233
2301
2302
2301
2233
2232
2301
2238
2307
2238
2301
2234
2239
2303
2308
2303
2239
2235
2236
2245
2235
2245
2244
2236
2237
2305
2306
2305
2237
2236
2305
2245
2314
2245
2305
2237
2238
2307
2237
2307
2306
2239
2240
2309
2239
2309
2308
2240
2241
2309
2310
2309
2241
2241
2242
2311
2241
2311
2310
2242
2243
2311
2312
2311
2243
2243
2244
2313
2243
2313
2312
2244
2245
2313
2314
2313
2245
2246
2252
2247
2253
2247
2252
2247
2253
2254
2247
2254
2248
2248
2254
2249
2255
2249
2254
2249
2255
2256
2249
2256
2250
2250
2256
2251
2257
2251
2256
2252
2325
2253
2326
2253
2325
2252
2260
2325
2328
2325
2260
2253
2326
2327
2253
2327
2254
2254
2261
2255
2262
2255
2261
2254
2327
2261
2330
2261
2327
2255
2262
2263
2255
2263
2256
2256
2263
2257
2264
2257
2263
2257
2264
2265
2257
2265
2258
2259
2266
2267
2259
2267
2260
2260
2267
2328
2335
2328
2267
2261
2330
2331
2261
2331
2262
2262
2331
2263
2332
2263
2331
2263
2332
2333
2263
2333
2264
2264
2268
2265
2269
2265
2268
2264
2333
2268
2338
2268
2333
2266
2334
2267
2335
2267
2334
2266
2270
2334
2340
2334
2270
2268
2338
2269
2339
2269
2338
2269
2339
2344
2269
2344
2271
2270
2274
2340
2345
2340
2274
2271
2275
2276
2271
2276
2272
2271
2344
2348
2271
2348
2275
2272
2276
2273
2277
2273
2276
2274
2278
2345
2351
2345
2278
2275
2348
2349
2275
2349
2276
2276
2349
2277
2350
2277
2349
2277
2350
2356
2277
2356
2279
2278
2281
2351
2358
2351
2281
2279
2356
2357
2279
2357
2280
2280
2357
2282
2361
2282
2357
2281
2284
2362
2281
2362
2358
2282
2285
2283
2286
2283
2285
2282
2361
2285
2365
2285
2361
2284
2287
2362
2366
2362
2287
2285
2288
2289
2285
2289
2286
2285
2365
2370
2285
2370
2288
2287
2290
2371
2287
2371
2366
2288
2292
2289
2293
2289
2292
2288
2370
2292
2375
2292
2370
2290
2294
2371
2376
2371
2294
2291
2296
2297
2291
2297
2292
2291
2292
2375
2291
2375
2374
2291
2374
2379
2291
2379
2296
2292
2297
2293
2298
2293
2297
2294
2295
2299
2300
2299
2295
2294
2299
2376
2380
2376
2299
2296
2301
2297
2302
2297
2301
2296
2379
2301
2383
2301
2379
2299
2300
2381
2299
2381
2380
2300
2303
2381
2384
2381
2303
2301
2383
2388
2301
2388
2307
2303
2308
2309
2303
2309
2304
2303
2304
2385
2303
2385
2384
2304
2309
2385
2389
2385
2309
2305
2306
2315
2305
2315
2314
2306
2307
2387
2388
2387
2307
2306
2387
2315
2394
2315
2387
2309
2310
2317
2309
2317
2316
2309
2316
2395
2309
2395
2389
2310
2311
2317
2318
2317
2311
2311
2312
2319
2311
2319
2318
2312
2313
2319
2320
2319
2313
2313
2314
2321
2313
2321
2320
2314
2315
2393
2394
2393
2315
2314
2393
2321
2400
2321
2393
2316
2317
2395
2396
2395
2317
2317
2318
2397
2317
2397
2396
2318
2319
2322
2323
2322
2319
2318
2322
2397
2401
2397
2322
2319
2320
2324
2319
2324
2323
2320
2321
2399
2400
2399
2321
2320
2399
2324
2403
2324
2399
2322
2323
2401
2402
2401
2323
2323
2324
2403
2323
2403
2402
2325
2328
2329
2325
2329
2326
2326
2329
2327
2330
2327
2329
2328
2335
2329
2336
2329
2335
2329
2404
2405
2329
2405
2330
2329
2336
2409
2329
2409
2404
2330
2405
2331
2406
2331
2405
2331
2406
2407
2331
2407
2332
2332
2337
2333
2338
2333
2337
2332
2407
2337
2412
2337
2407
2334
2340
2335
2341
2335
2340
2335
2408
2409
2335
2409
2336
2335
2341
2413
2335
2413
2408
2337
2342
2343
2337
2343
2338
2337
2412
2417
2337
2417
2342
2338
2343
2339
2344
2339
2343
2340
2345
2341
2346
2341
2345
2341
2346
2419
2341
2419
2413
2342
2417
2343
2418
2343
2417
2343
2347
2348
2343
2348
2344
2343
2418
2423
2343
2423
2347
2345
2351
2352
2345
2352
2346
2346
2352
2419
2425
2419
2352
2347
2353
2354
2347
2354
2348
2347
2423
2427
2347
2427
2353
2348
2354
2349
2355
2349
2354
2349
2355
2356
2349
2356
2350
2351
2424
2425
2351
2425
2352
2351
2358
2430
2351
2430
2424
2353
2427
2428
2353
2428
2354
2354
2428
2355
2429
2355
2428
2355
2359
2360
2355
2360
2356
2355
2429
2435
2355
2435
2359
2356
2360
2357
2361
2357
2360
2358
2362
2430
2437
2430
2362
2359
2435
2436
2359
2436
2360
2360
2364
2361
2365
2361
2364
2360
2436
2364
2442
2364
2436
2362
2366
2437
2443
2437
2366
2363
2368
2369
2363
2369
2364
2363
2364
2442
2363
2442
2441
2363
2441
2446
2363
2446
2368
2364
2369
2365
2370
2365
2369
2366
2371
2367
2372
2367
2371
2366
2367
2443
2444
2443
2367
2367
2372
2447
2367
2447
2444
2368
2373
2369
2374
2369
2373
2368
2446
2373
2449
2373
2446
2369
2374
2375
2369
2375
2370
2371
2376
2377
2371
2377
2372
2372
2377
2447
2450
2447
2377
2373
2378
2379
2373
2379
2374
2373
2449
2453
2373
2453
2378
2376
2380
2377
2381
2377
2380
2377
2381
2454
2377
2454
2450
2378
2382
2379
2383
2379
2382
2378
2453
2382
2459
2382
2453
2381
2384
2460
2381
2460
2454
2382
2387
2383
2388
2383
2387
2382
2459
2387
2467
2387
2459
2384
2385
2460
2461
2460
2385
2385
2389
2468
2385
2468
2461
2386
2393
2387
2394
2387
2393
2386
2387
2466
2467
2466
2387
2386
2466
2393
2473
2393
2466
2389
2395
2396
2389
2396
2390
2389
2390
2469
2389
2469
2468
2390
2396
2391
2397
2391
2396
2390
2391
2469
2470
2469
2391
2391
2397
2474
2391
2474
2470
2392
2399
2393
2400
2393
2399
2392
2393
2472
2473
2472
2393
2392
2472
2399
2476
2399
2472
2397
2401
2402
2397
2402
2398
2397
2398
2475
2397
2475
2474
2398
2402
2399
2403
2399
2402
2398
2399
2475
2476
2475
2399
2404
2409
2405
2410
2405
2409
2405
2410
2411
2405
2411
2406
2406
2411
2407
2412
2407
2411
2408
2413
2409
2414
2409
2413
2409
2414
2415
2409
2415
2410
2410
2415
2411
2416
2411
2415
2411
2416
2417
2411
2417
2412
2413
2419
2420
2413
2420
2414
2414
2477
2415
2478
2415
2477
2414
2420
2477
2481
2477
2420
2415
2478
2479
2415
2479
2416
2416
2421
2417
2422
2417
2421
2416
2479
2421
2483
2421
2479
2417
2422
2423
2417
2423
2418
2419
2480
2481
2419
2481
2420
2419
2425
2485
2419
2485
2480
2421
2483
2484
2421
2484
2422
2422
2426
2423
2427
2423
2426
2422
2484
2426
2489
2426
2484
2424
2430
2425
2431
2425
2430
2425
2431
2490
2425
2490
2485
2426
2432
2427
2433
2427
2432
2426
2489
2432
2494
2432
2489
2427
2433
2434
2427
2434
2428
2428
2434
2429
2435
2429
2434
2430
2437
2431
2438
2431
2437
2431
2438
2496
2431
2496
2490
2432
2494
2433
2495
2433
2494
2433
2439
2440
2433
2440
2434
2433
2495
2500
2433
2500
2439
2434
2440
2435
2441
2435
2440
2435
2441
2442
2435
2442
2436
2437
2443
2444
2437
2444
2438
2438
2444
2496
2502
2496
2444
2439
2500
2501
2439
2501
2440
2440
2445
2441
2446
2441
2445
2440
2501
2445
2505
2445
2501
2444
2447
2502
2506
2502
2447
2445
2448
2449
2445
2449
2446
2445
2505
2510
2445
2510
2448
2447
2450
2511
2447
2511
2506
2448
2452
2449
2453
2449
2452
2448
2510
2452
2517
2452
2510
2450
2454
2451
2455
2451
2454
2450
2451
2511
2512
2511
2451
2451
2455
2518
2451
2518
2512
2452
2458
2453
2459
2453
2458
2452
2517
2458
2523
2458
2517
2454
2460
2455
2461
2455
2460
2455
2461
2462
2455
2462
2456
2455
2456
2519
2455
2519
2518
2456
2462
2519
2524
2519
2462
2457
2465
2466
2457
2466
2458
2457
2458
2523
2457
2523
2522
2457
2522
2527
2457
2527
2465
2458
2466
2459
2467
2459
2466
2461
2468
2469
2461
2469
2462
2462
2469
2463
2470
2463
2469
2462
2463
2524
2525
2524
2463
2463
2470
2471
2463
2471
2464
2463
2464
2526
2463
2526
2525
2464
2471
2465
2472
2465
2471
2464
2465
2526
2527
2526
2465
2465
2472
2473
2465
2473
2466
2470
2474
2471
2475
2471
2474
2471
2475
2476
2471
2476
2472
2477
2481
2482
2477
2482
2478
2478
2482
2479
2483
2479
2482
2480
2485
2481
2486
2481
2485
2481
2486
2487
2481
2487
2482
2482
2487
2483
2488
2483
2487
2483
2488
2489
2483
2489
2484
2485
2490
2491
2485
2491
2486
2486
2491
2487
2492
2487
2491
2487
2492
2493
2487
2493
2488
2488
2493
2489
2494
2489
2493
2490
2496
2491
2497
2491
2496
2491
2528
2529
2491
2529
2492
2491
2497
2531
2491
2531
2528
2492
2529
2493
2530
2493
2529
2493
2498
2499
2493
2499
2494
2493
2530
2533
2493
2533
2498
2494
2499
2495
2500
2495
2499
2496
2502
2497
2503
2497
2502
2497
2503
2536
2497
2536
2531
2498
2533
2499
2534
2499
2533
2499
2534
2535
2499
2535
2500
2500
2504
2501
2505
2501
2504
2500
2535
2504
2540
2504
2535
2502
2506
2503
2507
2503
2506
2503
2507
2541
2503
2541
2536
2504
2509
2505
2510
2505
2509
2504
2540
2509
2545
2509
2540
2506
2511
2507
2512
2507
2511
2507
2512
2513
2507
2513
2508
2507
2508
2542
2507
2542
2541
2508
2513
2542
2546
2542
2513
2509
2516
2517
2509
2517
2510
2509
2545
2549
2509
2549
2516
2512
2518
2513
2519
2513
2518
2513
2519
2520
2513
2520
2514
2513
2514
2547
2513
2547
2546
2514
2520
2515
2521
2515
2520
2514
2515
2547
2548
2547
2515
2515
2521
2522
2515
2522
2516
2515
2516
2549
2515
2549
2548
2516
2522
2517
2523
2517
2522
2519
2550
2551
2519
2551
2520
2519
2524
2552
2519
2552
2550
2520
2525
2521
2526
2521
2525
2520
2551
2525
2553
2525
2551
2521
2526
2527
2521
2527
2522
2524
2525
2552
2553
2552
2525
2528
2531
2529
2532
2529
2531
2529
2532
2533
2529
2533
2530
2531
2536
2537
2531
2537
2532
2532
2537
2533
2538
2533
2537
2533
2538
2539
2533
2539
2534
2534
2539
2535
2540
2535
2539
2536
2541
2537
2542
2537
2541
2537
2542
2543
2537
2543
2538
2538
2543
2539
2544
2539
2543
2539
2544
2545
2539
2545
2540
2542
2554
2543
2555
2543
2554
2542
2546
2554
2556
2554
2546
2543
2547
2548
2543
2548
2544
2543
2555
2557
2543
2557
2547
2544
2548
2545
2549
2545
2548
2546
2547
2556
2557
2556
2547
2550
2552
2551
2553
2551
2552
2554
2556
2555
2557
2555
2556
